-12.5299997	69526	0.119999997	200	0	0
-12.507	69534.0078	0.104000002	200	0	0
-12.5089998	69533	0.104000002	200	0	0
-12.5279999	69532	0.144999996	200	0	0
-12.5229998	69532	0.123999998	200	0	0
-12.5240002	69531	0.145999998	200	0	0
-12.5240002	69531	0.101000004	200	0	0
-12.5150003	69530	0.148000002	200	0	0
-12.5270004	69530	0.123000003	200	0	0
-12.5340004	69528.0078	0.142000005	200	0	0
-12.5209999	69527	0.122000001	200	0	0
-12.5349998	69543	0.120999999	200	0	0
-12.5299997	69526	0.119999997	200	0	0
-12.5340004	69540.0078	0.143999994	200	0	0
-12.5200005	69541	0.123999998	200	0	0
-12.5229998	69540.0078	0.101000004	200	0	0
-12.5089998	69537	0.149000004	200	0	0
-12.5369997	69537	0.0989999995	200	0	0
-12.5150003	69538	0.103	200	0	0
-12.5200005	69537	0.123999998	200	0	0
-12.5310001	69552	0.100000001	200	0	0
-12.5430002	69552	0.119999997	200	0	0
-12.5319996	69551	0.122000001	200	0	0
-12.526	69549	0.0780000016	200	0	0
-12.5430002	69550	0.143000007	200	0	0
-12.5360003	69550	0.0989999995	200	0	0
-12.5360003	69548	0.0759999976	200	0	0
-12.5299997	69549	0.144999996	200	0	0
-12.5310001	69549	0.100000001	200	0	0
-12.5209999	69547	0.0790000036	200	0	0
-12.552	69548	0.141000003	200	0	0
-12.5360003	69548	0.0989999995	200	0	0
-12.5340004	69548	0.122000001	200	0	0
-12.5539999	69547	0.141000003	200	0	0
-12.5229998	69547	0.101000004	200	0	0
-12.5050001	69544	0.150000006	200	0	0
-12.5410004	69546	0.0979999974	200	0	0
-12.5360003	69546	0.143999994	200	0	0
-12.5209999	69546	0.123999998	200	0	0
-12.5279999	69545	0.145999998	200	0	0
-12.533	69545	0.0989999995	200	0	0
-12.526	69544	0.101000004	200	0	0
-12.5310001	69544	0.122000001	200	0	0
-12.5389996	69561	0.0759999976	200	0	0
-12.526	69561	0.123000003	200	0	0
-12.5240002	69560	0.145999998	200	0	0
-12.5279999	69558	0.0320000015	200	0	0
-12.526	69561	0.101000004	200	0	0
-12.5299997	69560	0.0769999996	200	0	0
-12.5279999	69560	0.100000001	200	0	0
-12.5319996	69556	0.0320000015	200	0	0
-12.5349998	69555	0.0309999995	200	0	0
-12.5200005	69559.0078	0.123999998	200	0	0
-12.5380001	69558	0.143999994	200	0	0
-12.5299997	69559.0078	0.0769999996	200	0	0
-12.5240002	69558	0.123999998	200	0	0
-12.5310001	69558	0.0769999996	200	0	0
-12.5159998	69558	0.103	200	0	0
-12.5299997	69557	0.123000003	200	0	0
-12.5229998	69557	0.0790000036	200	0	0
-12.533	69557	0.0989999995	200	0	0
-12.5480003	69554	0.142000005	200	0	0
-12.5200005	69556	0.0790000036	200	0	0
-12.5360003	69556	0.120999999	200	0	0
-12.5270004	69555	0.0780000016	200	0	0
-12.5340004	69555	0.122000001	200	0	0
-12.5369997	69554	0.0759999976	200	0	0
-12.533	69555	0.0989999995	200	0	0
-12.5179996	69553.0078	0.0799999982	200	0	0
-12.5340004	69553.0078	0.122000001	200	0	0
-12.5299997	69552	0.0769999996	200	0	0
-12.5229998	69554	0.101000004	200	0	0
-12.526	69553.0078	0.101000004	200	0	0
-12.5190001	69565.0078	-0.0109999999	200	0	0
-12.5290003	69568	0.00999999978	200	0	0
-12.507	69564	-0.00899999961	200	0	0
-12.5290003	69570	0.100000001	200	0	0
-12.5279999	69567	0.145999998	200	0	0
-12.5209999	69569	0.0340000018	200	0	0
-12.5380001	69569	0.120999999	200	0	0
-12.533	69567	0.00899999961	200	0	0
-12.5380001	69570	0.0759999976	200	0	0
-12.5080004	69566	0.0140000004	200	0	0
-12.533	69569	0.0989999995	200	0	0
-12.5369997	69568	0.120999999	200	0	0
-12.526	69568	0.0329999998	200	0	0
-12.5459995	69566	0.142000005	200	0	0
-12.5279999	69569	0.0780000016	200	0	0
-12.5349998	69565.0078	0.143999994	200	0	0
-12.5369997	69565.0078	0.00800000038	200	0	0
-12.5279999	69567	0.123000003	200	0	0
-12.5150003	69567	0.0350000001	200	0	0
-12.5150003	69564	0.0120000001	200	0	0
-12.5349998	69568	0.0989999995	200	0	0
-12.5299997	69563	0.144999996	200	0	0
-12.5360003	69568	0.0759999976	200	0	0
-12.5129995	69566	0.0350000001	200	0	0
-12.5170002	69567	0.103	200	0	0
-12.5299997	69566	0.123000003	200	0	0
-12.5360003	69562	0.143999994	200	0	0
-12.5240002	69562	0.0109999999	200	0	0
-12.5159998	69564	0.125	200	0	0
-12.5249996	69567	0.0780000016	200	0	0
-12.5319996	69565.0078	0.122000001	200	0	0
-12.5249996	69565.0078	0.0329999998	200	0	0
-12.5190001	69566	0.101999998	200	0	0
-12.5240002	69564	0.0329999998	200	0	0
-12.5270004	69566	0.0780000016	200	0	0
-12.5240002	69565.0078	0.101000004	200	0	0
-12.5410004	69563	0.120999999	200	0	0
-12.5120001	69565.0078	0.0810000002	200	0	0
-12.533	69562	0.122000001	200	0	0
-12.5120001	69563	0.104000002	200	0	0
-12.5270004	69564	0.101000004	200	0	0
-12.5270004	69564	0.0780000016	200	0	0
-12.54	69562	0.0979999974	200	0	0
-12.5299997	69563	0.0769999996	200	0	0
-12.54	69562	0.0759999976	200	0	0
-12.5439997	69570	0.143000007	200	0	0
-12.5459995	69570	0.119999997	200	0	0
-12.552	69569	0.141000003	200	0	0
-12.5310001	69564	0.189999998	200	0	0
-12.5190001	69574	0.0120000001	200	0	0
-12.5380001	69573	0.0309999995	200	0	0
-12.5190001	69573	0.0120000001	200	0	0
-12.5200005	69572	0.0340000018	200	0	0
-12.5270004	69573	-0.0130000003	200	0	0
-12.5450001	69572	0.00700000022	200	0	0
-12.5340004	69571	0.0309999995	200	0	0
-12.533	69570	0.0320000015	200	0	0
-12.5419998	69571	0.00700000022	200	0	0
-12.5229998	69571	-0.0120000001	200	0	0
-12.533	69570	0.00899999961	200	0	0
-12.5150003	69569	-0.00999999978	200	0	0
-12.5340004	69568	-0.0140000004	200	0	0
-12.5270004	69572	0.101000004	200	0	0
-12.526	69575	0.0780000016	200	0	0
-12.5139999	69577	0.0379999988	200	0	0
-12.5299997	69571	0.100000001	200	0	0
-12.5209999	69574	0.0790000036	200	0	0
-12.5249996	69577	0.0130000003	200	0	0
-12.5340004	69576	-0.0140000004	200	0	0
-12.5310001	69573	0.0769999996	200	0	0
-12.5360003	69576	0.0309999995	200	0	0
-12.5459995	69576	0.00600000005	200	0	0
-12.5290003	69572	0.0780000016	200	0	0
-12.5410004	69575	0.0299999993	200	0	0
-12.5299997	69571	0.0769999996	200	0	0
-12.5270004	69575	0.00999999978	200	0	0
-12.5229998	69574	0.0340000018	200	0	0
-12.5340004	69579	0.123999998	200	0	0
-12.5450001	69578.0078	0.144999996	200	0	0
-12.5380001	69579	0.0780000016	200	0	0
-12.5279999	69579	0.103	200	0	0
-12.5170002	69577	0.150000006	200	0	0
-12.5410004	69578.0078	0.123000003	200	0	0
-12.5249996	69578.0078	0.0810000002	200	0	0
-12.5240002	69578.0078	0.104000002	200	0	0
-12.5389996	69577	0.123000003	200	0	0
-12.5319996	69577	0.0790000036	200	0	0
-12.526	69577	0.103	200	0	0
-12.5249996	69575	0.145999998	200	0	0
-12.5319996	69576	0.122000001	200	0	0
-12.5279999	69576	0.0780000016	200	0	0
-12.5439997	69574	0.143000007	200	0	0
-12.5279999	69576	0.101000004	200	0	0
-12.5419998	69575	0.120999999	200	0	0
-12.5389996	69575	0.0989999995	200	0	0
-12.5439997	69574	0.119999997	200	0	0
-12.5509996	69574	0.0960000008	200	0	0
-12.5310001	69573	0.123000003	200	0	0
-12.533	69573	0.100000001	200	0	0
-12.5369997	69572	0.120999999	200	0	0
-12.526	69578.0078	0.0130000003	200	0	0
-12.5200005	69578.0078	0.0359999985	200	0	0
-12.5349998	69581	0.0810000002	200	0	0
-12.5340004	69583	0.0359999985	200	0	0
-12.5450001	69583	0.0109999999	200	0	0
-12.5299997	69580	0.0820000023	200	0	0
-12.5509996	69582	0.00999999978	200	0	0
-12.5220003	69582	0.0379999988	200	0	0
-12.5290003	69581	0.0370000005	200	0	0
-12.5430002	69581	0.0109999999	200	0	0
-12.5200005	69580	0.0390000008	200	0	0
-12.5410004	69579	0.0320000015	200	0	0
-12.5369997	69579	0.00999999978	200	0	0
-12.5640001	69580	0.143999994	200	0	0
-12.5500002	69581	0.123999998	200	0	0
-12.5340004	69581	0.104000002	200	0	0
-12.5389996	69580	0.126000002	200	0	0
-12.5369997	69580	0.103	200	0	0
-12.5170002	69584.0078	0.0419999994	200	0	0
-12.559	69581	0.144999996	200	0	0
-12.5310001	69584.0078	0.107000001	200	0	0
-12.5310001	69583	0.127000004	200	0	0
-12.5319996	69584.0078	0.0839999989	200	0	0
-12.5369997	69582	0.126000002	200	0	0
-12.5299997	69583	0.104999997	200	0	0
-12.5340004	69583	0.0820000023	200	0	0
-12.5430002	69582	0.101999998	200	0	0
-12.5380001	69582	0.0810000002	200	0	0
-12.5539999	69586	0.0350000001	200	0	0
-12.5369997	69585	0.0829999968	200	0	0
-12.5220003	69586	0.0179999992	200	0	0
-12.526	69585	-0.00499999989	200	0	0
-12.5450001	69584.0078	-0.00899999961	200	0	0
-12.5459995	69585	0.0359999985	200	0	0
-12.533	69585	0.0160000008	200	0	0
-12.5360003	69584.0078	0.0149999997	200	0	0
-12.5319996	69586	-0.00700000022	200	0	0
-12.5410004	69588	0.0850000009	200	0	0
-12.5419998	69588	0.107000001	200	0	0
-12.5489998	69588	0.128000006	200	0	0
-12.5310001	69587	0.0869999975	200	0	0
-12.5410004	69586	0.0820000023	200	0	0
-12.5349998	69587	0.108000003	200	0	0
-12.5319996	69587	0.131999999	200	0	0
-12.5489998	69586	0.104000002	200	0	0
-12.5469999	69586	0.127000004	200	0	0
-12.5360003	69585	0.105999999	200	0	0
-12.5410004	69585	0.128000006	200	0	0
-12.5539999	69582	0.145999998	200	0	0
-12.5290003	69588	0.0419999994	200	0	0
-12.5410004	69587	0.0390000008	200	0	0
-12.5380001	69587	-0.00600000005	200	0	0
-12.54	69587	0.0170000009	200	0	0
-12.5270004	69590.0078	0.0419999994	200	0	0
-12.5360003	69588	0.0179999992	200	0	0
-12.5430002	69590.0078	0.107000001	200	0	0
-12.5509996	69590.0078	0.0829999968	200	0	0
-12.5279999	69589	0.0419999994	200	0	0
-12.5419998	69589	0.107000001	200	0	0
-12.5290003	69589	0.0869999975	200	0	0
-12.5380001	69592	-0.00700000022	200	0	0
-12.54	69591	0.0850000009	200	0	0
-12.5299997	69592	0.0170000009	200	0	0
-12.5410004	69592	0.0370000005	200	0	0
-12.5509996	69590.0078	-0.00800000038	200	0	0
-12.5500002	69591	0.0149999997	200	0	0
-12.5299997	69591	0.0419999994	200	0	0
-12.533	69590.0078	0.0179999992	200	0	0
-12.5299997	69589	-0.00400000019	200	0	0
-12.552	69589	0.0140000004	200	0	0
-12.54	69588	-0.00600000005	200	0	0
-12.5509996	69589	0.150999993	200	0	0
-12.5600004	69590.0078	0.149000004	200	0	0
-12.5500002	69590.0078	0.128000006	200	0	0
-12.5450001	69591	0.107000001	200	0	0
-12.5389996	69592	0.0829999968	200	0	0
-12.533	69593	0.0390000008	200	0	0
-12.5299997	69594	0.104999997	200	0	0
-12.5530005	69593	0.126000002	200	0	0
-12.5349998	69593	0.0839999989	200	0	0
-12.5410004	69593	0.104999997	200	0	0
-12.5509996	69592	0.126000002	200	0	0
-12.54	69592	0.105999999	200	0	0
-12.5500002	69591	0.128000006	200	0	0
-12.5299997	69594	0.0829999968	200	0	0
-12.5340004	69595	0.0140000004	200	0	0
-12.5439997	69595	0.0350000001	200	0	0
-12.5349998	69594	0.0140000004	200	0	0
-12.533	69593	-0.00700000022	200	0	0
-12.5279999	69594	0.0379999988	200	0	0
-12.5469999	69594	0.125	200	0	0
-12.5500002	69595	-0.0120000001	200	0	0
-12.5430002	69597	0.126000002	200	0	0
-12.5439997	69596	0.0350000001	200	0	0
-12.5600004	69595	0.144999996	200	0	0
-12.5319996	69597	0.104999997	200	0	0
-12.5290003	69597	0.0829999968	200	0	0
-12.5459995	69596	0.0799999982	200	0	0
-12.5349998	69595	0.104000002	200	0	0
-12.5419998	69595	0.0799999982	200	0	0
-12.559	69596	0.144999996	200	0	0
-12.5439997	69597	0.0120000001	200	0	0
-12.5200005	69597	0.0390000008	200	0	0
-12.5340004	69596	0.0140000004	200	0	0
-12.5410004	69599	0.0810000002	200	0	0
-12.5360003	69599	0.0140000004	200	0	0
-12.54	69599	0.0359999985	200	0	0
-12.5380001	69598	0.0810000002	200	0	0
-12.54	69598	0.0130000003	200	0	0
-12.5279999	69597	-0.00800000038	200	0	0
-12.5369997	69598	0.0359999985	200	0	0
-12.5579996	69599	0.123000003	200	0	0
-12.5459995	69599	0.101999998	200	0	0
-12.5459995	69598	0.125	200	0	0
-12.5430002	69598	0.103	200	0	0
-12.5450001	69601	0.0120000001	200	0	0
-12.5489998	69600	0.0340000018	200	0	0
-12.5480003	69600	0.125	200	0	0
-12.5550003	69600	0.101000004	200	0	0
-12.5480003	69600	0.0790000036	200	0	0
-12.5200005	69601	0.0390000008	200	0	0
-12.5430002	69601	0.0799999982	200	0	0
-12.5559998	69601	0.123000003	200	0	0
-12.5389996	69601	0.104000002	200	0	0
-12.5340004	69602	0.0820000023	200	0	0
-12.5380001	69603.0078	0.0810000002	200	0	0
-12.533	69603.0078	0.127000004	200	0	0
-12.5489998	69603.0078	0.101999998	200	0	0
-12.54	69602	0.104000002	200	0	0
-12.5489998	69603.0078	0.0340000018	200	0	0
-12.5459995	69604	0.125	200	0	0
-12.552	69606	0.0989999995	200	0	0
-12.54	69605	0.0790000036	200	0	0
-12.5489998	69606	0.144999996	200	0	0
-12.5439997	69605	0.101000004	200	0	0
-12.5360003	69605	0.147	200	0	0
-12.5360003	69604	0.0820000023	200	0	0
-12.5279999	69605	0.126000002	200	0	0
-12.5480003	69604	0.101999998	200	0	0
-12.5530005	69604	0.145999998	200	0	0
-12.5570002	69606	0.0759999976	200	0	0
-12.5450001	69608	0.120999999	200	0	0
-12.5430002	69608	0.0989999995	200	0	0
-12.5539999	69607	0.119000003	200	0	0
-12.5509996	69607	0.0970000029	200	0	0
-12.5310001	69607	0.0790000036	200	0	0
-12.5649996	69607	0.140000001	200	0	0
-12.5469999	69609.0078	0.075000003	200	0	0
-12.5419998	69609.0078	0.0989999995	200	0	0
-12.5430002	69609.0078	0.143999994	200	0	0
-12.5509996	69609.0078	0.119999997	200	0	0
-12.5880003	69608	0.180999994	200	0	0
-12.5609999	69610	0.143000007	200	0	0
-12.5419998	69610	0.123999998	200	0	0
-12.5439997	69611	0.101000004	200	0	0
-12.54	69611	0.0790000036	200	0	0
-12.5380001	69613	0.0790000036	200	0	0
-12.5430002	69612	0.101000004	200	0	0
-12.5530005	69611	0.122000001	200	0	0
-12.5550003	69613	0.0989999995	200	0	0
-12.5550003	69613	0.143999994	200	0	0
-12.5380001	69613	0.125	200	0	0
-12.533	69615.0078	0.0799999982	200	0	0
-12.5550003	69615.0078	0.122000001	200	0	0
-12.5340004	69615.0078	0.103	200	0	0
-12.5600004	69614	0.120999999	200	0	0
-12.5500002	69614	0.100000001	200	0	0
-12.5830002	69614	0.184	200	0	0
-12.5509996	69615.0078	0.144999996	200	0	0
-12.5419998	69617	0.0790000036	200	0	0
-12.5310001	69617	0.149000004	200	0	0
-12.552	69617	0.0989999995	200	0	0
-12.5469999	69617	0.123000003	200	0	0
-12.5579996	69616	0.120999999	200	0	0
-12.559	69618	0.0979999974	200	0	0
-12.5439997	69619	0.101000004	200	0	0
-12.5609999	69618	0.119999997	200	0	0
-12.5509996	69618	0.144999996	200	0	0
-12.5679998	69619	0.142000005	200	0	0
-12.5389996	69620	0.123999998	200	0	0
-12.5500002	69620	0.100000001	200	0	0
-12.5459995	69620	0.145999998	200	0	0
-12.5670004	69622	0.074000001	200	0	0
-12.5539999	69621	0.122000001	200	0	0
-12.54	69621	0.0790000036	200	0	0
-12.5640001	69621	0.142000005	200	0	0
-12.5439997	69622	0.145999998	200	0	0
-12.559	69624	0.0979999974	200	0	0
-12.5539999	69624	0.0759999976	200	0	0
-12.5500002	69623	0.123000003	200	0	0
-12.5389996	69623	0.101999998	200	0	0
-12.5489998	69623	0.0769999996	200	0	0
-12.5459995	69624	0.123000003	200	0	0
-12.5439997	69626	0.122000001	200	0	0
-12.5450001	69625	0.120999999	200	0	0
-12.5459995	69625	0.0979999974	200	0	0
-12.5690002	69626	0.138999999	200	0	0
-12.5530005	69627	0.118000001	200	0	0
-12.5559998	69628.0078	0.140000001	200	0	0
-12.5649996	69628.0078	0.0700000003	200	0	0
-12.5600004	69628.0078	0.115999997	200	0	0
-12.5360003	69627	0.143999994	200	0	0
-12.5459995	69628.0078	0.0960000008	200	0	0
-12.5500002	69629	0.115999997	200	0	0
-12.5430002	69631	0.0930000022	200	0	0
-12.5410004	69631	0.0700000003	200	0	0
-12.5550003	69630	0.115000002	200	0	0
-12.526	69630	0.0759999976	200	0	0
-12.5450001	69630	0.0939999968	200	0	0
-12.5629997	69630	0.136000007	200	0	0
-12.5480003	69631	0.115000002	200	0	0
-12.5719995	69631	0.133000001	200	0	0
-12.5579996	69633	0.135000005	200	0	0
-12.5670004	69633	0.0659999996	200	0	0
-12.5430002	69633	0.115999997	200	0	0
-12.5439997	69633	0.0930000022	200	0	0
-12.5539999	69632	0.114	200	0	0
-12.559	69632	0.0900000036	200	0	0
-12.5550003	69635	0.0879999995	200	0	0
-12.5360003	69634.0078	0.0719999969	200	0	0
-12.5459995	69635	0.112999998	200	0	0
-12.5419998	69634.0078	0.0930000022	200	0	0
-12.5489998	69634.0078	0.114	200	0	0
-12.5469999	69635	0.0670000017	200	0	0
-12.5419998	69636	0.0909999982	200	0	0
-12.5439997	69636	0.136000007	200	0	0
-12.5600004	69636	0.109999999	200	0	0
-12.5500002	69637	0.112000003	200	0	0
-12.5550003	69637	0.134000003	200	0	0
-12.5480003	69637	0.0900000036	200	0	0
-12.5469999	69637	0.0670000017	200	0	0
-12.5629997	69636	0.064000003	200	0	0
-12.5389996	69634.0078	0.0260000005	200	0	0
-12.5450001	69638	0.0900000036	200	0	0
-12.5410004	69638	0.114	200	0	0
-12.5459995	69640.0078	0.112999998	200	0	0
-12.5310001	69639	0.0700000003	200	0	0
-12.5600004	69639	0.109999999	200	0	0
-12.5740004	69638	0.061999999	200	0	0
-12.552	69639	0.0890000015	200	0	0
-12.5439997	69642	0.112999998	200	0	0
-12.5459995	69641	0.0900000036	200	0	0
-12.5740004	69642	0.129999995	200	0	0
-12.5550003	69641	0.134000003	200	0	0
-12.54	69642	0.0909999982	200	0	0
-12.5450001	69642	0.0680000037	200	0	0
-12.5469999	69641	0.0670000017	200	0	0
-12.5299997	69644	0.115999997	200	0	0
-12.5550003	69644	0.0659999996	200	0	0
-12.54	69644	0.0909999982	200	0	0
-12.5410004	69643	0.0680000037	200	0	0
-12.559	69643	0.109999999	200	0	0
-12.5459995	69643	0.0900000036	200	0	0
-12.5629997	69645	0.109999999	200	0	0
-12.5489998	69645	0.0670000017	200	0	0
-12.5550003	69645	0.0879999995	200	0	0
-12.5489998	69646	0.0890000015	200	0	0
-12.5410004	69646	0.114	200	0	0
-12.5389996	69646	0.0689999983	200	0	0
-12.5649996	69647	0.108999997	200	0	0
-12.5500002	69647	0.0659999996	200	0	0
-12.5500002	69649	0.135000005	200	0	0
-12.5430002	69649	0.0909999982	200	0	0
-12.5389996	69648	0.0689999983	200	0	0
-12.552	69649	0.112000003	200	0	0
-12.5570002	69648	0.0879999995	200	0	0
-12.5469999	69648	0.112000003	200	0	0
-12.5310001	69647	0.0250000004	200	0	0
-12.5509996	69651	0.0890000015	200	0	0
-12.5480003	69650	0.0670000017	200	0	0
-12.5419998	69651	0.112999998	200	0	0
-12.5310001	69650	0.0930000022	200	0	0
-12.5380001	69649	0.0689999983	200	0	0
-12.5539999	69650	0.111000001	200	0	0
-12.5389996	69649	0.023	200	0	0
-12.5310001	69651	0.0700000003	200	0	0
-12.5459995	69650	0.0219999999	200	0	0
-12.5500002	69652	0.0659999996	200	0	0
-12.5500002	69653.0078	0.112000003	200	0	0
-12.5620003	69652	0.131999999	200	0	0
-12.5579996	69652	0.109999999	200	0	0
-12.5349998	69651	0.00100000005	200	0	0
-12.5640001	69653.0078	0.0860000029	200	0	0
-12.5469999	69652	0.0219999999	200	0	0
-12.5270004	69650	0.00300000003	200	0	0
-12.5600004	69653.0078	0.0649999976	200	0	0
-12.5550003	69651	0.0199999996	200	0	0
-12.5609999	69655	0.109999999	200	0	0
-12.5389996	69654	0.114	200	0	0
-12.5649996	69654	0.0860000029	200	0	0
-12.5719995	69654	0.129999995	200	0	0
-12.5410004	69652	0	200	0	0
-12.5459995	69653.0078	0.0219999999	200	0	0
-12.54	69654	0.0680000037	200	0	0
-12.5369997	69655	0.0689999983	200	0	0
-12.5579996	69655	0.0879999995	200	0	0
-12.5450001	69653.0078	-0.00100000005	200	0	0
-12.5430002	69654	0.0219999999	200	0	0
-12.5469999	69656	0.0900000036	200	0	0
-12.5489998	69656	0.112000003	200	0	0
-12.5349998	69654	0.00100000005	200	0	0
-12.5459995	69655	0.0219999999	200	0	0
-12.5430002	69656	0.0680000037	200	0	0
-12.5600004	69657	0.109999999	200	0	0
-12.5450001	69656	0.0219999999	200	0	0
-12.5450001	69658	0.0670000017	200	0	0
-12.5489998	69658	0.0890000015	200	0	0
-12.5509996	69657	0.0659999996	200	0	0
-12.5369997	69655	0.00100000005	200	0	0
-12.5570002	69655	-0.0260000005	200	0	0
-12.54	69653.0078	-0.0219999999	200	0	0
-12.5509996	69658	0.0209999997	200	0	0
-12.5380001	69660	0.0689999983	200	0	0
-12.552	69660	0.111000001	200	0	0
-12.559	69657	0.0189999994	200	0	0
-12.5609999	69659.0078	0.131999999	200	0	0
-12.5360003	69659.0078	0.0689999983	200	0	0
-12.552	69659.0078	0.111000001	200	0	0
-12.5539999	69659.0078	0.0879999995	200	0	0
-12.552	69657	-0.00200000009	200	0	0
-12.54	69658	0	200	0	0
-12.5319996	69657	-0.0209999997	200	0	0
-12.552	69656	-0.0250000004	200	0	0
-12.5459995	69659.0078	0.0219999999	200	0	0
-12.5579996	69659.0078	-0.00300000003	200	0	0
-12.5550003	69658	-0.0250000004	200	0	0
-12.5509996	69662	0.0659999996	200	0	0
-12.5419998	69661	0.0909999982	200	0	0
-12.5550003	69660	0.0199999996	200	0	0
-12.5480003	69661	0.0670000017	200	0	0
-12.5389996	69662	0.114	200	0	0
-12.5620003	69661	0.109999999	200	0	0
-12.5690002	69658	-0.050999999	200	0	0
-12.533	69660	-0.0209999997	200	0	0
-12.5349998	69660	0.00100000005	200	0	0
-12.5509996	69659.0078	-0.0250000004	200	0	0
-12.5469999	69661	-0.00100000005	200	0	0
-12.5509996	69661	0.0209999997	200	0	0
-12.5349998	69663	0.0689999983	200	0	0
-12.5469999	69664	0.0890000015	200	0	0
-12.5620003	69664	0.108999997	200	0	0
-12.5550003	69663	0.0879999995	200	0	0
-12.5570002	69663	0.109999999	200	0	0
-12.5340004	69661	-0.0209999997	200	0	0
-12.5500002	69663	0.0209999997	200	0	0
-12.5489998	69662	-0.00200000009	200	0	0
-12.5430002	69662	0.0219999999	200	0	0
-12.5570002	69664	0.0649999976	200	0	0
-12.5430002	69663	0	200	0	0
-12.5380001	69662	-0.0219999999	200	0	0
-12.5459995	69665.0078	0.0670000017	200	0	0
-12.5500002	69665.0078	0.0890000015	200	0	0
-12.5649996	69665.0078	0.130999997	200	0	0
-12.552	69664	0.0199999996	200	0	0
-12.5609999	69666	0.0869999975	200	0	0
-12.5410004	69666	0.112999998	200	0	0
-12.5430002	69666	0.0219999999	200	0	0
-12.5290003	69665.0078	0.00200000009	200	0	0
-12.552	69664	-0.0250000004	200	0	0
-12.5550003	69665.0078	0.0199999996	200	0	0
-12.5439997	69668	0.0670000017	200	0	0
-12.5469999	69667	0.0890000015	200	0	0
-12.5570002	69667	0.0649999976	200	0	0
-12.5600004	69666	0.064000003	200	0	0
-12.5459995	69667	0.112000003	200	0	0
-12.5480003	69667	-0.00100000005	200	0	0
-12.5310001	69665.0078	-0.0209999997	200	0	0
-12.54	69666	0	200	0	0
-12.5699997	69669	0.061999999	200	0	0
-12.5530005	69669	0.0879999995	200	0	0
-12.5459995	69668	0.0219999999	200	0	0
-12.5419998	69668	0.0900000036	200	0	0
-12.5380001	69669	0.114	200	0	0
-12.5749998	69668	0.129999995	200	0	0
-12.559	69667	-0.0260000005	200	0	0
-12.5480003	69669	0.0209999997	200	0	0
-12.5489998	69668	-0.00200000009	200	0	0
-12.5469999	69668	-0.0240000002	200	0	0
-12.5430002	69669	0	200	0	0
-12.5500002	69671	0.0890000015	200	0	0
-12.5539999	69670	0.0199999996	200	0	0
-12.5570002	69670	0.109999999	200	0	0
-12.5469999	69671	0.0670000017	200	0	0
-12.5570002	69670	0.0879999995	200	0	0
-12.5489998	69670	0.0659999996	200	0	0
-12.5629997	69671	0.108999997	200	0	0
-12.5340004	69671	0.136999995	200	0	0
-12.5640001	69672	0.0860000029	200	0	0
-12.5500002	69671	0.0209999997	200	0	0
-12.5349998	69672	0.0689999983	200	0	0
-12.5480003	69673	0.112000003	200	0	0
-12.54	69673	0.0680000037	200	0	0
-12.5579996	69672	0.133000001	200	0	0
-12.5480003	69673	0.0890000015	200	0	0
-12.5679998	69672	0.108000003	200	0	0
-12.5509996	69673	0.134000003	200	0	0
-12.5489998	69673	0.0209999997	200	0	0
-12.5430002	69671	-0.023	200	0	0
-12.5640001	69672	0.0179999992	200	0	0
-12.5649996	69671	-0.00499999989	200	0	0
-12.5640001	69674	0.0860000029	200	0	0
-12.5389996	69674	0.0680000037	200	0	0
-12.552	69675	0.0890000015	200	0	0
-12.5699997	69674	0.129999995	200	0	0
-12.5500002	69675	0.112000003	200	0	0
-12.552	69675	0.134000003	200	0	0
-12.5550003	69674	0.0199999996	200	0	0
-12.5559998	69676	0.0199999996	200	0	0
-12.5579996	69677	0.0869999975	200	0	0
-12.5459995	69677	0.0670000017	200	0	0
-12.5530005	69676	0.0879999995	200	0	0
-12.5419998	69676	0.0680000037	200	0	0
-12.54	69678.0078	0.0909999982	200	0	0
-12.566	69677	0.108999997	200	0	0
-12.5530005	69677	0.0199999996	200	0	0
-12.5570002	69678.0078	0.0649999976	200	0	0
-12.5469999	69678.0078	0.112000003	200	0	0
-12.5550003	69677	0.133000001	200	0	0
-12.5649996	69678.0078	-0.00499999989	200	0	0
-12.573	69678.0078	0.0160000008	200	0	0
-12.5550003	69680	0.0649999976	200	0	0
-12.5559998	69680	0.109999999	200	0	0
-12.5670004	69679	0.130999997	200	0	0
-12.5579996	69680	0.0869999975	200	0	0
-12.5690002	69679	0.108000003	200	0	0
-12.5430002	69679	0.0670000017	200	0	0
-12.5480003	69679	0.0890000015	200	0	0
-12.5830002	69679	0.0140000004	200	0	0
-12.5670004	69679	-0.00499999989	200	0	0
-12.566	69680	0.130999997	200	0	0
-12.559	69681	0.112000003	200	0	0
-12.5459995	69681	0.0689999983	200	0	0
-12.552	69681	0.0900000036	200	0	0
-12.5480003	69680	-0.00200000009	200	0	0
-12.54	69680	0.023	200	0	0
-12.5539999	69682	0.0700000003	200	0	0
-12.5749998	69682	0.134000003	200	0	0
-12.5419998	69682	0.0949999988	200	0	0
-12.552	69682	0.115000002	200	0	0
-12.5640001	69681	0.134000003	200	0	0
-12.5480003	69681	0.023	200	0	0
-12.5649996	69682	-0.00100000005	200	0	0
-12.5559998	69681	-0.0240000002	200	0	0
-12.5539999	69682	0.0240000002	200	0	0
-12.5459995	69683	0.119000003	200	0	0
-12.5439997	69683	0.074000001	200	0	0
-12.5699997	69683	0.0909999982	200	0	0
-12.5459995	69683	0.0280000009	200	0	0
-12.5489998	69684.0078	0.119999997	200	0	0
-12.5609999	69683	0.137999997	200	0	0
-12.5489998	69684.0078	0.075000003	200	0	0
-12.5489998	69684.0078	0.0970000029	200	0	0
-12.5530005	69684.0078	0.142000005	200	0	0
-12.566	69685	0.00300000003	200	0	0
-12.5740004	69685	0.0240000002	200	0	0
-12.5550003	69684.0078	0.0280000009	200	0	0
-12.5710001	69685	0.137999997	200	0	0
-12.5570002	69686	0.118000001	200	0	0
-12.5769997	69686	0.0689999983	200	0	0
-12.5670004	69686	0.0939999968	200	0	0
-12.5539999	69685	0.074000001	200	0	0
-12.5559998	69685	0.0960000008	200	0	0
-12.5310001	69686	0.0329999998	200	0	0
-12.5579996	69687	0.118000001	200	0	0
-12.5509996	69686	0.142000005	200	0	0
-12.5500002	69687	0.074000001	200	0	0
-12.5480003	69687	0.0970000029	200	0	0
-12.5579996	69686	0.00499999989	200	0	0
-12.552	69687	0.0289999992	200	0	0
-12.5419998	69687	0.143999994	200	0	0
-12.5539999	69688	0.119000003	200	0	0
-12.5480003	69689	0.0989999995	200	0	0
-12.5459995	69689	0.0320000015	200	0	0
-12.5450001	69689	0.0769999996	200	0	0
-12.5530005	69688	0.0280000009	200	0	0
-12.566	69688	0.0939999968	200	0	0
-12.5450001	69688	0.075000003	200	0	0
-12.5600004	69689	0.142000005	200	0	0
-12.5480003	69689	0.122000001	200	0	0
-12.5489998	69690.0078	0.074000001	200	0	0
-12.5810003	69690.0078	0.136000007	200	0	0
-12.5539999	69690.0078	0.0960000008	200	0	0
-12.5649996	69690.0078	0.116999999	200	0	0
-12.5530005	69690.0078	0.0280000009	200	0	0
-12.5559998	69689	0.00700000022	200	0	0
-12.552	69691	0.0309999995	200	0	0
-12.5570002	69691	0.0979999974	200	0	0
-12.5579996	69691	0.075000003	200	0	0
-12.54	69691	0.145999998	200	0	0
-12.5719995	69691	0.118000001	200	0	0
-12.5270004	69690.0078	-0.0120000001	200	0	0
-12.5629997	69691	0.00600000005	200	0	0
-12.5489998	69692	0.0769999996	200	0	0
-12.5679998	69692	0.0960000008	200	0	0
-12.5600004	69692	0.142000005	200	0	0
-12.5640001	69692	0.119000003	200	0	0
-12.5620003	69692	0.00600000005	200	0	0
-12.559	69692	0.0289999992	200	0	0
-12.5640001	69693	0.0960000008	200	0	0
-12.5509996	69693	0.120999999	200	0	0
-12.5469999	69694	0.0769999996	200	0	0
-12.5550003	69693	0.075000003	200	0	0
-12.5489998	69694	0.0989999995	200	0	0
-12.5509996	69694	0.0309999995	200	0	0
-12.5299997	69693	-0.0109999999	200	0	0
-12.5609999	69693	0.0289999992	200	0	0
-12.5439997	69693	0.00899999961	200	0	0
-12.559	69694	0.119999997	200	0	0
-12.5679998	69694	0.141000003	200	0	0
-12.5790005	69695	0.138999999	200	0	0
-12.5550003	69695	0.0979999974	200	0	0
-12.559	69695	0.119999997	200	0	0
-12.5600004	69695	0.0289999992	200	0	0
-12.559	69695	0.074000001	200	0	0
-12.5620003	69696	0.142000005	200	0	0
-12.5670004	69696	0.0960000008	200	0	0
-12.5500002	69696	0.120999999	200	0	0
-12.5500002	69696	0.0309999995	200	0	0
-12.5640001	69696	0.074000001	200	0	0
-12.5690002	69695	0.00400000019	200	0	0
-12.5430002	69696	0.00899999961	200	0	0
-12.552	69697	0.0759999976	200	0	0
-12.5679998	69697	0.141000003	200	0	0
-12.5469999	69697	0.0989999995	200	0	0
-12.559	69697	0.119999997	200	0	0
-12.5710001	69698	0.116999999	200	0	0
-12.5579996	69698	0.074000001	200	0	0
-12.5579996	69698	0.0970000029	200	0	0
-12.5439997	69698	0.0320000015	200	0	0
-12.5439997	69697	0.0320000015	200	0	0
-12.5710001	69698	0.140000001	200	0	0
-12.552	69699	0.0960000008	200	0	0
-12.5509996	69699	0.0729999989	200	0	0
-12.5480003	69699	0.0280000009	200	0	0
-12.5550003	69699	-0.0179999992	200	0	0
-12.5530005	69700	0.00499999989	200	0	0
-12.5629997	69700	0.0260000005	200	0	0
-12.5640001	69700	0.138999999	200	0	0
-12.5439997	69700	0.075000003	200	0	0
-12.5530005	69700	0.118000001	200	0	0
-12.5649996	69700	0.0930000022	200	0	0
-12.5640001	69701	0.115999997	200	0	0
-12.5719995	69701	0.0689999983	200	0	0
-12.5629997	69701	0.0939999968	200	0	0
-12.5609999	69701	0.0260000005	200	0	0
-12.5719995	69702	0.136999995	200	0	0
-12.5469999	69702	0.119000003	200	0	0
-12.5570002	69702	0.0719999969	200	0	0
-12.5649996	69703.0078	0.115999997	200	0	0
-12.5509996	69702	0.0280000009	200	0	0
-12.5670004	69703.0078	0.0700000003	200	0	0
-12.5430002	69703.0078	0.0970000029	200	0	0
-12.5509996	69703.0078	0.141000003	200	0	0
-12.552	69703.0078	0.0280000009	200	0	0
-12.5559998	69702	0.00400000019	200	0	0
-12.599	69702	0.178000003	200	0	0
-12.5550003	69704	0.140000001	200	0	0
-12.5559998	69704	0.0719999969	200	0	0
-12.5530005	69704	0.0949999988	200	0	0
-12.5469999	69704	0.0280000009	200	0	0
-12.5439997	69705	0.119999997	200	0	0
-12.5439997	69705	0.142000005	200	0	0
-12.5500002	69705	0.0729999989	200	0	0
-12.5620003	69705	0.0939999968	200	0	0
-12.5469999	69705	0.0280000009	200	0	0
-12.552	69706	0.118000001	200	0	0
-12.5719995	69706	0.0689999983	200	0	0
-12.5609999	69706	0.0939999968	200	0	0
-12.552	69706	0.141000003	200	0	0
-12.5629997	69707	0.0939999968	200	0	0
-12.5539999	69706	0.0270000007	200	0	0
-12.573	69707	0.0689999983	200	0	0
-12.5550003	69707	0.0270000007	200	0	0
-12.5690002	69708	0.115000002	200	0	0
-12.5439997	69708	0.075000003	200	0	0
-12.5719995	69708	0.0920000002	200	0	0
-12.5609999	69708	0.0260000005	200	0	0
-12.5439997	69709.0078	0.119999997	200	0	0
-12.5509996	69708	0.186000004	200	0	0
-12.5749998	69709.0078	0.136999995	200	0	0
-12.566	69708	0.137999997	200	0	0
-12.5500002	69709.0078	0.0729999989	200	0	0
-12.5640001	69710	0.0930000022	200	0	0
-12.5640001	69710	0.115999997	200	0	0
-12.5530005	69710	0.0729999989	200	0	0
-12.5530005	69711	0.118000001	200	0	0
-12.5649996	69711	0.0930000022	200	0	0
-12.566	69712	0.0909999982	200	0	0
-12.5600004	69712	0.136999995	200	0	0
-12.5670004	69712	0.112999998	200	0	0
-12.5679998	69713	0.112999998	200	0	0
-12.5620003	69713	0.136999995	200	0	0
-12.566	69713	0.0909999982	200	0	0
-12.573	69713	0.0659999996	200	0	0
-12.5620003	69714	0.0909999982	200	0	0
-12.5430002	69714	0.140000001	200	0	0
-12.5600004	69714	0.114	200	0	0
-12.5480003	69713	0.184	200	0	0
-12.552	69714	0.0700000003	200	0	0
-12.5480003	69715.0078	0.0920000002	200	0	0
-12.5710001	69715.0078	0.133000001	200	0	0
-12.5570002	69715.0078	0.112999998	200	0	0
-12.5500002	69715.0078	0.181999996	200	0	0
-12.5649996	69716	0.134000003	200	0	0
-12.559	69716	0.0670000017	200	0	0
-12.5480003	69716	0.114	200	0	0
-12.552	69716	0.0909999982	200	0	0
-12.566	69715.0078	0.0199999996	200	0	0
-12.5539999	69716	0.0219999999	200	0	0
-12.559	69717	0.0890000015	200	0	0
-12.5740004	69717	0.131999999	200	0	0
-12.5629997	69717	0.111000001	200	0	0
-12.5539999	69718	0.0900000036	200	0	0
-12.5710001	69718	0.131999999	200	0	0
-12.5450001	69716	0.181999996	200	0	0
-12.5489998	69718	0.114	200	0	0
-12.5550003	69718	0.0670000017	200	0	0
-12.5579996	69719	0.135000005	200	0	0
-12.5530005	69719	0.112999998	200	0	0
-12.566	69719	0.0879999995	200	0	0
-12.5410004	69720	0.0900000036	200	0	0
-12.5570002	69720	0.133000001	200	0	0
-12.5579996	69720	0.109999999	200	0	0
-12.566	69720	0.063000001	200	0	0
-12.5389996	69721	0.0680000037	200	0	0
-12.5530005	69721	0.111000001	200	0	0
-12.5550003	69721	0.0879999995	200	0	0
-12.5670004	69722	0.0850000009	200	0	0
-12.5699997	69722	0.129999995	200	0	0
-12.552	69722	0.0659999996	200	0	0
-12.5550003	69723	0.133000001	200	0	0
-12.5500002	69723	0.111000001	200	0	0
-12.5620003	69723	0.0860000029	200	0	0
-12.559	69723	0.178000003	200	0	0
-12.5509996	69724	0.131999999	200	0	0
-12.5620003	69724	0.0610000007	200	0	0
-12.566	69724	0.105999999	200	0	0
-12.5509996	69724	0.0860000029	200	0	0
-12.5860004	69725	0.170000002	200	0	0
-12.559	69725	0.107000001	200	0	0
-12.5640001	69725	0.128999993	200	0	0
-12.5629997	69725	0.0839999989	200	0	0
-12.559	69726	0.107000001	200	0	0
-12.5480003	69726	0.0869999975	200	0	0
-12.5679998	69727	0.128000006	200	0	0
-12.5509996	69727	0.064000003	200	0	0
-12.5620003	69727	0.107000001	200	0	0
-12.5489998	69727	0.0869999975	200	0	0
-12.5690002	69727	0.173999995	200	0	0
-12.5570002	69729	0.135000005	200	0	0
-12.5500002	69728.0078	0.111000001	200	0	0
-12.5530005	69729	0.0670000017	200	0	0
-12.552	69729	0.0900000036	200	0	0
-12.5570002	69730	0.134000003	200	0	0
-12.5629997	69730	0.0879999995	200	0	0
-12.552	69731	0.0920000002	200	0	0
-12.5550003	69731	0.136999995	200	0	0
-12.5559998	69729	0.180000007	200	0	0
-12.5579996	69732	0.114	200	0	0
-12.5450001	69732	0.138999999	200	0	0
-12.5710001	69732	0.0890000015	200	0	0
-12.5489998	69732	0.182999998	200	0	0
-12.5620003	69733	0.0900000036	200	0	0
-12.5579996	69733	0.114	200	0	0
-12.5439997	69733	0.138999999	200	0	0
-12.5670004	69734.0078	0.135000005	200	0	0
-12.5469999	69734.0078	0.0930000022	200	0	0
-12.5579996	69734.0078	0.114	200	0	0
-12.559	69735	0.0909999982	200	0	0
-12.5640001	69735	0.112999998	200	0	0
-12.5629997	69736	0.0900000036	200	0	0
-12.5600004	69736	0.112999998	200	0	0
-12.5579996	69736	0.136000007	200	0	0
-12.5649996	69736	0.0670000017	200	0	0
-12.5769997	69736	0.178000003	200	0	0
-12.5539999	69738	0.114	200	0	0
-12.5609999	69737	0.0900000036	200	0	0
-12.552	69738	0.136999995	200	0	0
-12.5550003	69737	0.136999995	200	0	0
-12.552	69737	0.0700000003	200	0	0
-12.5699997	69738	0.0890000015	200	0	0
-12.5559998	69737	0.023	200	0	0
-12.5640001	69738	0.0670000017	200	0	0
-12.552	69739	0.115000002	200	0	0
-12.552	69739	0.0700000003	200	0	0
-12.5649996	69739	0.0900000036	200	0	0
-12.5509996	69741	0.0920000002	200	0	0
-12.5629997	69738	0.0219999999	200	0	0
-12.5579996	69740.0078	0.114	200	0	0
-12.5500002	69740.0078	0.0700000003	200	0	0
-12.559	69740.0078	0.0909999982	200	0	0
-12.5649996	69740.0078	0.135000005	200	0	0
-12.5609999	69741	0.136000007	200	0	0
-12.5539999	69741	0.114	200	0	0
-12.5640001	69740.0078	0.180999994	200	0	0
-12.552	69742	0.0689999983	200	0	0
-12.5649996	69742	0.112000003	200	0	0
-12.559	69742	0.0909999982	200	0	0
-12.5489998	69742	0.137999997	200	0	0
-12.5439997	69743	0.138999999	200	0	0
-12.5500002	69743	0.115000002	200	0	0
-12.5480003	69743	0.0700000003	200	0	0
-12.552	69743	0.0920000002	200	0	0
-12.5579996	69744	0.114	200	0	0
-12.5559998	69744	0.0689999983	200	0	0
-12.5539999	69744	0.0920000002	200	0	0
-12.5439997	69744	0.138999999	200	0	0
-12.5550003	69745	0.114	200	0	0
-12.552	69745	0.0689999983	200	0	0
-12.5760002	69743	0.178000003	200	0	0
-12.5740004	69745	0.133000001	200	0	0
-12.5690002	69747	0.0860000029	200	0	0
-12.5389996	69746	0.0689999983	200	0	0
-12.5559998	69747	0.134000003	200	0	0
-12.566	69747	0.109999999	200	0	0
-12.5780001	69746	0.0850000009	200	0	0
-12.5500002	69746	0.135000005	200	0	0
-12.5439997	69746	0.114	200	0	0
-12.573	69746	0.175999999	200	0	0
-12.5640001	69747	0.0649999976	200	0	0
-12.5559998	69748	0.0890000015	200	0	0
-12.5439997	69748	0.136000007	200	0	0
-12.5579996	69748	0.111000001	200	0	0
-12.5710001	69747	0.0179999992	200	0	0
-12.5620003	69750	0.133000001	200	0	0
-12.566	69750	0.064000003	200	0	0
-12.559	69750	0.111000001	200	0	0
-12.5679998	69749	0.131999999	200	0	0
-12.552	69750	0.0900000036	200	0	0
-12.54	69749	0.0689999983	200	0	0
-12.566	69749	0.109999999	200	0	0
-12.5539999	69749	0.0890000015	200	0	0
-12.5740004	69750	0.175999999	200	0	0
-12.5640001	69751	0.109999999	200	0	0
-12.5459995	69751	0.0909999982	200	0	0
-12.5489998	69751	0.0670000017	200	0	0
-12.5559998	69751	0.134000003	200	0	0
-12.5570002	69752	0.179000005	200	0	0
-12.5539999	69752	0.112000003	200	0	0
-12.5559998	69752	0.134000003	200	0	0
-12.5719995	69752	0.0860000029	200	0	0
-12.5550003	69752	0.0659999996	200	0	0
-12.5509996	69753.0078	0.0869999975	200	0	0
-12.54	69753.0078	0.135000005	200	0	0
-12.5419998	69753.0078	0.112000003	200	0	0
-12.5620003	69753.0078	0.063000001	200	0	0
-12.573	69754	0.0829999968	200	0	0
-12.5760002	69754	0.128000006	200	0	0
-12.5690002	69754	0.107000001	200	0	0
-12.5559998	69756	0.108999997	200	0	0
-12.5539999	69755	0.131999999	200	0	0
-12.5649996	69756	0.0850000009	200	0	0
-12.5489998	69755	0.109999999	200	0	0
-12.5559998	69755	0.064000003	200	0	0
-12.5539999	69755	0.0869999975	200	0	0
-12.5609999	69755	0.175999999	200	0	0
-12.5480003	69756	0.133000001	200	0	0
-12.552	69754	0.178000003	200	0	0
-12.552	69757	0.109999999	200	0	0
-12.5419998	69757	0.0890000015	200	0	0
-12.5500002	69756	0.178000003	200	0	0
-12.5459995	69757	0.134000003	200	0	0
-12.5679998	69759.0078	0.174999997	200	0	0
-12.54	69759.0078	0.112000003	200	0	0
-12.5340004	69759.0078	0.136000007	200	0	0
-12.5559998	69758	0.0869999975	200	0	0
-12.5539999	69758	0.178000003	200	0	0
-12.5319996	69758	0.136000007	200	0	0
-12.5459995	69758	0.111000001	200	0	0
-12.5629997	69757	0.175999999	200	0	0
-12.5579996	69759.0078	0.0860000029	200	0	0
-12.5620003	69759.0078	0.063000001	200	0	0
-12.5360003	69760	0.136000007	200	0	0
-12.5570002	69760	0.0860000029	200	0	0
-12.5559998	69760	0.108999997	200	0	0
-12.5670004	69760	0.061999999	200	0	0
-12.5609999	69761	0.175999999	200	0	0
-12.5620003	69761	0.0850000009	200	0	0
-12.5459995	69761	0.134000003	200	0	0
-12.5550003	69761	0.108999997	200	0	0
-12.5559998	69762	0.131999999	200	0	0
-12.566	69762	0.107000001	200	0	0
-12.5380001	69762	0.0670000017	200	0	0
-12.5450001	69762	0.0879999995	200	0	0
-12.533	69763	0.0680000037	200	0	0
-12.5469999	69763	0.111000001	200	0	0
-12.5670004	69763	0.0839999989	200	0	0
-12.5559998	69763	0.131999999	200	0	0
-12.5509996	69765.0078	0.133000001	200	0	0
-12.552	69764	0.0649999976	200	0	0
-12.5600004	69765.0078	0.108000003	200	0	0
-12.5570002	69764	0.131999999	200	0	0
-12.5480003	69764	0.0879999995	200	0	0
-12.5509996	69765.0078	0.0649999976	200	0	0
-12.5790005	69764	0.172999993	200	0	0
-12.5649996	69766	0.129999995	200	0	0
-12.5500002	69766	0.0879999995	200	0	0
-12.5690002	69766	0.107000001	200	0	0
-12.5389996	69766	0.0670000017	200	0	0
-12.5469999	69765.0078	0.179000005	200	0	0
-12.5640001	69767	0.128000006	200	0	0
-12.5559998	69768	0.174999997	200	0	0
-12.5900002	69767	0.191	200	0	0
-12.5609999	69767	0.173999995	200	0	0
-12.5419998	69769	0.109999999	200	0	0
-12.5629997	69767	0.0599999987	200	0	0
-12.5570002	69768	0.0839999989	200	0	0
-12.5410004	69768	0.131999999	200	0	0
-12.5579996	69768	0.107000001	200	0	0
-12.552	69767	0.0850000009	200	0	0
-12.5459995	69767	0.108999997	200	0	0
-12.552	69768	0.061999999	200	0	0
-12.5459995	69769	0.130999997	200	0	0
-12.5530005	69769	0.061999999	200	0	0
-12.5609999	69769	0.0829999968	200	0	0
-12.5740004	69770	0.172000006	200	0	0
-12.5279999	69769	0.180000007	200	0	0
-12.5699997	69769	0.194999993	200	0	0
-12.5439997	69770	0.064000003	200	0	0
-12.5550003	69770	0.107000001	200	0	0
-12.5629997	69770	0.0829999968	200	0	0
-12.5380001	69770	0.133000001	200	0	0
-12.5430002	69771	0.108999997	200	0	0
-12.5550003	69771	0.129999995	200	0	0
-12.5670004	69771	0.0820000023	200	0	0
-12.5439997	69770	0.0189999994	200	0	0
-12.5439997	69771	0.064000003	200	0	0
-12.5539999	69769	0.0160000008	200	0	0
-12.5459995	69771	0.0179999992	200	0	0
-12.5500002	69772	0.0850000009	200	0	0
-12.5469999	69772	0.063000001	200	0	0
-12.5500002	69772	0.130999997	200	0	0
-12.559	69772	0.173999995	200	0	0
-12.5369997	69771	0.178000003	200	0	0
-12.5480003	69774	0.175999999	200	0	0
-12.5360003	69774	0.111000001	200	0	0
-12.5439997	69773	0.0869999975	200	0	0
-12.5530005	69774	0.129999995	200	0	0
-12.5640001	69773	0.104999997	200	0	0
-12.5629997	69773	0.128000006	200	0	0
-12.5439997	69771	-0.00400000019	200	0	0
-12.5240002	69772	0.0219999999	200	0	0
-12.5469999	69773	0.063000001	200	0	0
-12.5559998	69774	0.0839999989	200	0	0
-12.5489998	69772	-0.00499999989	200	0	0
-12.5579996	69773	0.0160000008	200	0	0
-12.5410004	69774	0.0649999976	200	0	0
-12.5719995	69773	0.194999993	200	0	0
-12.5389996	69775	0.133000001	200	0	0
-12.5340004	69775	0.0659999996	200	0	0
-12.5319996	69775	0.0890000015	200	0	0
-12.5489998	69774	0.0179999992	200	0	0
-12.5600004	69775	0.173999995	200	0	0
-12.5430002	69775	0.0189999994	200	0	0
-12.5310001	69772	-0.0240000002	200	0	0
