-8.26399994	66434.0078	0.952000022	200	0	0
-8.25300026	66443	0.911000013	200	0	0
-8.32600021	66440.0078	1.00100005	200	0	0
-8.34000015	66435	1.01300001	200	0	0
-8.32999992	66439	1	200	0	0
-8.22999954	66441	0.898999989	200	0	0
-8.26099968	66443	0.939999998	200	0	0
-8.25599957	66442	0.911000013	200	0	0
-8.26099968	66441	0.907999992	200	0	0
-8.26200008	66442	0.93900001	200	0	0
-8.32600021	66435	1.00100005	200	0	0
-8.25599957	66440.0078	0.908999979	200	0	0
-8.23200035	66438	0.898999989	200	0	0
-8.25599957	66439	0.908999979	200	0	0
-8.23900032	66436	0.898000002	200	0	0
-8.26599979	66440.0078	0.936999977	200	0	0
-8.23400021	66434.0078	0.898999989	200	0	0
-8.26200008	66435	0.893000007	200	0	0
-8.26000023	66438	0.908999979	200	0	0
-8.25300026	66437	0.910000026	200	0	0
-8.26299953	66439	0.938000023	200	0	0
-8.25500011	66439	0.953999996	200	0	0
-8.25599957	66435	0.908999979	200	0	0
-8.26000023	66434.0078	0.908999979	200	0	0
-8.26299953	66438	0.938000023	200	0	0
-8.25899982	66437	0.938000023	200	0	0
-8.27000046	66434.0078	0.93599999	200	0	0
-8.26399994	66435	0.952000022	200	0	0
-8.26399994	66434.0078	0.952000022	200	0	0
-8.2489996	66452	0.943000019	200	0	0
-8.25199986	66451	0.958000004	200	0	0
-8.24400043	66452	0.915000021	200	0	0
-8.24800014	66451	0.944000006	200	0	0
-8.25899982	66450	0.95599997	200	0	0
-8.2329998	66451	0.90200001	200	0	0
-8.25399971	66451	0.912999988	200	0	0
-8.25	66450	0.943000019	200	0	0
-8.25199986	66450	0.912999988	200	0	0
-8.24699974	66449	0.944000006	200	0	0
-8.25399971	66448	0.957000017	200	0	0
-8.25	66449	0.898000002	200	0	0
-8.24600029	66448	0.944000006	200	0	0
-8.25	66449	0.912999988	200	0	0
-8.25	66447	0.943000019	200	0	0
-8.24499989	66448	0.913999975	200	0	0
-8.25699997	66445	0.957000017	200	0	0
-8.26099968	66444	0.954999983	200	0	0
-8.25800037	66446	0.941999972	200	0	0
-8.24600029	66447	0.913999975	200	0	0
-8.25199986	66444	0.940999985	200	0	0
-8.23099995	66445	0.90200001	200	0	0
-8.2489996	66446	0.913999975	200	0	0
-8.22700024	66442	0.901000023	200	0	0
-8.2510004	66445	0.912999988	200	0	0
-8.24199963	66443	0.898999989	200	0	0
-8.32400036	66449	1.03400004	200	0	0
-8.31599998	66442	1.09399998	200	0	0
-8.30700016	66441	1.09399998	200	0	0
-8.31400013	66448	1.051	200	0	0
-8.33199978	66445	1.07799995	200	0	0
-8.31700039	66440.0078	1.09200001	200	0	0
-8.32800007	66438	1.09000003	200	0	0
-8.31999969	66435	1.07700002	200	0	0
-8.30700016	66444	1.08000004	200	0	0
-8.32800007	66449	1.00399995	200	0	0
-8.33199978	66439	1.09000003	200	0	0
-8.32699966	66448	1.03400004	200	0	0
-8.30700016	66437	1.079	200	0	0
-8.32800007	66447	1.04799998	200	0	0
-8.33699989	66443	1.07500005	200	0	0
-8.31499958	66438	1.07799995	200	0	0
-8.32800007	66448	1.00399995	200	0	0
-8.31499958	66447	1.03600001	200	0	0
-8.32400036	66442	1.07700002	200	0	0
-8.31499958	66441	1.07799995	200	0	0
-8.32499981	66446	1.04900002	200	0	0
-8.32600021	66440.0078	1.07599998	200	0	0
-8.33100033	66439	1.07500005	200	0	0
-8.32800007	66447	1.01900005	200	0	0
-8.32299995	66445	1.04900002	200	0	0
-8.32900047	66446	1.03299999	200	0	0
-8.33500004	66435	1.04400003	200	0	0
-8.33399963	66446	1.01699996	200	0	0
-8.33399963	66444	1.046	200	0	0
-8.32699966	66436	1.046	200	0	0
-8.32199955	66445	1.03400004	200	0	0
-8.33199978	66435	1.02999997	200	0	0
-8.33399963	66443	1.046	200	0	0
-8.33199978	66437	1.04499996	200	0	0
-8.32199955	66445	1.01999998	200	0	0
-8.31700039	66442	1.04900002	200	0	0
-8.32800007	66444	1.03199995	200	0	0
-8.32999992	66445	1.00300002	200	0	0
-8.33500004	66436	1.02900004	200	0	0
-8.33199978	66438	1.04499996	200	0	0
-8.3210001	66439	1.04700005	200	0	0
-8.32600021	66441	1.046	200	0	0
-8.32699966	66440.0078	1.046	200	0	0
-8.34200001	66436	1.01300001	200	0	0
-8.32600021	66443	1.03199995	200	0	0
-8.32699966	66444	1.01699996	200	0	0
-8.33600044	66437	1.02900004	200	0	0
-8.33300018	66444	1.00100005	200	0	0
-8.33300018	66442	1.03100002	200	0	0
-8.34200001	66437	1.01300001	200	0	0
-8.33199978	66438	1.02999997	200	0	0
-8.33300018	66443	1.01600003	200	0	0
-8.32499981	66439	1.03100002	200	0	0
-8.32999992	66441	1.02999997	200	0	0
-8.33199978	66443	1.00100005	200	0	0
-8.33300018	66440.0078	1.02999997	200	0	0
-8.34000015	66442	1.01499999	200	0	0
-8.34000015	66438	1.01300001	200	0	0
-8.33600044	66442	1.00100005	200	0	0
-8.33300018	66439	1.01499999	200	0	0
-8.33399963	66441	1.01400006	200	0	0
-8.32999992	66440.0078	1.01499999	200	0	0
-8.25199986	66452	0.958000004	200	0	0
-8.22299957	66460	0.889999986	200	0	0
-8.24600029	66461	0.916000009	200	0	0
-8.24199963	66460	0.901000023	200	0	0
-8.31299973	66451	1.00600004	200	0	0
-8.24800014	66461	0.944999993	200	0	0
-8.22099972	66459.0078	0.903999984	200	0	0
-8.24100018	66460	0.916999996	200	0	0
-8.24400043	66460	0.961000025	200	0	0
-8.24300003	66460	0.94599998	200	0	0
-8.24199963	66459.0078	0.915000021	200	0	0
-8.23400021	66458	0.90200001	200	0	0
-8.24300003	66459.0078	0.944999993	200	0	0
-8.23200035	66457	0.90200001	200	0	0
-8.24600029	66458	0.913999975	200	0	0
-8.25	66458	0.958000004	200	0	0
-8.24499989	66458	0.944000006	200	0	0
-8.23499966	66457	0.916000009	200	0	0
-8.22799969	66455	0.902999997	200	0	0
-8.2489996	66457	0.958000004	200	0	0
-8.24199963	66457	0.944999993	200	0	0
-8.22000027	66453.0078	0.903999984	200	0	0
-8.24300003	66456	0.915000021	200	0	0
-8.25399971	66456	0.957000017	200	0	0
-8.25	66455	0.912999988	200	0	0
-8.2489996	66456	0.943000019	200	0	0
-8.25	66454	0.912999988	200	0	0
-8.25399971	66455	0.957000017	200	0	0
-8.24199963	66453.0078	0.915000021	200	0	0
-8.25199986	66455	0.943000019	200	0	0
-8.25199986	66454	0.958000004	200	0	0
-8.2510004	66454	0.943000019	200	0	0
-8.25199986	66453.0078	0.958000004	200	0	0
-8.25699997	66453.0078	0.941999972	200	0	0
-8.31299973	66452	1.03600001	200	0	0
-8.32900047	66454	1.00300002	200	0	0
-8.32199955	66455	1.005	200	0	0
-8.31999969	66452	1.01999998	200	0	0
-8.24400043	66462	0.916000009	200	0	0
-8.31499958	66451	1.03600001	200	0	0
-8.29699993	66458	1.05400002	200	0	0
-8.30500031	66458	1.00800002	200	0	0
-8.31999969	66457	1.08000004	200	0	0
-8.32400036	66458	1.01900005	200	0	0
-8.31299973	66458	1.03600001	200	0	0
-8.33199978	66457	1.00300002	200	0	0
-8.31299973	66456	1.08099997	200	0	0
-8.32600021	66455	1.09399998	200	0	0
-8.31799984	66457	1.04999995	200	0	0
-8.32199955	66457	1.01999998	200	0	0
-8.31200027	66454	1.09599996	200	0	0
-8.33100033	66457	1.03299999	200	0	0
-8.3210001	66444	1.09300005	200	0	0
-8.32900047	66456	1.00300002	200	0	0
-8.30200005	66456	1.05299997	200	0	0
-8.29899979	66447	1.09800005	200	0	0
-8.32199955	66456	1.01999998	200	0	0
-8.31400013	66456	1.03600001	200	0	0
-8.29899979	66449	1.09800005	200	0	0
-8.3039999	66448	1.097	200	0	0
-8.30599976	66455	1.05200005	200	0	0
-8.31599998	66455	1.03600001	200	0	0
-8.33100033	66454	1.01800001	200	0	0
-8.32600021	66454	1.04900002	200	0	0
-8.31400013	66454	1.03600001	200	0	0
-8.31700039	66447	1.08000004	200	0	0
-8.31299973	66453.0078	1.051	200	0	0
-8.31799984	66453.0078	1.03499997	200	0	0
-8.31799984	66451	1.04999995	200	0	0
-8.31999969	66442	1.18200004	200	0	0
-8.31499958	66445	1.16999996	200	0	0
-8.30900002	66441	1.16799998	200	0	0
-8.29399967	66456	1.09899998	200	0	0
-8.23799992	66468	0.948000014	200	0	0
-8.24199963	66466	0.962000012	200	0	0
-8.23099995	66469	0.920000017	200	0	0
-8.24199963	66467	0.948000014	200	0	0
-8.2329998	66469	0.904999971	200	0	0
-8.23499966	66468	0.91900003	200	0	0
-8.23600006	66466	0.949000001	200	0	0
-8.23999977	66464	0.961000025	200	0	0
-8.22900009	66468	0.904999971	200	0	0
-8.24600029	66463	0.959999979	200	0	0
-8.24100018	66465.0078	0.94599998	200	0	0
-8.23600006	66467	0.91900003	200	0	0
-8.23900032	66464	0.947000027	200	0	0
-8.23900032	66466	0.917999983	200	0	0
-8.23900032	66463	0.947000027	200	0	0
-8.23999977	66462	0.947000027	200	0	0
-8.23200035	66466	0.904999971	200	0	0
-8.23999977	66465.0078	0.916999996	200	0	0
-8.23900032	66465.0078	0.90200001	200	0	0
-8.23900032	66464	0.916999996	200	0	0
-8.23799992	66463	0.916999996	200	0	0
-8.22900009	66464	0.903999984	200	0	0
-8.23499966	66470	0.949000001	200	0	0
-8.21700001	66470	0.907999992	200	0	0
-8.23799992	66469	0.963	200	0	0
-8.24100018	66470	0.917999983	200	0	0
-8.23499966	66469	0.949000001	200	0	0
-8.23799992	66467	0.963	200	0	0
-8.30900002	66460	1.03799999	200	0	0
-8.32499981	66459.0078	1.04900002	200	0	0
-8.31700039	66460	1.02199996	200	0	0
-8.31799984	66460	1.00699997	200	0	0
-8.32199955	66459.0078	1.03499997	200	0	0
-8.31000042	66459.0078	1.02199996	200	0	0
-8.31099987	66459.0078	1.00699997	200	0	0
-8.31999969	66463	1.00600004	200	0	0
-8.30300045	66468	0.981000006	200	0	0
-8.31900024	66461	1.00699997	200	0	0
-8.23999977	66470	0.963	200	0	0
-8.3210001	66462	1.02100003	200	0	0
-8.31200027	66461	1.023	200	0	0
-8.31499958	66459.0078	1.09500003	200	0	0
-8.31299973	66461	1.05299997	200	0	0
-8.31999969	66461	1.03600001	200	0	0
-8.30799961	66458	1.097	200	0	0
-8.3039999	66459.0078	1.08200002	200	0	0
-8.31599998	66460	1.05200005	200	0	0
-8.32199955	66457	1.09399998	200	0	0
-8.32400036	66458	1.079	200	0	0
-8.31400013	66463	1.03699994	200	0	0
-8.31099987	66462	1.05299997	200	0	0
-8.31799984	66462	1.03699994	200	0	0
-8.30900002	66464	1.03799999	200	0	0
-8.31599998	66463	1.05200005	200	0	0
-8.31499958	66464	1.02199996	200	0	0
-8.23600006	66471	0.949000001	200	0	0
-8.23499966	66471	0.903999984	200	0	0
-8.23400021	66471	0.91900003	200	0	0
-8.31299973	66467	1.08399999	200	0	0
-8.31099987	66467	1.02400005	200	0	0
-8.31599998	66467	1.03900003	200	0	0
-8.31000042	66466	1.00999999	200	0	0
-8.29599953	66467	1.05700004	200	0	0
-8.30900002	66466	1.02499998	200	0	0
-8.30900002	66466	1.03999996	200	0	0
-8.31499958	66464	1.08200002	200	0	0
-8.31799984	66463	1.09599996	200	0	0
-8.31099987	66463	1.08299994	200	0	0
-8.30099964	66461	1.08399999	200	0	0
-8.31000042	66467	1.00999999	200	0	0
-8.3039999	66458	1.18599999	200	0	0
-8.32199955	66451	1.18400002	200	0	0
-8.3210001	66457	1.18400002	200	0	0
-8.32199955	66453.0078	1.18400002	200	0	0
-8.32900047	66454	1.18299997	200	0	0
-8.32400036	66455	1.18299997	200	0	0
-8.33199978	66448	1.18200004	200	0	0
-8.32299995	66447	1.18299997	200	0	0
-8.32900047	66451	1.19700003	200	0	0
-8.34000015	66444	1.26800001	200	0	0
-8.34799957	66440.0078	1.25100005	200	0	0
-8.34200001	66444	1.25300002	200	0	0
-8.3409996	66449	1.19500005	200	0	0
-8.32299995	66448	1.19799995	200	0	0
-8.33399963	66442	1.22500002	200	0	0
-8.31999969	66446	1.199	200	0	0
-8.33699989	66444	1.19500005	200	0	0
-8.34200001	66442	1.19400001	200	0	0
-8.32699966	66453.0078	1.227	200	0	0
-8.32800007	66453.0078	1.19799995	200	0	0
-8.31499958	66451	1.22899997	200	0	0
-8.30500031	66452	1.20099998	200	0	0
-8.30300045	66472	1.01100004	200	0	0
-8.31400013	66469	1.00899994	200	0	0
-8.29100037	66473	1.01300001	200	0	0
-8.30500031	66471	1.01100004	200	0	0
-8.23700047	66477	0.921999991	200	0	0
-8.23099995	66477	0.953000009	200	0	0
-8.21800041	66476	0.911000013	200	0	0
-8.29800034	66470	1.01199996	200	0	0
-8.22999954	66476	0.922999978	200	0	0
-8.22799969	66475	0.921999991	200	0	0
-8.22599983	66475	0.952000022	200	0	0
-8.21399975	66473	0.907999992	200	0	0
-8.23099995	66474	0.921000004	200	0	0
-8.22900009	66474	0.950999975	200	0	0
-8.22799969	66472	0.906000018	200	0	0
-8.22999954	66473	0.920000017	200	0	0
-8.23799992	66472	0.91900003	200	0	0
-8.23200035	66472	0.963999987	200	0	0
-8.23200035	66472	0.949999988	200	0	0
-8.24300003	66471	0.962000012	200	0	0
-8.29399967	66471	1.028	200	0	0
-8.23200035	66478.0078	0.953000009	200	0	0
-8.23200035	66478.0078	0.922999978	200	0	0
-8.22999954	66479	0.910000026	200	0	0
-8.22200012	66479	0.925999999	200	0	0
-8.22999954	66479	0.953999996	200	0	0
-8.30300045	66472	1.02600002	200	0	0
-8.29500008	66468	1.08700001	200	0	0
-8.30799961	66469	1.03999996	200	0	0
-8.3039999	66468	1.05599999	200	0	0
-8.31799984	66468	1.03799999	200	0	0
-8.30900002	66472	1.03999996	200	0	0
-8.30099964	66471	1.05599999	200	0	0
-8.30599976	66471	1.03999996	200	0	0
-8.30300045	66470	1.05599999	200	0	0
-8.3039999	66470	1.04100001	200	0	0
-8.30099964	66474	1.05799997	200	0	0
-8.30900002	66477	1.01300001	200	0	0
-8.30099964	66475	1.04299998	200	0	0
-8.31099987	66476	1.028	200	0	0
-8.31000042	66473	1.05400002	200	0	0
-8.31599998	66476	1.01199996	200	0	0
-8.30799961	66474	1.04200006	200	0	0
-8.30200005	66472	1.05599999	200	0	0
-8.31000042	66475	1.02600002	200	0	0
-8.29300022	66473	1.04299998	200	0	0
-8.30799961	66475	1.01199996	200	0	0
-8.31400013	66474	1.02499998	200	0	0
-8.31400013	66474	1.00999999	200	0	0
-8.30799961	66473	1.02499998	200	0	0
-8.29199982	66468	1.102	200	0	0
-8.32999992	66460	1.18400002	200	0	0
-8.28100014	66470	1.08899999	200	0	0
-8.31499958	66471	1.08299994	200	0	0
-8.30799961	66471	1.10000002	200	0	0
-8.31400013	66472	1.08399999	200	0	0
-8.22599983	66480	0.925999999	200	0	0
-8.22799969	66480	0.970000029	200	0	0
-8.22799969	66480	0.954999983	200	0	0
-8.20199966	66480	0.915000021	200	0	0
-8.3039999	66476	1.04400003	200	0	0
-8.28199959	66476	1.09200001	200	0	0
-8.30099964	66465.0078	1.17400002	200	0	0
-8.30799961	66468	1.17400002	200	0	0
-8.28600025	66475	1.05999994	200	0	0
-8.28800011	66475	1.09000003	200	0	0
-8.31000042	66474	1.08599997	200	0	0
-8.29199982	66473	1.102	200	0	0
-8.3210001	66473	1.08200002	200	0	0
-8.29300022	66472	1.102	200	0	0
-8.31200027	66466	1.18799996	200	0	0
-8.30900002	66464	1.18700004	200	0	0
-8.31000042	66463	1.18700004	200	0	0
-8.3039999	66467	1.204	200	0	0
-8.29500008	66467	1.19099998	200	0	0
-8.30599976	66453.0078	1.25999999	200	0	0
-8.29500008	66464	1.24899995	200	0	0
-8.31200027	66466	1.20299995	200	0	0
-8.3039999	66464	1.23199999	200	0	0
-8.30099964	66454	1.24600005	200	0	0
-8.31900024	66455	1.24399996	200	0	0
-8.31700039	66464	1.20099998	200	0	0
-8.31799984	66457	1.24399996	200	0	0
-8.28999996	66463	1.20500004	200	0	0
-8.30500031	66458	1.20099998	200	0	0
-8.29800034	66453.0078	1.27600002	200	0	0
-8.31400013	66452	1.31799996	200	0	0
-8.31499958	66452	1.30299997	200	0	0
-8.32999992	66448	1.34500003	200	0	0
-8.34399986	66444	1.34200001	200	0	0
-8.32800007	66446	1.33099997	200	0	0
-8.3380003	66438	1.29700005	200	0	0
-8.33600044	66442	1.31299996	200	0	0
-8.35099983	66445	1.31299996	200	0	0
-8.34000015	66443	1.31299996	200	0	0
-8.33199978	66447	1.301	200	0	0
-8.34500027	66444	1.29700005	200	0	0
-8.32499981	66435	1.32799995	200	0	0
-8.31999969	66454	1.31700003	200	0	0
-8.28299999	66477	1.09200001	200	0	0
-8.30500031	66480	1.05999994	200	0	0
-8.30300045	66480	1.03100002	200	0	0
-8.29800034	66479	1.046	200	0	0
-8.29899979	66478.0078	1.05999994	200	0	0
-8.30799961	66479	1.02999997	200	0	0
-8.30200005	66478.0078	1.04400003	200	0	0
-8.30500031	66478.0078	1.02900004	200	0	0
-8.30799961	66478.0078	1.01300001	200	0	0
-8.30700016	66477	1.04299998	200	0	0
-8.30000019	66477	1.02900004	200	0	0
-8.30099964	66482	1.046	200	0	0
-8.30000019	66482	1.03100002	200	0	0
-8.30599976	66482	1.01499999	200	0	0
-8.22399998	66486	0.95599997	200	0	0
-8.22200012	66486	0.925999999	200	0	0
-8.22999954	66485	0.953999996	200	0	0
-8.21100044	66485	0.913999975	200	0	0
-8.22200012	66485	0.925999999	200	0	0
-8.22399998	66484.0078	0.95599997	200	0	0
-8.23799992	66483	0.967999995	200	0	0
-8.22299957	66483	0.95599997	200	0	0
-8.21199989	66483	0.912999988	200	0	0
-8.20199966	66482	0.915000021	200	0	0
-8.22500038	66483	0.925999999	200	0	0
-8.22599983	66482	0.954999983	200	0	0
-8.22399998	66481	0.95599997	200	0	0
-8.22999954	66482	0.925000012	200	0	0
-8.22200012	66481	0.925999999	200	0	0
-8.22700024	66481	0.911000013	200	0	0
-8.22200012	66487	0.925999999	200	0	0
-8.22500038	66487	0.954999983	200	0	0
-8.20400047	66487	0.915000021	200	0	0
-8.22000027	66488	0.926999986	200	0	0
-8.22299957	66488	0.95599997	200	0	0
-8.22500038	66488	0.970000029	200	0	0
-8.27900028	66479	1.09399998	200	0	0
-8.28199959	66479	1.10899997	200	0	0
-8.30300045	66483	1.01600003	200	0	0
-8.26599979	66481	1.11099994	200	0	0
-8.30200005	66483	1.03100002	200	0	0
-8.28999996	66483	1.04799998	200	0	0
-8.30500031	66483	1.05999994	200	0	0
-8.29800034	66482	1.09099996	200	0	0
-8.29199982	66482	1.06200004	200	0	0
-8.28600025	66486	1.04799998	200	0	0
-8.29599953	66485	1.06200004	200	0	0
-8.30000019	66486	1.03100002	200	0	0
-8.29800034	66486	1.01600003	200	0	0
-8.29300022	66485	1.04700005	200	0	0
-8.29500008	66484.0078	1.06200004	200	0	0
-8.30700016	66485	1.02999997	200	0	0
-8.29800034	66485	1.01600003	200	0	0
-8.30500031	66484.0078	1.04499996	200	0	0
-8.30000019	66484.0078	1.03100002	200	0	0
-8.30700016	66484.0078	1.01499999	200	0	0
-8.28299999	66470	1.19299996	200	0	0
-8.30300045	66468	1.18900001	200	0	0
-8.3039999	66473	1.18900001	200	0	0
-8.22099972	66489	0.95599997	200	0	0
-8.2130003	66489	0.912999988	200	0	0
-8.21000004	66489	0.92900002	200	0	0
-8.29199982	66483	1.10699999	200	0	0
-8.27099991	66483	1.09599996	200	0	0
-8.27700043	66485	1.10899997	200	0	0
-8.28199959	66485	1.09399998	200	0	0
-8.29599953	66474	1.20700002	200	0	0
-8.30700016	66468	1.24800003	200	0	0
-8.30000019	66472	1.20500004	200	0	0
-8.29300022	66468	1.23500001	200	0	0
-8.31799984	66470	1.20200002	200	0	0
-8.29800034	66472	1.26400006	200	0	0
-8.30000019	66471	1.26400006	200	0	0
-8.32299995	66476	1.18900001	200	0	0
-8.28800011	66473	1.23599994	200	0	0
-8.29199982	66473	1.27999997	200	0	0
-8.28999996	66473	1.26600003	200	0	0
-8.32400036	66453.0078	1.33200002	200	0	0
-8.30599976	66468	1.30700004	200	0	0
-8.30900002	66456	1.40699995	200	0	0
-8.3210001	66453.0078	1.40600002	200	0	0
-8.31200027	66457	1.37699997	200	0	0
-8.32299995	66439	1.38800001	200	0	0
-8.32499981	66439	1.37300003	200	0	0
-8.32299995	66437	1.40199995	200	0	0
-8.32800007	66435	1.34300005	200	0	0
-8.32199955	66436	1.34399998	200	0	0
-8.30700016	66435	1.40499997	200	0	0
-8.28899956	66486	1.10699999	200	0	0
-8.29599953	66486	1.09099996	200	0	0
-8.29399967	66489	1.09200001	200	0	0
-8.29500008	66489	1.03199995	200	0	0
-8.28899956	66488	1.10699999	200	0	0
-8.28499985	66489	1.06299996	200	0	0
-8.29300022	66489	1.04700005	200	0	0
-8.27700043	66488	1.09500003	200	0	0
-8.29699993	66488	1.01699996	200	0	0
-8.29500008	66488	1.03199995	200	0	0
-8.30599976	66487	1.01499999	200	0	0
-8.29199982	66488	1.04700005	200	0	0
-8.28800011	66487	1.09300005	200	0	0
-8.28600025	66487	1.04799998	200	0	0
-8.29199982	66487	1.06200004	200	0	0
-8.30700016	66489	1.01499999	200	0	0
-8.29599953	66490.0078	0.986999989	200	0	0
-8.30000019	66490.0078	1.09099996	200	0	0
-8.28899956	66491	1.03299999	200	0	0
-8.30300045	66491	1.05999994	200	0	0
-8.29199982	66491	1.04700005	200	0	0
-8.29899979	66490.0078	1.01600003	200	0	0
-8.28600025	66490.0078	1.06299996	200	0	0
-8.28800011	66490.0078	1.03299999	200	0	0
-8.29800034	66490.0078	1.046	200	0	0
-8.21700001	66495	0.926999986	200	0	0
-8.19699955	66494	0.916000009	200	0	0
-8.22000027	66495	0.95599997	200	0	0
-8.21399975	66494	0.927999973	200	0	0
-8.21899986	66494	0.95599997	200	0	0
-8.22000027	66493	0.926999986	200	0	0
-8.20699978	66492	0.913999975	200	0	0
-8.22399998	66493	0.95599997	200	0	0
-8.21899986	66492	0.926999986	200	0	0
-8.19900036	66490.0078	0.916000009	200	0	0
-8.22500038	66492	0.954999983	200	0	0
-8.22099972	66491	0.925999999	200	0	0
-8.22399998	66491	0.95599997	200	0	0
-8.22000027	66490.0078	0.926999986	200	0	0
-8.22299957	66490.0078	0.95599997	200	0	0
-8.19200039	66495	0.916999996	200	0	0
-8.22200012	66496	0.95599997	200	0	0
-8.21399975	66496	0.912999988	200	0	0
-8.21700001	66496	0.926999986	200	0	0
-8.22999954	66496	0.984000027	200	0	0
-8.22099972	66496	0.971000016	200	0	0
-8.21899986	66497	0.95599997	200	0	0
-8.21800041	66497	0.926999986	200	0	0
-8.29599953	66493	1.01699996	200	0	0
-8.29599953	66492	1.01699996	200	0	0
-8.29500008	66492	1.04700005	200	0	0
-8.3039999	66492	1.02999997	200	0	0
-8.29399967	66485	1.19500005	200	0	0
-8.26599979	66484.0078	1.20000005	200	0	0
-8.29199982	66490.0078	1.10699999	200	0	0
-8.2670002	66489	1.11099994	200	0	0
-8.29100037	66492	1.06200004	200	0	0
-8.28800011	66493	1.04799998	200	0	0
-8.29300022	66491	1.10699999	200	0	0
-8.28299999	66491	1.09399998	200	0	0
-8.30300045	66492	1.09000003	200	0	0
-8.28999996	66495	1.01800001	200	0	0
-8.27099991	66493	1.11000001	200	0	0
-8.27400017	66495	1.06500006	200	0	0
-8.28899956	66494	1.09300005	200	0	0
-8.27600002	66492	1.10899997	200	0	0
-8.29800034	66494	1.03100002	200	0	0
-8.29300022	66494	1.06200004	200	0	0
-8.28899956	66494	1.04799998	200	0	0
-8.3039999	66479	1.26800001	200	0	0
-8.30200005	66476	1.28199995	200	0	0
-8.29800034	66475	1.28100002	200	0	0
-8.22000027	66499	0.95599997	200	0	0
-8.21700001	66498	0.926999986	200	0	0
-8.22500038	66498	0.954999983	200	0	0
-8.30700016	66480	1.28199995	200	0	0
-8.29899979	66481	1.26900005	200	0	0
-8.28999996	66480	1.26999998	200	0	0
-8.29800034	66477	1.28199995	200	0	0
-8.30500031	66471	1.32200003	200	0	0
-8.30799961	66479	1.32599998	200	0	0
-8.30700016	66480	1.31200004	200	0	0
-8.2869997	66481	1.28499997	200	0	0
-8.31200027	66482	1.31099999	200	0	0
-8.30900002	66480	1.34099996	200	0	0
-8.29399967	66481	1.329	200	0	0
-8.28800011	66481	1.31500006	200	0	0
-8.29599953	66465.0078	1.39600003	200	0	0
-8.29699993	66466	1.38199997	200	0	0
-8.30000019	66468	1.38199997	200	0	0
-8.29599953	66462	1.46899998	200	0	0
-8.3210001	66453.0078	1.45000005	200	0	0
-8.32199955	66443	1.47800004	200	0	0
-8.31299973	66435	1.46300006	200	0	0
-8.31999969	66441	1.46200001	200	0	0
-8.31799984	66441	1.44700003	200	0	0
-8.25699997	66495	1.11300004	200	0	0
-8.28100014	66498	1.06400001	200	0	0
-8.27000046	66498	1.11000001	200	0	0
-8.29699993	66497	1.046	200	0	0
-8.26799965	66497	1.09599996	200	0	0
-8.28499985	66497	1.10800004	200	0	0
-8.29300022	66498	1.01699996	200	0	0
-8.29399967	66498	1.04700005	200	0	0
-8.29100037	66498	1.03299999	200	0	0
-8.28100014	66497	1.01900005	200	0	0
-8.26599979	66490.0078	1.20000005	200	0	0
-8.28299999	66491	1.19700003	200	0	0
-8.28999996	66499	1.06200004	200	0	0
-8.27700043	66499	1.10899997	200	0	0
-8.2840004	66499	1.09300005	200	0	0
-8.29599953	66500	1.06099999	200	0	0
-8.28100014	66500	1.01900005	200	0	0
-8.28899956	66500	1.04799998	200	0	0
-8.29199982	66500	1.03199995	200	0	0
-8.27799988	66499	1.04999995	200	0	0
-8.29199982	66499	1.03199995	200	0	0
-8.28100014	66500	1.09399998	200	0	0
-8.21199989	66504	0.958000004	200	0	0
-8.21500015	66503.0078	0.972000003	200	0	0
-8.2130003	66504	0.927999973	200	0	0
-8.21899986	66503.0078	0.95599997	200	0	0
-8.2130003	66502	0.972000003	200	0	0
-8.20300007	66503.0078	0.930000007	200	0	0
-8.21800041	66502	0.957000017	200	0	0
-8.18900013	66502	0.917999983	200	0	0
-8.21700001	66501	0.972000003	200	0	0
-8.20899963	66502	0.92900002	200	0	0
-8.22000027	66501	0.95599997	200	0	0
-8.2130003	66501	0.927999973	200	0	0
-8.2159996	66500	0.957000017	200	0	0
-8.20199966	66500	0.915000021	200	0	0
-8.22000027	66500	0.926999986	200	0	0
-8.21700001	66499	0.926999986	200	0	0
-8.21500015	66505	0.957000017	200	0	0
-8.2869997	66502	1.03299999	200	0	0
-8.27799988	66503.0078	1.01999998	200	0	0
-8.28199959	66501	1.03400004	200	0	0
-8.28299999	66502	1.01900005	200	0	0
-8.29199982	66501	1.01800001	200	0	0
-8.21000004	66506	0.927999973	200	0	0
-8.21500015	66506	0.957000017	200	0	0
-8.29500008	66501	1.06200004	200	0	0
-8.29300022	66501	1.04700005	200	0	0
-8.27999973	66492	1.25699997	200	0	0
-8.27999973	66485	1.21300006	200	0	0
-8.27299976	66500	1.11000001	200	0	0
-8.28999996	66501	1.09200001	200	0	0
-8.2840004	66502	1.06299996	200	0	0
-8.27999973	66504	1.04900002	200	0	0
-8.27299976	66503.0078	1.06500006	200	0	0
-8.28499985	66504	1.03400004	200	0	0
-8.29300022	66504	1.01699996	200	0	0
-8.29399967	66503.0078	1.04700005	200	0	0
-8.28999996	66503.0078	1.03299999	200	0	0
-8.27499962	66502	1.09500003	200	0	0
-8.29100037	66504	1.09200001	200	0	0
-8.27499962	66504	1.06500006	200	0	0
-8.28899956	66503.0078	1.09200001	200	0	0
-8.28499985	66485	1.34399998	200	0	0
-8.28899956	66485	1.329	200	0	0
-8.28800011	66481	1.34399998	200	0	0
-8.29599953	66484.0078	1.32799995	200	0	0
-8.21199989	66508	0.927999973	200	0	0
-8.21100044	66508	0.97299999	200	0	0
-8.20400047	66507	0.915000021	200	0	0
-8.20600033	66508	0.958999991	200	0	0
-8.20499992	66507	0.92900002	200	0	0
-8.2130003	66507	0.972000003	200	0	0
-8.2159996	66507	0.957000017	200	0	0
-8.28600025	66489	1.34399998	200	0	0
-8.2869997	66491	1.28499997	200	0	0
-8.29300022	66484.0078	1.41700006	200	0	0
-8.33399963	66444	1.47599995	200	0	0
-8.33399963	66443	1.56500006	200	0	0
-8.33600044	66444	1.51999998	200	0	0
-8.2840004	66507	1.03400004	200	0	0
-8.2869997	66506	1.01800001	200	0	0
-8.26500034	66507	1.06700003	200	0	0
-8.28499985	66507	1.04900002	200	0	0
-8.28299999	66506	1.10800004	200	0	0
-8.28899956	66506	1.03299999	200	0	0
-8.28499985	66505	1.10800004	200	0	0
-8.27900028	66505	1.01999998	200	0	0
-8.29100037	66506	1.04700005	200	0	0
-8.28100014	66506	1.06400001	200	0	0
-8.26599979	66505	1.09599996	200	0	0
-8.2869997	66505	1.03299999	200	0	0
-8.2869997	66505	1.04799998	200	0	0
-8.28899956	66500	1.19599998	200	0	0
-8.27200031	66507	1.11000001	200	0	0
-8.27400017	66502	1.18400002	200	0	0
-8.2840004	66507	1.01900005	200	0	0
-8.28600025	66492	1.27100003	200	0	0
-8.27700043	66495	1.28699994	200	0	0
-8.27999973	66508	1.03400004	200	0	0
-8.26900005	66508	1.06599998	200	0	0
-8.28299999	66508	1.04900002	200	0	0
-8.28299999	66505	1.18200004	200	0	0
-8.27700043	66508	1.10899997	200	0	0
-8.27200031	66509.0078	1.06599998	200	0	0
-8.27700043	66509.0078	1.04999995	200	0	0
-8.28100014	66508	1.01900005	200	0	0
-8.26299953	66509.0078	1.097	200	0	0
-8.20300007	66512	0.915000021	200	0	0
-8.18400002	66511	0.91900003	200	0	0
-8.21500015	66510	0.926999986	200	0	0
-8.2130003	66510	0.958000004	200	0	0
-8.20800018	66509.0078	0.92900002	200	0	0
-8.21100044	66509.0078	0.97299999	200	0	0
-8.26799965	66511	1.06599998	200	0	0
-8.27600002	66511	1.04999995	200	0	0
-8.27499962	66510	1.06500006	200	0	0
-8.27600002	66510	1.04999995	200	0	0
-8.26799965	66510	1.09599996	200	0	0
-8.31000042	66492	1.34099996	200	0	0
-8.29500008	66492	1.31400001	200	0	0
-8.29899979	66492	1.35699999	200	0	0
-8.31999969	66436	1.62300003	200	0	0
-8.26799965	66505	1.199	200	0	0
-8.27700043	66505	1.28699994	200	0	0
-8.33500004	66442	1.69700003	200	0	0
-8.33399963	66443	1.68200004	200	0	0
-8.33100033	66442	1.68200004	200	0	0
-8.32900047	66443	1.66799998	200	0	0
-8.32299995	66437	1.69599998	200	0	0
-8.34000015	66440.0078	1.66499996	200	0	0
-8.32800007	66439	1.66600001	200	0	0
-8.33300018	66438	1.66600001	200	0	0
-8.31700039	66436	1.63800001	200	0	0
-8.27600002	66512	1.25699997	200	0	0
-8.26500034	66511	1.36199999	200	0	0
-8.2869997	66512	1.34399998	200	0	0
-8.26799965	66511	1.347	200	0	0
-8.27600002	66509.0078	1.36000001	200	0	0
-8.25800037	66510	1.34800005	200	0	0
-8.27000046	66511	1.33200002	200	0	0
-8.29300022	66512	1.26999998	200	0	0
-8.26900005	66511	1.31700003	200	0	0
-8.27299976	66510	1.33099997	200	0	0
-8.27799988	66510	1.31599998	200	0	0
-8.31099987	66437	1.75600004	200	0	0
-8.31400013	66448	1.74399996	200	0	0
-8.30500031	66447	1.745	200	0	0
-8.30300045	66446	1.745	200	0	0
-8.31799984	66438	1.74100006	200	0	0
-8.31599998	66447	1.671	200	0	0
-8.33500004	66446	1.66900003	200	0	0
-8.32400036	66440.0078	1.74000001	200	0	0
-8.31999969	66443	1.74199998	200	0	0
-8.32699966	66441	1.74000001	200	0	0
-8.33300018	66442	1.74100006	200	0	0
-8.32299995	66443	1.71200001	200	0	0
-8.33500004	66443	1.69700003	200	0	0
-8.30500031	66451	1.64300001	200	0	0
-8.2869997	66435	1.78699994	200	0	0
-8.29100037	66435	1.75800002	200	0	0
-8.24699974	66510	1.42299998	200	0	0
-8.26299953	66510	1.40600002	200	0	0
-8.26299953	66511	1.40600002	200	0	0
-8.2840004	66512	1.38900006	200	0	0
-8.26799965	66511	1.39100003	200	0	0
-8.27400017	66512	1.36099994	200	0	0
-8.3039999	66456	1.68700004	200	0	0
-8.30000019	66454	1.67200005	200	0	0
-8.31599998	66457	1.74399996	200	0	0
-8.28499985	66456	1.74699998	200	0	0
-8.30900002	66454	1.70099998	200	0	0
-8.26399994	66450	1.79200006	200	0	0
-8.30099964	66455	1.745	200	0	0
-8.29399967	66453.0078	1.74600005	200	0	0
-8.28999996	66450	1.77499998	200	0	0
-8.28100014	66450	1.76199996	200	0	0
-8.30599976	66452	1.745	200	0	0
-8.29599953	66450	1.74600005	200	0	0
-8.3210001	66458	1.66999996	200	0	0
-8.32199955	66457	1.66999996	200	0	0
-8.31499958	66457	1.64199996	200	0	0
-8.24800014	66438	1.86300004	200	0	0
-8.24199963	66435	1.86300004	200	0	0
-8.31299973	66464	1.74600005	200	0	0
-8.31799984	66462	1.75999999	200	0	0
-8.29899979	66463	1.74699998	200	0	0
-8.29100037	66465.0078	1.68900001	200	0	0
-8.31799984	66461	1.75999999	200	0	0
-8.30000019	66462	1.74699998	200	0	0
-8.31799984	66460	1.75999999	200	0	0
-8.31299973	66464	1.70200002	200	0	0
-8.31200027	66464	1.68700004	200	0	0
-8.30200005	66461	1.74699998	200	0	0
-8.31700039	66463	1.70099998	200	0	0
-8.29800034	66460	1.74699998	200	0	0
-8.30900002	66463	1.67299998	200	0	0
-8.28600025	66458	1.74699998	200	0	0
-8.28199959	66465.0078	1.77699995	200	0	0
-8.31599998	66464	1.75999999	200	0	0
-8.28600025	66459.0078	1.57200003	200	0	0
-8.22599983	66446	1.91100001	200	0	0
-8.25	66445	1.90900004	200	0	0
-8.22099972	66444	1.90900004	200	0	0
-8.21399975	66442	1.90999997	200	0	0
-8.22200012	66440.0078	1.90799999	200	0	0
-8.2329998	66435	1.90699995	200	0	0
-8.2329998	66441	1.90699995	200	0	0
-8.22599983	66436	1.90799999	200	0	0
-8.22099972	66438	1.90799999	200	0	0
-8.23200035	66435	1.89300001	200	0	0
-8.22900009	66438	1.89300001	200	0	0
-8.30900002	66473	1.704	200	0	0
-8.31499958	66470	1.67400002	200	0	0
-8.30700016	66473	1.74800003	200	0	0
-8.30000019	66469	1.67499995	200	0	0
-8.28999996	66472	1.74899995	200	0	0
-8.31700039	66468	1.67400002	200	0	0
-8.31299973	66472	1.76199996	200	0	0
-8.3039999	66469	1.68900001	200	0	0
-8.29399967	66471	1.74899995	200	0	0
-8.29500008	66468	1.69000006	200	0	0
-8.27200031	66465.0078	1.79299998	200	0	0
-8.30200005	66470	1.74800003	200	0	0
-8.29199982	66467	1.74899995	200	0	0
-8.31400013	66467	1.76199996	200	0	0
-8.3039999	66473	1.63100004	200	0	0
-8.29599953	66474	1.69200003	200	0	0
-8.31099987	66473	1.67400002	200	0	0
-8.29300022	66471	1.64699996	200	0	0
-8.29899979	66471	1.67499995	200	0	0
-8.20899963	66455	1.91199994	200	0	0
-8.24400043	66454	1.90900004	200	0	0
-8.22599983	66453.0078	1.89600003	200	0	0
-8.22000027	66453.0078	1.91100001	200	0	0
-8.20600033	66452	1.91199994	200	0	0
-8.22200012	66451	1.91100001	200	0	0
-8.22299957	66450	1.89600003	200	0	0
-8.21500015	66450	1.91100001	200	0	0
-8.21800041	66449	1.91100001	200	0	0
-8.22000027	66448	1.91100001	200	0	0
-8.22599983	66447	1.91100001	200	0	0
-8.28299999	66481	1.65199995	200	0	0
-8.29599953	66478.0078	1.62	200	0	0
-8.28600025	66481	1.75399995	200	0	0
-8.27900028	66482	1.69700003	200	0	0
-8.2840004	66481	1.68099999	200	0	0
-8.29500008	66480	1.75300002	200	0	0
-8.27799988	66481	1.71099997	200	0	0
-8.2840004	66481	1.69599998	200	0	0
-8.30200005	66477	1.63399994	200	0	0
-8.29300022	66476	1.63499999	200	0	0
-8.28199959	66480	1.71099997	200	0	0
-8.29199982	66480	1.72399998	200	0	0
-8.31900024	66477	1.76400006	200	0	0
-8.29599953	66477	1.64900005	200	0	0
-8.30700016	66478.0078	1.75100005	200	0	0
-8.28999996	66479	1.72500002	200	0	0
-8.27400017	66475	1.75199997	200	0	0
-8.31200027	66477	1.75	200	0	0
-8.29399967	66476	1.67900002	200	0	0
-8.28199959	66476	1.69500005	200	0	0
-8.30099964	66477	1.70700002	200	0	0
-8.29199982	66476	1.72300005	200	0	0
-8.31299973	66475	1.67499995	200	0	0
-8.31700039	66475	1.69000006	200	0	0
-8.29500008	66482	1.75300002	200	0	0
-8.28600025	66481	1.78299999	200	0	0
-8.29399967	66481	1.76800001	200	0	0
-8.28199959	66480	1.56500006	200	0	0
-8.28499985	66481	1.579	200	0	0
-8.28899956	66482	1.65199995	200	0	0
-8.28199959	66481	1.63800001	200	0	0
-8.28499985	66481	1.62300003	200	0	0
-8.2869997	66480	1.60800004	200	0	0
-8.29300022	66478.0078	1.60599995	200	0	0
-8.22599983	66463	1.91199994	200	0	0
-8.2159996	66462	1.91299999	200	0	0
-8.21800041	66460	1.91299999	200	0	0
-8.21800041	66459.0078	1.91100001	200	0	0
-8.23900032	66457	1.90999997	200	0	0
-8.21199989	66458	1.91199994	200	0	0
-8.2130003	66456	1.91199994	200	0	0
-8.28199959	66490.0078	1.68200004	200	0	0
-8.28299999	66481	1.56500006	200	0	0
-8.2840004	66489	1.68099999	200	0	0
-8.2869997	66489	1.63699996	200	0	0
-8.28199959	66489	1.653	200	0	0
-8.28999996	66488	1.63699996	200	0	0
-8.2840004	66486	1.60800004	200	0	0
-8.30000019	66486	1.67999995	200	0	0
-8.28100014	66484.0078	1.69599998	200	0	0
-8.29800034	66485	1.62199998	200	0	0
-8.29100037	66485	1.68099999	200	0	0
-8.28600025	66485	1.63699996	200	0	0
-8.27200031	66484.0078	1.62399995	200	0	0
-8.2869997	66485	1.65199995	200	0	0
-8.27000046	66484.0078	1.63900006	200	0	0
-8.28299999	66484.0078	1.65199995	200	0	0
-8.27400017	66490.0078	1.755	200	0	0
-8.27700043	66489	1.755	200	0	0
-8.30799961	66487	1.75199997	200	0	0
-8.28999996	66486	1.75399995	200	0	0
-8.27499962	66481	1.79900002	200	0	0
-8.29599953	66484.0078	1.76800001	200	0	0
-8.28899956	66484.0078	1.75399995	200	0	0
-8.30000019	66491	1.76699996	200	0	0
-8.21399975	66472	1.91400003	200	0	0
-8.20499992	66471	1.91499996	200	0	0
-8.22099972	66470	1.91400003	200	0	0
-8.20199966	66469	1.91499996	200	0	0
-8.21199989	66468	1.91400003	200	0	0
-8.21000004	66467	1.91499996	200	0	0
-8.20899963	66466	1.91499996	200	0	0
-8.20899963	66465.0078	1.89900005	200	0	0
-8.21700001	66465.0078	1.91299999	200	0	0
-8.27799988	66500	1.68200004	200	0	0
-8.28999996	66499	1.72500002	200	0	0
-8.29100037	66499	1.71000004	200	0	0
-8.27700043	66496	1.755	200	0	0
-8.27600002	66498	1.72599995	200	0	0
-8.27499962	66498	1.63900006	200	0	0
-8.27000046	66499	1.68299997	200	0	0
-8.29300022	66495	1.75300002	200	0	0
-8.27099991	66498	1.68299997	200	0	0
-8.28800011	66493	1.75399995	200	0	0
-8.27799988	66497	1.653	200	0	0
-8.27600002	66496	1.72599995	200	0	0
-8.27700043	66496	1.63800001	200	0	0
-8.26599979	66497	1.69799995	200	0	0
-8.27600002	66497	1.68200004	200	0	0
-8.2840004	66495	1.72500002	200	0	0
-8.27400017	66496	1.69700003	200	0	0
-8.28199959	66494	1.65199995	200	0	0
-8.27900028	66492	1.72599995	200	0	0
-8.27200031	66494	1.68299997	200	0	0
-8.25899982	66495	1.56700003	200	0	0
-8.27099991	66495	1.58099997	200	0	0
-8.28999996	66499	1.76800001	200	0	0
-8.29100037	66499	1.75399995	200	0	0
-8.28499985	66498	1.76900005	200	0	0
-8.27299976	66498	1.755	200	0	0
-8.26200008	66496	1.79999995	200	0	0
-8.27499962	66497	1.755	200	0	0
-8.28499985	66496	1.78299999	200	0	0
-8.27999973	66496	1.76900005	200	0	0
-8.21399975	66481	1.87600005	200	0	0
-8.29599953	66500	1.72399998	200	0	0
-8.29599953	66500	1.75300002	200	0	0
-8.28600025	66500	1.76900005	200	0	0
-8.20199966	66481	1.90499997	200	0	0
-8.20600033	66481	1.91999996	200	0	0
-8.20600033	66479	1.91900003	200	0	0
-8.21000004	66478.0078	1.91799998	200	0	0
-8.20600033	66477	1.91799998	200	0	0
-8.20899963	66476	1.91799998	200	0	0
-8.20899963	66475	1.91600001	200	0	0
-8.20899963	66473	1.91499996	200	0	0
-8.27900028	66504	1.76900005	200	0	0
-8.27099991	66509.0078	1.65400004	200	0	0
-8.27400017	66509.0078	1.68200004	200	0	0
-8.29199982	66502	1.76800001	200	0	0
-8.27900028	66505	1.755	200	0	0
-8.27299976	66508	1.653	200	0	0
-8.28800011	66504	1.75399995	200	0	0
-8.27099991	66508	1.68299997	200	0	0
-8.27700043	66507	1.71099997	200	0	0
-8.27999973	66502	1.755	200	0	0
-8.28999996	66505	1.72500002	200	0	0
-8.2869997	66506	1.68099999	200	0	0
-8.2840004	66504	1.63800001	200	0	0
-8.28800011	66505	1.69599998	200	0	0
-8.27999973	66505	1.68200004	200	0	0
-8.27299976	66500	1.63900006	200	0	0
-8.29800034	66502	1.70899999	200	0	0
-8.28299999	66500	1.71099997	200	0	0
-8.26799965	66508	1.75600004	200	0	0
-8.28199959	66507	1.75399995	200	0	0
-8.27700043	66496	1.551	200	0	0
-8.27200031	66498	1.551	200	0	0
-8.27099991	66498	1.58099997	200	0	0
-8.27299976	66499	1.47800004	200	0	0
-8.28499985	66498	1.477	200	0	0
-8.28100014	66496	1.477	200	0	0
-8.26200008	66499	1.49399996	200	0	0
-8.27700043	66498	1.49199998	200	0	0
-8.27799988	66496	1.49199998	200	0	0
-8.27099991	66501	1.53699994	200	0	0
-8.27600002	66496	1.50699997	200	0	0
-8.25899982	66495	1.50899994	200	0	0
-8.27700043	66496	1.53600001	200	0	0
-8.27000046	66495	1.53699994	200	0	0
-8.20699978	66489	1.90499997	200	0	0
-8.20499992	66488	1.91999996	200	0	0
-8.21000004	66487	1.91900003	200	0	0
-8.20400047	66486	1.91999996	200	0	0
-8.20400047	66485	1.91999996	200	0	0
-8.20600033	66484.0078	1.91999996	200	0	0
-8.20100021	66483	1.91999996	200	0	0
-8.21000004	66482	1.91900003	200	0	0
-8.27099991	66509.0078	1.72599995	200	0	0
-8.25500011	66509.0078	1.75699997	200	0	0
-8.28899956	66509.0078	1.76800001	200	0	0
-8.19900036	66490.0078	1.91999996	200	0	0
-8.27400017	66510	1.69700003	200	0	0
-8.26399994	66511	1.71200001	200	0	0
-8.25399971	66511	1.72800004	200	0	0
-8.27099991	66510	1.71200001	200	0	0
-8.2840004	66510	1.72500002	200	0	0
-8.27200031	66511	1.76999998	200	0	0
-8.27200031	66510	1.755	200	0	0
-8.26099968	66510	1.56700003	200	0	0
-8.2670002	66511	1.58099997	200	0	0
-8.25199986	66509.0078	1.58299994	200	0	0
-8.26200008	66510	1.58200002	200	0	0
-8.26299953	66511	1.69799995	200	0	0
-8.26099968	66511	1.61099994	200	0	0
-8.2670002	66510	1.61000001	200	0	0
-8.26200008	66512	1.625	200	0	0
-8.26099968	66511	1.68400002	200	0	0
-8.26200008	66511	1.625	200	0	0
-8.27099991	66510	1.62399995	200	0	0
-8.27200031	66510	1.68299997	200	0	0
-8.26000023	66511	1.63999999	200	0	0
-8.26200008	66511	1.65400004	200	0	0
-8.26299953	66510	1.63999999	200	0	0
-8.27200031	66509.0078	1.63900006	200	0	0
-8.27700043	66496	1.46300006	200	0	0
-8.25599957	66510	1.55299997	200	0	0
-8.21399975	66497	1.91900003	200	0	0
-8.18500042	66496	1.93499994	200	0	0
-8.20300007	66496	1.91999996	200	0	0
-8.19499969	66496	1.90600002	200	0	0
-8.21399975	66494	1.93299997	200	0	0
-8.19999981	66494	1.91999996	200	0	0
-8.19999981	66493	1.91999996	200	0	0
-8.26500034	66511	1.53799999	200	0	0
-8.1960001	66506	1.91999996	200	0	0
-8.17300034	66505	1.92200005	200	0	0
-8.19099998	66504	1.921	200	0	0
-8.20199966	66503.0078	1.93400002	200	0	0
-8.20100021	66502	1.91999996	200	0	0
-8.19699955	66501	1.91999996	200	0	0
-8.17099953	66512	1.93599999	200	0	0
-8.18900013	66511	1.90600002	200	0	0
-8.19999981	66511	1.93400002	200	0	0
-8.19299984	66511	1.91999996	200	0	0
-8.19400024	66510	1.91999996	200	0	0
-8.21700001	66509.0078	1.93299997	200	0	0
-8.22099972	66508	1.91900003	200	0	0
-8.19400024	66509.0078	1.91999996	200	0	0
-8.22099972	66507	1.93299997	200	0	0
-8.18099976	66507	1.921	200	0	0
