-3.1500001	6.98799992	-0.200000003	200	0	0
-3.13400006	6.98810005	-0.101999998	200	0	0
-3.14599991	6.98859978	-0.122000001	200	0	0
-3.13100004	6.98890018	-0.165999994	200	0	0
-3.12800002	6.98890018	-0.229000002	200	0	0
-3.13000011	6.98890018	-0.184	200	0	0
-3.13499999	6.98880005	-0.245000005	200	0	0
-3.13400006	6.98890018	-0.216000006	200	0	0
-3.12899995	6.98890018	-0.192000002	200	0	0
-3.14100003	6.98869991	-0.25999999	200	0	0
-3.14499998	6.98859978	-0.130999997	200	0	0
-3.13400006	6.98810005	-0.112000003	200	0	0
-3.14100003	6.98880005	-0.239999995	200	0	0
-3.125	6.98820019	-0.282999992	200	0	0
-3.13800001	6.98820019	-0.115000002	200	0	0
-3.13599992	6.98869991	-0.246000007	200	0	0
-3.13499999	6.98820019	-0.122000001	200	0	0
-3.12700009	6.98820019	-0.275000006	200	0	0
-3.14700007	6.98869991	-0.159999996	200	0	0
-3.13800001	6.98869991	-0.238000005	200	0	0
-3.14199996	6.98859978	-0.147	200	0	0
-3.14400005	6.98869991	-0.166999996	200	0	0
-3.13800001	6.98859978	-0.152999997	200	0	0
-3.12599993	6.98820019	-0.131999999	200	0	0
-3.14100003	6.98810005	-0.127000004	200	0	0
-3.14499998	6.98869991	-0.177000001	200	0	0
-3.13899994	6.98869991	-0.218999997	200	0	0
-3.13700008	6.98869991	-0.188999996	200	0	0
-3.14299989	6.98869991	-0.213	200	0	0
-3.1400001	6.98869991	-0.201000005	200	0	0
-3.12800002	6.98810005	-0.134000003	200	0	0
-3.14599991	6.98859978	-0.169	200	0	0
-3.1329999	6.98859978	-0.186000004	200	0	0
-3.14599991	6.98859978	-0.179000005	200	0	0
-3.12599993	6.98810005	-0.142000005	200	0	0
-3.13499999	6.98859978	-0.196999997	200	0	0
-3.13100004	6.98820019	-0.145999998	200	0	0
-3.12299991	6.98810005	-0.148000002	200	0	0
-3.12700009	6.98820019	-0.246999994	200	0	0
-3.13100004	6.98820019	-0.156000003	200	0	0
-3.12400007	6.98820019	-0.233999997	200	0	0
-3.13000011	6.98820019	-0.164000005	200	0	0
-3.12899995	6.98810005	-0.163000003	200	0	0
-3.12700009	6.98820019	-0.226999998	200	0	0
-3.12800002	6.98820019	-0.180999994	200	0	0
-3.12599993	6.98820019	-0.188999996	200	0	0
-3.13199997	6.98820019	-0.213	200	0	0
-3.13199997	6.98820019	-0.202999994	200	0	0
-3.13000011	6.98810005	-0.210999995	200	0	0
-3.14299989	6.98799992	-0.202999994	200	0	0
-3.1500001	6.98799992	-0.200000003	200	0	0
-3.12299991	6.9890008	-0.140000001	200	0	0
-3.13000011	6.9890008	-0.064000003	200	0	0
-3.14700007	6.98849964	-0.0140000004	200	0	0
-3.13199997	6.98890018	-0.157000005	200	0	0
-3.12700009	6.9890008	-0.134000003	200	0	0
-3.12800002	6.9890008	-0.0700000003	200	0	0
-3.148	6.98840094	-0.0149999997	200	0	0
-3.12299991	6.9890008	-0.0850000009	200	0	0
-3.13100004	6.9890008	-0.119000003	200	0	0
-3.14299989	6.98849964	-0.0199999996	200	0	0
-3.12899995	6.9890008	-0.108000003	200	0	0
-3.12800002	6.9890008	-0.0979999974	200	0	0
-3.13700008	6.98810005	-0.0140000004	200	0	0
-3.14400005	6.98840094	-0.0209999997	200	0	0
-3.14899993	6.98849964	-0.0340000018	200	0	0
-3.13700008	6.98820019	-0.023	200	0	0
-3.13899994	6.98810005	-0.0240000002	200	0	0
-3.1500001	6.98840094	-0.0340000018	200	0	0
-3.1500001	6.98849964	-0.0439999998	200	0	0
-3.14599991	6.98840094	-0.0399999991	200	0	0
-3.13800001	6.98820019	-0.0329999998	200	0	0
-3.13800001	6.98810005	-0.0329999998	200	0	0
-3.14599991	6.98849964	-0.0579999983	200	0	0
-3.1329999	6.98820019	-0.0469999984	200	0	0
-3.14199996	6.98849964	-0.064000003	200	0	0
-3.148	6.98859978	-0.0869999975	200	0	0
-3.13400006	6.98810005	-0.0480000004	200	0	0
-3.15100002	6.98840094	-0.061999999	200	0	0
-3.14400005	6.98859978	-0.101999998	200	0	0
-3.1400001	6.98859978	-0.108000003	200	0	0
-3.14899993	6.98849964	-0.0790000036	200	0	0
-3.13400006	6.98820019	-0.057	200	0	0
-3.1329999	6.98810005	-0.0560000017	200	0	0
-3.14599991	6.98849964	-0.0850000009	200	0	0
-3.14299989	6.98849964	-0.109999999	200	0	0
-3.14299989	6.98849964	-0.101000004	200	0	0
-3.13599992	6.98820019	-0.0670000017	200	0	0
-3.13800001	6.98810005	-0.0689999983	200	0	0
-3.13599992	6.98820019	-0.0769999996	200	0	0
-3.14100003	6.98810005	-0.0799999982	200	0	0
-3.1329999	6.98820019	-0.0920000002	200	0	0
-3.12899995	6.98810005	-0.0890000015	200	0	0
-3.1329999	6.98820019	-0.101999998	200	0	0
-3.12100005	6.9890995	-0.203999996	200	0	0
-3.12599993	6.9890008	-0.208000004	200	0	0
-3.14199996	6.9890008	-0.0370000005	200	0	0
-3.12400007	6.9890008	-0.0399999991	200	0	0
-3.12400007	6.9890995	-0.196999997	200	0	0
-3.1329999	6.9890995	-0.0480000004	200	0	0
-3.12299991	6.9890008	-0.195999995	200	0	0
-3.13000011	6.9890995	-0.0540000014	200	0	0
-3.12199998	6.9890995	-0.186000004	200	0	0
-3.12700009	6.9890008	-0.0520000011	200	0	0
-3.11999989	6.9890008	-0.184	200	0	0
-3.13000011	6.9890995	-0.064000003	200	0	0
-3.11999989	6.9890995	-0.173999995	200	0	0
-3.12199998	6.9890008	-0.175999999	200	0	0
-3.13400006	6.9890995	-0.075000003	200	0	0
-3.125	6.9890995	-0.159999996	200	0	0
-3.12899995	6.9890995	-0.0890000015	200	0	0
-3.12599993	6.9890995	-0.151999995	200	0	0
-3.12700009	6.9890008	-0.162	200	0	0
-3.12100005	6.9890995	-0.137999997	200	0	0
-3.13000011	6.9890995	-0.0989999995	200	0	0
-3.12599993	6.9890995	-0.133000001	200	0	0
-3.12700009	6.9890008	-0.152999997	200	0	0
-3.13100004	6.9890995	-0.109999999	200	0	0
-3.13000011	6.9890995	-0.118000001	200	0	0
-3.14299989	6.98880005	-0.261000007	200	0	0
-3.12899995	6.98890018	-0.259000003	200	0	0
-3.12400007	6.9890008	-0.254999995	200	0	0
-3.11899996	6.9890995	-0.25	200	0	0
-3.12199998	6.9890995	-0.243000001	200	0	0
-3.12199998	6.9890008	-0.243000001	200	0	0
-3.13199997	6.98890018	-0.241999999	200	0	0
-3.11999989	6.9890008	-0.231999993	200	0	0
-3.11400008	6.9890995	-0.225999996	200	0	0
-3.11999989	6.9890995	-0.222000003	200	0	0
-3.12100005	6.9890008	-0.223000005	200	0	0
-3.11800003	6.9890008	-0.326999992	200	0	0
-3.12700009	6.98890018	-0.324999988	200	0	0
-3.11999989	6.9890008	-0.317999989	200	0	0
-3.11500001	6.9890995	-0.31400001	200	0	0
-3.1329999	6.98919964	-0.31099999	200	0	0
-3.13700008	6.98880005	-0.31400001	200	0	0
-3.12899995	6.98890018	-0.307999998	200	0	0
-3.13899994	6.98880005	-0.305999994	200	0	0
-3.13199997	6.98919964	-0.300000012	200	0	0
-3.11999989	6.9890995	-0.300000012	200	0	0
-3.12299991	6.9890008	-0.301999986	200	0	0
-3.12400007	6.9890995	-0.293000013	200	0	0
-3.12700009	6.98890018	-0.296000004	200	0	0
-3.125	6.9890008	-0.294	200	0	0
-3.13499999	6.98880005	-0.293000013	200	0	0
-3.13599992	6.98919964	-0.284000009	200	0	0
-3.12400007	6.98919964	-0.282999992	200	0	0
-3.13700008	6.98880005	-0.284999996	200	0	0
-3.12700009	6.98890018	-0.286000013	200	0	0
-3.14899993	6.98869991	-0.275999993	200	0	0
-3.11800003	6.9890995	-0.277999997	200	0	0
-3.12700009	6.98890018	-0.27700001	200	0	0
-3.11599994	6.9890995	-0.26699999	200	0	0
-3.14100003	6.98880005	-0.268999994	200	0	0
-3.12100005	6.9890995	-0.338999987	200	0	0
-3.12299991	6.9890008	-0.340999991	200	0	0
-3.13199997	6.98880005	-0.340000004	200	0	0
-3.12899995	6.98890018	-0.337000012	200	0	0
-3.12800002	6.98919964	-0.326000005	200	0	0
-3.11899996	6.9890995	-0.328000009	200	0	0
-3.12899995	6.98820019	-0.307000011	200	0	0
-3.13199997	6.98880005	-0.330000013	200	0	0
-3.11800003	6.9890995	-0.347000003	200	0	0
-3.125	6.98890018	-0.352999985	200	0	0
-3.12100005	6.9890008	-0.349000007	200	0	0
-3.13000011	6.98919964	-0.338	200	0	0
-3.15199995	6.98840094	0.00899999961	200	0	0
-3.1500001	6.98840094	0.00200000009	200	0	0
-3.12899995	6.9890008	0.0270000007	200	0	0
-3.1329999	6.9890995	0.0240000002	200	0	0
-3.15100002	6.98849964	0.00100000005	200	0	0
-3.13499999	6.9890995	0.0140000004	200	0	0
-3.13400006	6.9890008	0.0140000004	200	0	0
-3.12800002	6.9890008	0.00200000009	200	0	0
-3.1329999	6.9890995	-0.00300000003	200	0	0
-3.12800002	6.9890008	-0.00800000038	200	0	0
-3.13100004	6.9890995	-0.00999999978	200	0	0
-3.13100004	6.9890995	-0.0189999994	200	0	0
-3.13499999	6.9890008	-0.0219999999	200	0	0
-3.13499999	6.9890995	-0.0309999995	200	0	0
-3.13499999	6.9890008	0.0659999996	200	0	0
-3.13700008	6.9890995	0.0560000017	200	0	0
-3.1329999	6.9890008	0.0590000004	200	0	0
-3.14100003	6.98810005	0.061999999	200	0	0
-3.13000011	6.9890995	0.0439999998	200	0	0
-3.1559999	6.98840094	0.0670000017	200	0	0
-3.12700009	6.9890008	0.0460000001	200	0	0
-3.12800002	6.9890995	0.0359999985	200	0	0
-3.1500001	6.98840094	0.064000003	200	0	0
-3.14299989	6.98810005	0.0520000011	200	0	0
-3.12800002	6.9890008	0.0359999985	200	0	0
-3.13700008	6.98810005	0.0390000008	200	0	0
-3.13899994	6.98810005	0.0289999992	200	0	0
-3.13800001	6.98810005	0.0199999996	200	0	0
-3.13599992	6.98810005	0.0130000003	200	0	0
-3.1329999	6.98810005	-0.00200000009	200	0	0
-3.13899994	6.98820019	0.0109999999	200	0	0
-3.14599991	6.98840094	0.023	200	0	0
-3.1329999	6.98820019	-0.00200000009	200	0	0
-3.13000011	6.98919964	-0.34799999	200	0	0
-3.125	6.98919964	-0.382999986	200	0	0
-3.12400007	6.98919964	-0.372000009	200	0	0
-3.13100004	6.98919964	-0.35800001	200	0	0
-3.11400008	6.9890995	-0.363000005	200	0	0
-3.11800003	6.98849964	-0.437999994	200	0	0
-3.13199997	6.9890008	0.0780000016	200	0	0
-3.13400006	6.9890995	0.0670000017	200	0	0
-3.13100004	6.9890995	0.120999999	200	0	0
-3.13199997	6.9890008	0.120999999	200	0	0
-3.13499999	6.9890995	0.109999999	200	0	0
-3.13700008	6.9890008	0.108000003	200	0	0
-3.13499999	6.9890008	0.101000004	200	0	0
-3.13599992	6.9890995	0.100000001	200	0	0
-3.13000011	6.9890008	0.0869999975	200	0	0
-3.1329999	6.9890995	0.0850000009	200	0	0
-3.13100004	6.9890995	0.0780000016	200	0	0
-3.1329999	6.9890008	0.162	200	0	0
-3.13499999	6.9890995	0.159999996	200	0	0
-3.13599992	6.9890995	0.150999993	200	0	0
-3.13800001	6.9890008	0.150000006	200	0	0
-3.13700008	6.9890008	0.142000005	200	0	0
-3.13899994	6.9890995	0.141000003	200	0	0
-3.13100004	6.9890008	0.129999995	200	0	0
-3.13499999	6.9890995	0.127000004	200	0	0
-3.14100003	6.98820019	0.157000005	200	0	0
-3.1400001	6.98810005	0.157000005	200	0	0
-3.1559999	6.98830032	0.144999996	200	0	0
-3.14199996	6.98810005	0.148000002	200	0	0
-3.14499998	6.98820019	0.144999996	200	0	0
-3.1559999	6.98830032	0.136000007	200	0	0
-3.14199996	6.98820019	0.138999999	200	0	0
-3.13100004	6.9890008	0.172000006	200	0	0
-3.13400006	6.9890995	0.170000002	200	0	0
-3.13700008	6.9890995	0.209999993	200	0	0
-3.13800001	6.9890008	0.201000005	200	0	0
-3.13899994	6.9890995	0.200000003	200	0	0
-3.13800001	6.9890995	0.192000002	200	0	0
-3.1400001	6.9890008	0.189999998	200	0	0
-3.13700008	6.9890008	0.184	200	0	0
-3.1400001	6.9890995	0.181999996	200	0	0
-3.13899994	6.98820019	0.165999994	200	0	0
-3.1400001	6.98810005	0.200000003	200	0	0
-3.14199996	6.98810005	0.189999998	200	0	0
-3.13800001	6.98820019	0.209999993	200	0	0
-3.13100004	6.9890008	0.254999995	200	0	0
-3.14199996	6.98810005	0.181999996	200	0	0
-3.12299991	6.9890008	0.252999991	200	0	0
-3.14199996	6.98810005	0.165000007	200	0	0
-3.13499999	6.9890995	0.252000004	200	0	0
-3.14100003	6.98820019	0.199000001	200	0	0
-3.13899994	6.98820019	0.192000002	200	0	0
-3.14299989	6.98820019	0.180000007	200	0	0
-3.13800001	6.9890995	0.241999999	200	0	0
-3.11800003	6.9890008	0.239999995	200	0	0
-3.13899994	6.9890995	0.232999995	200	0	0
-3.13899994	6.9890008	0.232999995	200	0	0
-3.1400001	6.9890995	0.224000007	200	0	0
-3.14100003	6.98810005	0.248999998	200	0	0
-3.14199996	6.98820019	0.247999996	200	0	0
-3.14100003	6.98810005	0.239999995	200	0	0
-3.14299989	6.98820019	0.238999993	200	0	0
-3.14400005	6.98810005	0.230000004	200	0	0
-3.14599991	6.98820019	0.228	200	0	0
-3.14499998	6.98820019	0.221000001	200	0	0
-3.14599991	6.98810005	0.219999999	200	0	0
-3.14100003	6.98810005	0.207000002	200	0	0
-3.13199997	6.9890008	0.270999998	200	0	0
-3.1400001	6.9890995	0.264999986	200	0	0
-3.1400001	6.9890008	0.305999994	200	0	0
-3.14299989	6.9890995	0.30399999	200	0	0
-3.13800001	6.9890008	0.291000009	200	0	0
-3.13899994	6.9890995	0.289999992	200	0	0
-3.13599992	6.9890008	0.284000009	200	0	0
-3.1400001	6.9890995	0.282000005	200	0	0
-3.13199997	6.9890008	0.279000014	200	0	0
-3.14100003	6.9890995	0.272000015	200	0	0
-3.14499998	6.98820019	0.261999995	200	0	0
-3.14599991	6.98810005	0.261000007	200	0	0
-3.13800001	6.98820019	0.291999996	200	0	0
-3.14100003	6.98810005	0.289999992	200	0	0
-3.14400005	6.98820019	0.279000014	200	0	0
-3.14400005	6.98810005	0.279000014	200	0	0
-3.14499998	6.98820019	0.270000011	200	0	0
-3.14700007	6.98810005	0.268999994	200	0	0
-3.14499998	6.98810005	0.303000003	200	0	0
-3.14499998	6.98820019	0.303000003	200	0	0
-3.14100003	6.9890008	0.354000002	200	0	0
-3.14700007	6.98820019	0.310000002	200	0	0
-3.14400005	6.9890995	0.351999998	200	0	0
-3.14400005	6.9890995	0.344000012	200	0	0
-3.14299989	6.9890008	0.344000012	200	0	0
-3.13899994	6.9890008	0.331	200	0	0
-3.14100003	6.9890995	0.330000013	200	0	0
-3.13599992	6.9890008	0.324999988	200	0	0
-3.1400001	6.9890995	0.321999997	200	0	0
-3.13700008	6.9890008	0.316000015	200	0	0
-3.14299989	6.9890995	0.312000006	200	0	0
-3.148	6.98810005	0.342000008	200	0	0
-3.148	6.98820019	0.340999991	200	0	0
-3.1400001	6.98820019	0.331	200	0	0
-3.14299989	6.98810005	0.328000009	200	0	0
-3.14100003	6.98820019	0.321999997	200	0	0
-3.14400005	6.98810005	0.319999993	200	0	0
-3.148	6.98810005	0.308999985	200	0	0
-3.14199996	6.9890995	0.368999988	200	0	0
-3.14100003	6.9890008	0.368999988	200	0	0
-3.1400001	6.9890995	0.361999989	200	0	0
-3.14400005	6.9890008	0.360000014	200	0	0
-3.16300011	6.98830032	0.370999992	200	0	0
-3.14400005	6.98820019	0.360000014	200	0	0
-3.14100003	6.9890995	0.400999993	200	0	0
-3.14199996	6.9890008	0.400999993	200	0	0
-3.148	6.98820019	0.349000007	200	0	0
-3.1559999	6.98830032	0.360000014	200	0	0
-3.14499998	6.9890995	0.391000003	200	0	0
-3.14400005	6.9890008	0.391000003	200	0	0
-3.16000009	6.98830032	0.349000007	200	0	0
-3.14299989	6.9890995	0.384000003	200	0	0
-3.14499998	6.9890008	0.381999999	200	0	0
-3.14700007	6.98810005	0.35800001	200	0	0
-3.14899993	6.98810005	0.349000007	200	0	0
-3.14700007	6.98820019	0.389999986	200	0	0
-3.15499997	6.98810005	0.38499999	200	0	0
-3.16000009	6.98830032	0.381000012	200	0	0
-3.14599991	6.98810005	0.381999999	200	0	0
-3.14899993	6.98820019	0.381000012	200	0	0
-3.14400005	6.98820019	0.368000001	200	0	0
-3.14700007	6.98810005	0.365999997	200	0	0
-3.15799999	6.98830032	0.398000002	200	0	0
-3.14499998	6.98810005	0.398999989	200	0	0
-3.1559999	6.98830032	0.391000003	200	0	0
-3.15700006	6.98840094	0.430000007	200	0	0
-3.14100003	6.9890995	0.448000014	200	0	0
-3.14100003	6.9890008	0.448000014	200	0	0
-3.16000009	6.98830032	0.412	200	0	0
-3.14100003	6.9890995	0.439999998	200	0	0
-3.14100003	6.9890008	0.439999998	200	0	0
-3.14499998	6.9890008	0.430000007	200	0	0
-3.14599991	6.9890995	0.42899999	200	0	0
-3.14599991	6.9890995	0.421000004	200	0	0
-3.14599991	6.9890008	0.421000004	200	0	0
-3.14100003	6.9890995	0.409000009	200	0	0
-3.14199996	6.9890008	0.407999992	200	0	0
-3.16000009	6.98840094	0.43599999	200	0	0
-3.148	6.98810005	0.43599999	200	0	0
-3.15899992	6.98830032	0.428000003	200	0	0
-3.15300012	6.98810005	0.425000012	200	0	0
-3.15100002	6.98810005	0.419	200	0	0
-3.14599991	6.9890008	0.467999995	200	0	0
-3.14700007	6.9890995	0.467999995	200	0	0
-3.14499998	6.9890008	0.460999995	200	0	0
-3.14899993	6.9890995	0.458000004	200	0	0
-3.15199995	6.98810005	0.465000004	200	0	0
-3.15899992	6.98840094	0.467000008	200	0	0
-3.15400004	6.98810005	0.456	200	0	0
-3.16300011	6.98840094	0.456999987	200	0	0
-3.16300011	6.98840094	0.449000001	200	0	0
-3.1500001	6.98810005	0.442999989	200	0	0
-3.148	6.9890008	0.497999996	200	0	0
-3.14899993	6.9890995	0.497000009	200	0	0
-3.14100003	6.9890008	0.486999989	200	0	0
-3.14400005	6.9890995	0.485000014	200	0	0
-3.14299989	6.9890008	0.476999998	200	0	0
-3.16100001	6.98840094	0.474000007	200	0	0
-3.15100002	6.98810005	0.481000006	200	0	0
-3.1500001	6.98810005	0.474000007	200	0	0
-3.1559999	6.98810005	0.493000001	200	0	0
-3.16599989	6.98840094	0.493999988	200	0	0
-3.15499997	6.98820019	0.493999988	200	0	0
-3.16499996	6.98840094	0.486999989	200	0	0
-3.17000008	6.98840094	0.528999984	200	0	0
-3.16499996	6.98849964	0.524999976	200	0	0
-3.15199995	6.98810005	0.518000007	200	0	0
-3.16899991	6.98840094	0.522000015	200	0	0
-3.1500001	6.98810005	0.512000024	200	0	0
-3.16100001	6.98849964	0.512000024	200	0	0
-3.15400004	6.98810005	0.501999974	200	0	0
-3.15199995	6.98820019	0.503000021	200	0	0
-3.16100001	6.98849964	0.504999995	200	0	0
-3.1329999	6.9890008	0.545000017	200	0	0
-3.15300012	6.98820019	0.532999992	200	0	0
-3.16799998	6.98849964	0.531000018	200	0	0
-3.15499997	6.98810005	0.532000005	200	0	0
-3.16100001	6.98890018	0.565999985	200	0	0
-3.16400003	6.98849964	0.547999978	200	0	0
-3.16300011	6.98840094	0.541000009	200	0	0
-3.16000009	6.98849964	0.542999983	200	0	0
-3.13899994	6.98890018	0.556999981	200	0	0
-3.1559999	6.98890018	0.55400002	200	0	0
-3.14400005	6.9890008	0.552999973	200	0	0
-3.15100002	6.98820019	0.556999981	200	0	0
-3.15300012	6.98810005	0.555999994	200	0	0
-3.16799998	6.98840094	0.546000004	200	0	0
-3.1500001	6.98820019	0.550000012	200	0	0
-3.15400004	6.98810005	0.547999978	200	0	0
-3.1559999	6.98820019	0.538999975	200	0	0
-3.16799998	6.98849964	0.56099999	200	0	0
-3.16400003	6.98859978	0.586000025	200	0	0
-3.16400003	6.98849964	0.578999996	200	0	0
-3.16400003	6.98859978	0.578999996	200	0	0
-3.16400003	6.98849964	0.57099998	200	0	0
-3.15700006	6.98810005	0.568000019	200	0	0
-3.1559999	6.98820019	0.569000006	200	0	0
-3.15300012	6.98820019	0.578000009	200	0	0
-3.1559999	6.98810005	0.575999975	200	0	0
-3.1559999	6.98810005	0.591000021	200	0	0
-3.15300012	6.98820019	0.586000025	200	0	0
-3.15400004	6.98810005	0.586000025	200	0	0
-3.16499996	6.98849964	0.586000025	200	0	0
-3.1559999	6.98810005	0.620999992	200	0	0
-3.15400004	6.98820019	0.623000026	200	0	0
-3.16499996	6.98859978	0.623000026	200	0	0
-3.16400003	6.98859978	0.615999997	200	0	0
-3.1559999	6.98820019	0.614000022	200	0	0
-3.16799998	6.98849964	0.614000022	200	0	0
-3.15700006	6.98810005	0.606000006	200	0	0
-3.1559999	6.98820019	0.606999993	200	0	0
-3.16400003	6.98859978	0.60799998	200	0	0
-3.16899991	6.98849964	0.606000006	200	0	0
-3.16499996	6.98859978	0.600000024	200	0	0
-3.14899993	6.98820019	0.596000016	200	0	0
-3.17199993	6.98849964	0.596000016	200	0	0
-3.15199995	6.9890008	0.60799998	200	0	0
-3.15300012	6.9890008	0.61500001	200	0	0
-3.15400004	6.98820019	0.629999995	200	0	0
-3.15899992	6.98810005	0.626999974	200	0	0
-3.16799998	6.98859978	0.657999992	200	0	0
-3.16499996	6.98869991	0.658999979	200	0	0
-3.16199994	6.98859978	0.653999984	200	0	0
-3.1500001	6.9890008	0.653999984	200	0	0
-3.16499996	6.98869991	0.65200001	200	0	0
-3.16599989	6.98859978	0.643999994	200	0	0
-3.1500001	6.9890008	0.647000015	200	0	0
-3.17199993	6.98849964	0.633000016	200	0	0
-3.16899991	6.98859978	0.63499999	200	0	0
-3.15700006	6.98820019	0.649999976	200	0	0
-3.16100001	6.98810005	0.648000002	200	0	0
-3.15499997	6.98820019	0.643999994	200	0	0
-3.16000009	6.98810005	0.640999973	200	0	0
-3.171	6.98859978	0.685000002	200	0	0
-3.16799998	6.98869991	0.680000007	200	0	0
-3.16799998	6.98859978	0.680000007	200	0	0
-3.15700006	6.98810005	0.665000021	200	0	0
-3.15400004	6.98820019	0.666999996	200	0	0
-3.15700006	6.98810005	0.657999992	200	0	0
-3.17000008	6.98859978	0.671000004	200	0	0
-3.15499997	6.98820019	0.658999979	200	0	0
-3.15799999	6.98820019	0.68599999	200	0	0
-3.16100001	6.98810005	0.685000002	200	0	0
-3.15799999	6.98820019	0.67900002	200	0	0
-3.16000009	6.98810005	0.677999973	200	0	0
-3.17400002	6.98859978	0.704999983	200	0	0
-3.16199994	6.98810005	0.720000029	200	0	0
-3.16599989	6.98869991	0.69599998	200	0	0
-3.15899992	6.98820019	0.714999974	200	0	0
-3.15899992	6.98810005	0.713999987	200	0	0
-3.16300011	6.98869991	0.689999998	200	0	0
-3.16700006	6.98859978	0.694999993	200	0	0
-3.14400005	6.98869991	0.68599999	200	0	0
-3.15499997	6.98820019	0.702000022	200	0	0
-3.15400004	6.98820019	0.69599998	200	0	0
-3.15499997	6.98810005	0.694999993	200	0	0
-3.15199995	6.9890008	0.681999981	200	0	0
-3.15799999	6.98820019	0.722000003	200	0	0
-3.16799998	6.98869991	0.716000021	200	0	0
-3.15100002	6.9890008	0.703999996	200	0	0
-3.16700006	6.98869991	0.709999979	200	0	0
-3.148	6.9890008	0.699000001	200	0	0
-3.15100002	6.9890008	0.68900001	200	0	0
-3.16000009	6.98810005	0.727999985	200	0	0
-3.16799998	6.98880005	0.751999974	200	0	0
-3.1500001	6.9890008	0.740999997	200	0	0
-3.17499995	6.98869991	0.748000026	200	0	0
-3.16199994	6.98869991	0.748000026	200	0	0
-3.15700006	6.98820019	0.736999989	200	0	0
-3.17199993	6.98880005	0.742999971	200	0	0
-3.15100002	6.9890008	0.73299998	200	0	0
-3.15700006	6.98820019	0.730000019	200	0	0
-3.15199995	6.9890008	0.725000024	200	0	0
-3.16599989	6.98880005	0.731999993	200	0	0
-3.16499996	6.98869991	0.731999993	200	0	0
-3.15300012	6.9890008	0.717999995	200	0	0
-3.1559999	6.98869991	0.730000019	200	0	0
-3.16599989	6.98880005	0.725000024	200	0	0
-3.15300012	6.9890008	0.753000021	200	0	0
-3.17000008	6.98869991	0.758000016	200	0	0
-3.16400003	6.98810005	0.748000026	200	0	0
-3.17700005	6.98869991	0.782999992	200	0	0
-3.16700006	6.98880005	0.781000018	200	0	0
-3.15700006	6.98820019	0.773000002	200	0	0
-3.15799999	6.98810005	0.764999986	200	0	0
-3.17199993	6.98869991	0.777999997	200	0	0
-3.1559999	6.98820019	0.765999973	200	0	0
-3.16199994	6.98810005	0.755999982	200	0	0
-3.15499997	6.9890008	0.759000003	200	0	0
-3.16499996	6.98880005	0.768000007	200	0	0
-3.15899992	6.98820019	0.758000016	200	0	0
-3.17000008	6.98869991	0.764999986	200	0	0
-3.16499996	6.98880005	0.760999978	200	0	0
-3.15899992	6.98820019	0.750999987	200	0	0
-3.16199994	6.98820019	0.785000026	200	0	0
-3.16599989	6.98810005	0.782000005	200	0	0
-3.16100001	6.98820019	0.791999996	200	0	0
-3.16899991	6.98880005	0.795000017	200	0	0
-3.16300011	6.98820019	0.819000006	200	0	0
-3.16000009	6.98820019	0.806999981	200	0	0
-3.16100001	6.98810005	0.805999994	200	0	0
-3.16000009	6.98820019	0.800000012	200	0	0
-3.16100001	6.98810005	0.799000025	200	0	0
-3.16199994	6.98810005	0.791999996	200	0	0
-3.16599989	6.98810005	0.824999988	200	0	0
-3.171	6.98880005	0.850000024	200	0	0
-3.16100001	6.98820019	0.828000009	200	0	0
-3.16799998	6.98880005	0.837000012	200	0	0
-3.16899991	6.98880005	0.829999983	200	0	0
-3.17000008	6.98880005	0.822000027	200	0	0
-3.16700006	6.98880005	0.816999972	200	0	0
-3.15799999	6.98820019	0.836000025	200	0	0
-3.16199994	6.98810005	0.833999991	200	0	0
-3.15899992	6.98820019	0.842000008	200	0	0
-3.17600012	6.98880005	0.853999972	200	0	0
-3.16100001	6.98810005	0.841000021	200	0	0
-3.15899992	6.98890018	0.875999987	200	0	0
-3.16400003	6.98810005	0.853999972	200	0	0
-3.16300011	6.98820019	0.861000001	200	0	0
-3.16599989	6.98820019	0.852999985	200	0	0
-3.16799998	6.98890018	0.86500001	200	0	0
-3.17000008	6.98890018	0.856999993	200	0	0
-3.15799999	6.98820019	0.870999992	200	0	0
-3.16100001	6.98810005	0.869000018	200	0	0
-3.16300011	6.98820019	0.875	200	0	0
-3.16499996	6.98810005	0.874000013	200	0	0
-3.16499996	6.98810005	0.888000011	200	0	0
-3.16599989	6.98820019	0.888000011	200	0	0
-3.15700006	6.9890008	0.890999973	200	0	0
-3.16199994	6.98890018	0.888999999	200	0	0
-3.15400004	6.9890008	0.879000008	200	0	0
-3.16400003	6.98810005	0.908999979	200	0	0
-3.16300011	6.98820019	0.908999979	200	0	0
-3.16000009	6.98820019	0.903999984	200	0	0
-3.16499996	6.98810005	0.90200001	200	0	0
-3.16300011	6.98810005	0.896000028	200	0	0
-3.16599989	6.98820019	0.893999994	200	0	0
-3.16300011	6.98820019	0.922999978	200	0	0
-3.16700006	6.98810005	0.921000004	200	0	0
-3.16400003	6.98820019	0.92900002	200	0	0
-3.15700006	6.9890008	0.94599998	200	0	0
-3.16100001	6.98890018	0.944000006	200	0	0
-3.15700006	6.9890008	0.93900001	200	0	0
-3.15899992	6.9890008	0.930999994	200	0	0
-3.16400003	6.98890018	0.92900002	200	0	0
-3.15700006	6.9890008	0.925000012	200	0	0
-3.15499997	6.9890008	0.912999988	200	0	0
-3.15499997	6.98890018	0.912999988	200	0	0
-3.15499997	6.9890008	0.906000018	200	0	0
-3.15799999	6.9890008	0.898000002	200	0	0
-3.15799999	6.98890018	0.898000002	200	0	0
-3.16799998	6.98810005	0.927999973	200	0	0
-3.16100001	6.98820019	0.938000023	200	0	0
-3.16400003	6.98810005	0.93599999	200	0	0
-3.15700006	6.9890008	0.97299999	200	0	0
-3.16400003	6.98820019	0.943000019	200	0	0
-3.15700006	6.98890018	0.97299999	200	0	0
-3.16000009	6.9890008	0.964999974	200	0	0
-3.16300011	6.98890018	0.963999987	200	0	0
-3.15700006	6.9890008	0.959999979	200	0	0
-3.16499996	6.98890018	0.95599997	200	0	0
-3.16400003	6.98810005	0.943000019	200	0	0
-3.16499996	6.98820019	0.95599997	200	0	0
-3.16899991	6.98810005	0.953999996	200	0	0
-3.16599989	6.98810005	0.968999982	200	0	0
-3.16599989	6.98820019	0.963	200	0	0
-3.16700006	6.98810005	0.962000012	200	0	0
-3.16300011	6.98820019	0.971000016	200	0	0
-3.171	6.98810005	0.986999989	200	0	0
-3.16400003	6.98820019	0.976999998	200	0	0
-3.16300011	6.98890018	0.99000001	200	0	0
-3.15799999	6.9890008	0.978999972	200	0	0
-3.16400003	6.98820019	1.00399995	200	0	0
-3.16400003	6.98810005	1.00399995	200	0	0
-3.16799998	6.98810005	0.995999992	200	0	0
-3.16799998	6.98820019	0.995000005	200	0	0
-3.16799998	6.98820019	0.989000022	200	0	0
-3.16899991	6.98820019	1.02199996	200	0	0
-3.171	6.98810005	1.02100003	200	0	0
-3.16499996	6.98820019	1.00999999	200	0	0
-3.17000008	6.98810005	1.028	200	0	0
-3.16499996	6.98890018	0.995999992	200	0	0
-3.16000009	6.98890018	1.04499996	200	0	0
-3.15899992	6.9890008	1.03900003	200	0	0
-3.16199994	6.98890018	1.03799999	200	0	0
-3.15799999	6.98890018	1.03299999	200	0	0
-3.16300011	6.9890008	1.03100002	200	0	0
-3.16100001	6.98890018	1.02499998	200	0	0
-3.16199994	6.9890008	1.02499998	200	0	0
-3.15700006	6.9890008	1.01300001	200	0	0
-3.16400003	6.98890018	1.00999999	200	0	0
-3.15799999	6.9890008	1.00600004	200	0	0
-3.16000009	6.98890018	1.005	200	0	0
-3.15899992	6.9890008	0.999000013	200	0	0
-3.16100001	6.9890008	0.991999984	200	0	0
-3.16499996	6.98820019	1.03699994	200	0	0
-3.16899991	6.98810005	1.03499997	200	0	0
-3.16899991	6.98820019	1.02900004	200	0	0
-3.16199994	6.9890008	1.07099998	200	0	0
-3.16400003	6.98890018	1.07000005	200	0	0
-3.16599989	6.98890018	1.06299996	200	0	0
-3.16400003	6.9890008	1.06299996	200	0	0
-3.16199994	6.98890018	1.05799997	200	0	0
-3.16300011	6.9890008	1.05700004	200	0	0
-3.15799999	6.9890008	1.046	200	0	0
-3.16400003	6.98820019	1.04400003	200	0	0
-3.17000008	6.98810005	1.05499995	200	0	0
-3.16700006	6.98810005	1.04299998	200	0	0
-3.16899991	6.98810005	1.06799996	200	0	0
-3.16700006	6.98820019	1.06299996	200	0	0
-3.16700006	6.98810005	1.06200004	200	0	0
-3.16799998	6.98820019	1.05599999	200	0	0
-3.16700006	6.98820019	1.06900001	200	0	0
-3.16499996	6.98820019	1.07700002	200	0	0
-3.171	6.98810005	1.074	200	0	0
-3.16000009	6.9890008	1.07799995	200	0	0
-3.16300011	6.98890018	1.07700002	200	0	0
-3.16899991	6.98820019	1.10099995	200	0	0
-3.1730001	6.98810005	1.09899998	200	0	0
-3.17199993	6.98810005	1.09399998	200	0	0
-3.17000008	6.98820019	1.09399998	200	0	0
-3.16899991	6.98820019	1.08800006	200	0	0
-3.17199993	6.98810005	1.08700001	200	0	0
-3.16899991	6.98820019	1.12100005	200	0	0
-3.16300011	6.98890018	1.09000003	200	0	0
-3.1730001	6.98810005	1.11899996	200	0	0
-3.16899991	6.98820019	1.10800004	200	0	0
-3.171	6.98810005	1.10699999	200	0	0
-3.17199993	6.98820019	1.12600005	200	0	0
-3.17199993	6.98810005	1.12600005	200	0	0
-3.16499996	6.98890018	1.09599996	200	0	0
-3.16300011	6.9890008	1.09000003	200	0	0
-3.16300011	6.98890018	1.14300001	200	0	0
-3.17799997	6.98880005	1.13600004	200	0	0
-3.16300011	6.9890008	1.13600004	200	0	0
-3.16199994	6.98890018	1.13600004	200	0	0
-3.16400003	6.9890008	1.12899995	200	0	0
-3.16599989	6.98890018	1.12800002	200	0	0
-3.16599989	6.9890008	1.12199998	200	0	0
-3.16499996	6.98890018	1.12199998	200	0	0
-3.16199994	6.9890008	1.11000001	200	0	0
-3.16599989	6.98890018	1.10899997	200	0	0
-3.16199994	6.9890008	1.10399997	200	0	0
-3.16499996	6.9890008	1.09599996	200	0	0
-3.16899991	6.98820019	1.13399994	200	0	0
-3.1789999	6.98880005	1.16100001	200	0	0
-3.16799998	6.98890018	1.15999997	200	0	0
-3.18300009	6.98880005	1.15400004	200	0	0
-3.16499996	6.9890008	1.15499997	200	0	0
-3.1789999	6.98880005	1.148	200	0	0
-3.17799997	6.98890018	1.14900005	200	0	0
-3.17199993	6.98820019	1.13900006	200	0	0
-3.16899991	6.98810005	1.13999999	200	0	0
-3.17000008	6.98820019	1.153	200	0	0
-3.171	6.98820019	1.16600001	200	0	0
-3.171	6.98810005	1.16600001	200	0	0
-3.1730001	6.98820019	1.15799999	200	0	0
-3.1730001	6.98810005	1.15799999	200	0	0
-3.17000008	6.98810005	1.17200005	200	0	0
-3.171	6.98820019	1.17200005	200	0	0
-3.17600012	6.98880005	1.16900003	200	0	0
-3.16899991	6.98820019	1.19799995	200	0	0
-3.17199993	6.98810005	1.19700003	200	0	0
-3.1730001	6.98820019	1.19099998	200	0	0
-3.17700005	6.98810005	1.18900001	200	0	0
-3.17400002	6.98820019	1.18400002	200	0	0
-3.17400002	6.98820019	1.21599996	200	0	0
-3.1789999	6.98880005	1.19400001	200	0	0
-3.17499995	6.98810005	1.21500003	200	0	0
-3.18000007	6.98880005	1.18700004	200	0	0
-3.18000007	6.98880005	1.18099999	200	0	0
-3.17000008	6.98820019	1.20500004	200	0	0
-3.17199993	6.98810005	1.204	200	0	0
-3.17199993	6.98810005	1.22300005	200	0	0
-3.1730001	6.98820019	1.22300005	200	0	0
-3.16599989	6.9890008	1.19299996	200	0	0
-3.16599989	6.9890008	1.23699999	200	0	0
-3.16799998	6.98890018	1.23699999	200	0	0
-3.1789999	6.98869991	1.23199999	200	0	0
-3.17799997	6.98880005	1.23300004	200	0	0
-3.16599989	6.9890008	1.23099995	200	0	0
-3.16700006	6.98890018	1.23099995	200	0	0
-3.18000007	6.98869991	1.22599995	200	0	0
-3.1789999	6.98880005	1.22599995	200	0	0
-3.16599989	6.9890008	1.22500002	200	0	0
-3.16899991	6.98890018	1.22399998	200	0	0
-3.16599989	6.9890008	1.21800005	200	0	0
-3.16799998	6.98890018	1.21800005	200	0	0
-3.16499996	6.9890008	1.20599997	200	0	0
-3.16599989	6.98830032	1.23099995	200	0	0
-3.1730001	6.98810005	1.22899997	200	0	0
-3.17199993	6.98820019	1.22899997	200	0	0
-3.17000008	6.9890008	1.255	200	0	0
-3.17199993	6.98820019	1.23599994	200	0	0
-3.18300009	6.98869991	1.25600004	200	0	0
-3.17000008	6.98890018	1.255	200	0	0
-3.16599989	6.98830032	1.23699999	200	0	0
-3.16899991	6.9890008	1.24899995	200	0	0
-3.18400002	6.98880005	1.25	200	0	0
-3.16899991	6.98890018	1.24899995	200	0	0
-3.18199992	6.98869991	1.24399996	200	0	0
-3.1730001	6.98810005	1.23500001	200	0	0
-3.17000008	6.98830032	1.24800003	200	0	0
-3.17499995	6.98810005	1.24699998	200	0	0
-3.17499995	6.98820019	1.24699998	200	0	0
-3.17400002	6.98820019	1.25999999	200	0	0
-3.17499995	6.98830032	1.25899994	200	0	0
-3.17499995	6.98810005	1.25399995	200	0	0
-3.17499995	6.98820019	1.25399995	200	0	0
-3.17499995	6.98830032	1.25300002	200	0	0
-3.17400002	6.98830032	1.26600003	200	0	0
-3.17400002	6.98820019	1.26699996	200	0	0
-3.17600012	6.98810005	1.26600003	200	0	0
-3.16899991	6.9890008	1.26199996	200	0	0
-3.18099999	6.98869991	1.26300001	200	0	0
-3.16700006	6.98890018	1.26199996	200	0	0
-3.18499994	6.98880005	1.26199996	200	0	0
-3.18700004	6.98869991	1.27999997	200	0	0
-3.1730001	6.98820019	1.29200006	200	0	0
-3.17700005	6.98810005	1.29100001	200	0	0
-3.17499995	6.98830032	1.29100001	200	0	0
-3.18499994	6.98869991	1.27499998	200	0	0
-3.17600012	6.98810005	1.28499997	200	0	0
-3.17600012	6.98820019	1.28499997	200	0	0
-3.17700005	6.98830032	1.28400004	200	0	0
-3.17199993	6.98820019	1.27999997	200	0	0
-3.17799997	6.98810005	1.278	200	0	0
-3.17799997	6.98830032	1.27699995	200	0	0
-3.16799998	6.98890018	1.28699994	200	0	0
-3.17700005	6.98830032	1.31500006	200	0	0
-3.18600011	6.98859978	1.30599999	200	0	0
-3.16700006	6.9890008	1.26900005	200	0	0
-3.17600012	6.98810005	1.30999994	200	0	0
-3.1730001	6.98890018	1.27900004	200	0	0
-3.17499995	6.98820019	1.30999994	200	0	0
-3.17700005	6.98830032	1.30900002	200	0	0
-3.18499994	6.98869991	1.29299998	200	0	0
-3.18499994	6.98859978	1.29400003	200	0	0
-3.18300009	6.98869991	1.28799999	200	0	0
-3.17199993	6.98859978	1.29200006	200	0	0
-3.1730001	6.98830032	1.29799998	200	0	0
-3.17499995	6.98810005	1.29799998	200	0	0
-3.17400002	6.98820019	1.29799998	200	0	0
-3.16899991	6.9890008	1.28699994	200	0	0
-3.16799998	6.9890008	1.28100002	200	0	0
-3.17799997	6.98810005	1.32200003	200	0	0
-3.17700005	6.98820019	1.31599998	200	0	0
-3.17499995	6.98810005	1.31599998	200	0	0
-3.17700005	6.98830032	1.32200003	200	0	0
-3.16899991	6.98890018	1.29299998	200	0	0
-3.18700004	6.98859978	1.31200004	200	0	0
-3.18099999	6.98859978	1.32700002	200	0	0
-3.16899991	6.98890018	1.33099997	200	0	0
-3.16799998	6.9890008	1.33099997	200	0	0
-3.18199992	6.98859978	1.32000005	200	0	0
-3.16799998	6.9890008	1.32500005	200	0	0
-3.16899991	6.98890018	1.324	200	0	0
-3.18799996	6.98869991	1.31099999	200	0	0
-3.171	6.9890008	1.31799996	200	0	0
-3.16899991	6.98890018	1.31200004	200	0	0
-3.17000008	6.9890008	1.31200004	200	0	0
-3.16899991	6.98890018	1.29999995	200	0	0
-3.16700006	6.9890008	1.29999995	200	0	0
-3.16799998	6.9890008	1.29299998	200	0	0
-3.17499995	6.98820019	1.329	200	0	0
-3.17799997	6.98830032	1.32799995	200	0	0
-3.17600012	6.98820019	1.32299995	200	0	0
-3.18600011	6.98859978	1.34300005	200	0	0
-3.171	6.9890008	1.34899998	200	0	0
-3.17199993	6.98890018	1.34800005	200	0	0
-3.19000006	6.98859978	1.33599997	200	0	0
-3.17199993	6.98890018	1.34200001	200	0	0
-3.17199993	6.9890008	1.34200001	200	0	0
-3.17600012	6.98810005	1.329	200	0	0
-3.18700004	6.98859978	1.35500002	200	0	0
-3.17600012	6.98820019	1.34099996	200	0	0
-3.18499994	6.98859978	1.35000002	200	0	0
-3.17700005	6.98830032	1.34000003	200	0	0
-3.17700005	6.98820019	1.347	200	0	0
-3.17799997	6.98810005	1.34099996	200	0	0
-3.17700005	6.98810005	1.35899997	200	0	0
-3.17400002	6.98820019	1.35399997	200	0	0
-3.17700005	6.98810005	1.35300004	200	0	0
-3.17799997	6.98830032	1.352	200	0	0
-3.17600012	6.98810005	1.347	200	0	0
-3.17600012	6.98820019	1.36000001	200	0	0
-3.17600012	6.98830032	1.36000001	200	0	0
-3.1730001	6.98890018	1.36099994	200	0	0
-3.16899991	6.98890018	1.35599995	200	0	0
-3.17000008	6.9890008	1.35500002	200	0	0
-3.1789999	6.98830032	1.37100005	200	0	0
-3.17499995	6.9890008	1.37199998	200	0	0
-3.171	6.98890018	1.37399995	200	0	0
-3.18899989	6.98849964	1.37300003	200	0	0
-3.19099998	6.98859978	1.37300003	200	0	0
-3.17000008	6.9890008	1.36199999	200	0	0
-3.18799996	6.98859978	1.36800003	200	0	0
-3.17700005	6.98810005	1.39100003	200	0	0
-3.17600012	6.98820019	1.39100003	200	0	0
-3.17700005	6.98830032	1.38999999	200	0	0
-3.18600011	6.98859978	1.38100004	200	0	0
-3.18799996	6.98849964	1.38	200	0	0
-3.17700005	6.98810005	1.38499999	200	0	0
-3.17499995	6.98820019	1.38499999	200	0	0
-3.18099999	6.98830032	1.38300002	200	0	0
-3.17600012	6.98810005	1.37800002	200	0	0
-3.17799997	6.98820019	1.37800002	200	0	0
-3.18000007	6.98830032	1.37600005	200	0	0
-3.17799997	6.98810005	1.37199998	200	0	0
-3.17700005	6.98820019	1.37199998	200	0	0
-3.19000006	6.98859978	1.38499999	200	0	0
-3.18600011	6.98849964	1.38699996	200	0	0
-3.17199993	6.9890008	1.38600004	200	0	0
-3.1730001	6.98890018	1.38499999	200	0	0
-3.17400002	6.9890008	1.37899995	200	0	0
-3.1730001	6.98890018	1.37899995	200	0	0
-3.18700004	6.98849964	1.41100001	200	0	0
-3.17199993	6.98890018	1.39199996	200	0	0
-3.1789999	6.98810005	1.40799999	200	0	0
-3.19099998	6.98859978	1.40400004	200	0	0
-3.17700005	6.98820019	1.40900004	200	0	0
-3.1789999	6.98830032	1.40799999	200	0	0
-3.19000006	6.98849964	1.40400004	200	0	0
-3.18799996	6.98859978	1.39900005	200	0	0
-3.18000007	6.98820019	1.40199995	200	0	0
-3.18799996	6.98849964	1.39900005	200	0	0
-3.171	6.9890008	1.39199996	200	0	0
-3.17700005	6.98810005	1.421	200	0	0
-3.17600012	6.98810005	1.41600001	200	0	0
-3.17700005	6.98820019	1.41499996	200	0	0
-3.18899989	6.98849964	1.41700006	200	0	0
-3.17499995	6.98890018	1.403	200	0	0
-3.1730001	6.98890018	1.42200005	200	0	0
-3.1730001	6.9890008	1.41600001	200	0	0
-3.1730001	6.98890018	1.41600001	200	0	0
-3.17400002	6.9890008	1.40999997	200	0	0
-3.171	6.98890018	1.40999997	200	0	0
-3.1730001	6.9890008	1.40400004	200	0	0
-3.1730001	6.9890008	1.42200005	200	0	0
-3.17600012	6.98820019	1.42200005	200	0	0
-3.18000007	6.98820019	1.43299997	200	0	0
-3.19099998	6.98849964	1.44099998	200	0	0
-3.17600012	6.98890018	1.43299997	200	0	0
-3.19000006	6.98849964	1.43499994	200	0	0
-3.17700005	6.98840094	1.43299997	200	0	0
-3.19000006	6.98849964	1.42900002	200	0	0
-3.1730001	6.98890018	1.44700003	200	0	0
-3.1730001	6.9890008	1.44700003	200	0	0
-3.171	6.9890008	1.44099998	200	0	0
-3.17499995	6.98890018	1.44000006	200	0	0
-3.17400002	6.9890008	1.43400002	200	0	0
-3.17799997	6.98820019	1.44500005	200	0	0
-3.18199992	6.98810005	1.43799996	200	0	0
-3.19000006	6.98840094	1.44700003	200	0	0
-3.1789999	6.98820019	1.43900001	200	0	0
-3.19400001	6.98849964	1.44599998	200	0	0
-3.19000006	6.98840094	1.44099998	200	0	0
-3.1789999	6.98810005	1.44500005	200	0	0
-3.17799997	6.98820019	1.45200002	200	0	0
-3.18099999	6.98810005	1.45099998	200	0	0
-3.1730001	6.9890008	1.45299995	200	0	0
-3.17400002	6.98890018	1.45200002	200	0	0
-3.18199992	6.98810005	1.46800005	200	0	0
-3.18099999	6.98820019	1.46899998	200	0	0
-3.19099998	6.98840094	1.46500003	200	0	0
-3.18099999	6.98810005	1.46300006	200	0	0
-3.18000007	6.98820019	1.46300006	200	0	0
-3.18899989	6.98840094	1.46000004	200	0	0
-3.17400002	6.98890018	1.47099996	200	0	0
-3.1730001	6.9890008	1.47099996	200	0	0
-3.171	6.9890008	1.46500003	200	0	0
-3.17499995	6.98890018	1.46399999	200	0	0
-3.19000006	6.98840094	1.472	200	0	0
-3.19199991	6.98840094	1.477	200	0	0
-3.1789999	6.98820019	1.48199999	200	0	0
-3.1789999	6.98810005	1.48199999	200	0	0
-3.17700005	6.98820019	1.47599995	200	0	0
-3.18000007	6.98810005	1.47500002	200	0	0
-3.17499995	6.98890018	1.47599995	200	0	0
-3.1730001	6.98890018	1.48300004	200	0	0
-3.1730001	6.9890008	1.48300004	200	0	0
-3.17199993	6.9890008	1.477	200	0	0
-3.18000007	6.98820019	1.50600004	200	0	0
-3.17600012	6.98890018	1.5	200	0	0
-3.17600012	6.9890008	1.49399996	200	0	0
-3.18300009	6.98810005	1.49899995	200	0	0
-3.19199991	6.98840094	1.50699997	200	0	0
-3.18099999	6.98820019	1.49899995	200	0	0
-3.1789999	6.98890018	1.49300003	200	0	0
-3.19199991	6.98840094	1.50100005	200	0	0
-3.18400002	6.98810005	1.49199998	200	0	0
-3.1789999	6.98820019	1.49399996	200	0	0
-3.19400001	6.98840094	1.495	200	0	0
-3.19400001	6.98840094	1.48899996	200	0	0
-3.18000007	6.98810005	1.50600004	200	0	0
-3.17700005	6.98810005	1.51300001	200	0	0
-3.17400002	6.98890018	1.50699997	200	0	0
-3.17700005	6.9890008	1.5	200	0	0
-3.17400002	6.9890008	1.51300001	200	0	0
-3.17499995	6.98890018	1.51300001	200	0	0
-3.17400002	6.9890008	1.50699997	200	0	0
-3.18099999	6.98820019	1.52999997	200	0	0
-3.18199992	6.98810005	1.52900004	200	0	0
-3.19499993	6.98840094	1.52499998	200	0	0
-3.18000007	6.98820019	1.52400005	200	0	0
-3.19400001	6.98840094	1.51900005	200	0	0
-3.17700005	6.98890018	1.52999997	200	0	0
-3.17600012	6.9890008	1.52400005	200	0	0
-3.19300008	6.98840094	1.53699994	200	0	0
-3.17600012	6.98890018	1.52400005	200	0	0
-3.19199991	6.98830032	1.53199995	200	0	0
-3.19700003	6.98840094	1.52999997	200	0	0
-3.17499995	6.9890008	1.53100002	200	0	0
-3.17499995	6.9890008	1.54299998	200	0	0
-3.17600012	6.98890018	1.54200006	200	0	0
-3.17600012	6.9890008	1.53699994	200	0	0
-3.17600012	6.98890018	1.53699994	200	0	0
-3.18099999	6.98810005	1.54200006	200	0	0
-3.1789999	6.98810005	1.53600001	200	0	0
-3.18400002	6.98820019	1.56500006	200	0	0
-3.19799995	6.98840094	1.55400002	200	0	0
-3.18300009	6.98810005	1.55900002	200	0	0
-3.19799995	6.98840094	1.54799998	200	0	0
-3.18300009	6.98810005	1.55299997	200	0	0
-3.17499995	6.9890008	1.56700003	200	0	0
-3.17600012	6.98890018	1.56599998	200	0	0
-3.17799997	6.9890008	1.55999994	200	0	0
-3.17799997	6.98890018	1.55999994	200	0	0
-3.17700005	6.9890008	1.55400002	200	0	0
-3.1789999	6.98890018	1.55400002	200	0	0
-3.18400002	6.98810005	1.57099998	200	0	0
-3.17199993	6.9890008	1.574	200	0	0
-3.17700005	6.98890018	1.57200003	200	0	0
-3.18300009	6.98810005	1.60099995	200	0	0
-3.18099999	6.98820019	1.59500003	200	0	0
-3.18499994	6.98810005	1.59399998	200	0	0
-3.18199992	6.98810005	1.58899999	200	0	0
-3.18300009	6.98820019	1.58899999	200	0	0
-3.18300009	6.98810005	1.58299994	200	0	0
-3.17700005	6.9890008	1.59599996	200	0	0
-3.17799997	6.98890018	1.59599996	200	0	0
-3.17600012	6.9890008	1.59000003	200	0	0
-3.1789999	6.98890018	1.59000003	200	0	0
-3.17600012	6.9890008	1.58399999	200	0	0
-3.17700005	6.98890018	1.58399999	200	0	0
-3.18600011	6.98820019	1.61199999	200	0	0
-3.17199993	6.9890008	1.60300004	200	0	0
-3.17700005	6.98890018	1.602	200	0	0
-3.18199992	6.98820019	1.625	200	0	0
-3.18600011	6.98810005	1.61800003	200	0	0
-3.18400002	6.98820019	1.61800003	200	0	0
-3.17700005	6.9890008	1.62600005	200	0	0
-3.18000007	6.98890018	1.625	200	0	0
-3.17799997	6.9890008	1.62	200	0	0
-3.17799997	6.98890018	1.62	200	0	0
-3.17799997	6.9890008	1.61300004	200	0	0
-3.18000007	6.98890018	1.61300004	200	0	0
-3.18499994	6.98810005	1.63	200	0	0
-3.18400002	6.98820019	1.63	200	0	0
-3.17600012	6.9890008	1.63199997	200	0	0
-3.1789999	6.98890018	1.63100004	200	0	0
-3.18600011	6.98810005	1.64100003	200	0	0
-3.18400002	6.98820019	1.65999997	200	0	0
-3.18499994	6.98810005	1.65400004	200	0	0
-3.18300009	6.98820019	1.65400004	200	0	0
-3.18099999	6.98820019	1.64900005	200	0	0
-3.18600011	6.98810005	1.648	200	0	0
-3.18099999	6.98820019	1.64300001	200	0	0
-3.17600012	6.98890018	1.66100001	200	0	0
-3.17700005	6.9890008	1.66100001	200	0	0
-3.17799997	6.98890018	1.65499997	200	0	0
-3.17700005	6.9890008	1.65499997	200	0	0
-3.18300009	6.98890018	1.648	200	0	0
-3.17600012	6.9890008	1.64900005	200	0	0
-3.17400002	6.9890008	1.64400005	200	0	0
-3.1789999	6.98890018	1.64300001	200	0	0
-3.1789999	6.9890008	1.67200005	200	0	0
-3.18600011	6.98890018	1.66999996	200	0	0
-3.18799996	6.98820019	1.70000005	200	0	0
-3.18799996	6.98810005	1.70000005	200	0	0
-3.18600011	6.98820019	1.68900001	200	0	0
-3.18700004	6.98810005	1.68799996	200	0	0
-3.18600011	6.98820019	1.68299997	200	0	0
-3.18400002	6.98810005	1.68299997	200	0	0
-3.18600011	6.98820019	1.67700005	200	0	0
-3.18799996	6.98810005	1.676	200	0	0
-3.18600011	6.98820019	1.671	200	0	0
-3.18799996	6.98810005	1.671	200	0	0
-3.18099999	6.98890018	1.69000006	200	0	0
-3.17799997	6.9890008	1.69000006	200	0	0
-3.1789999	6.98890018	1.68400002	200	0	0
-3.18000007	6.9890008	1.68400002	200	0	0
-3.18000007	6.9890008	1.67799997	200	0	0
-3.18300009	6.98890018	1.67700005	200	0	0
-3.18799996	6.98810005	1.70599997	200	0	0
-3.18600011	6.98820019	1.70599997	200	0	0
-3.18099999	6.98890018	1.70099998	200	0	0
-3.18099999	6.9890008	1.70099998	200	0	0
-3.18799996	6.98810005	1.71800005	200	0	0
-3.18499994	6.98820019	1.71800005	200	0	0
-3.18499994	6.98810005	1.71300006	200	0	0
-3.18499994	6.98820019	1.71300006	200	0	0
-3.18099999	6.98890018	1.71899998	200	0	0
-3.18099999	6.9890008	1.71899998	200	0	0
-3.1789999	6.9890008	1.71300006	200	0	0
-3.18300009	6.98890018	1.71200001	200	0	0
-3.18099999	6.9890008	1.70700002	200	0	0
-3.18400002	6.98890018	1.70599997	200	0	0
-3.19000006	6.98820019	1.72899997	200	0	0
-3.19099998	6.98810005	1.72899997	200	0	0
-3.18400002	6.98890018	1.73000002	200	0	0
-3.18099999	6.9890008	1.73000002	200	0	0
-3.18499994	6.98820019	1.73599994	200	0	0
-3.18700004	6.98810005	1.73500001	200	0	0
-3.19000006	6.98810005	1.75800002	200	0	0
-3.19000006	6.98820019	1.75800002	200	0	0
-3.18899989	6.98810005	1.74699998	200	0	0
-3.18700004	6.98820019	1.74699998	200	0	0
-3.18300009	6.98820019	1.74199998	200	0	0
-3.18799996	6.98810005	1.74100006	200	0	0
-3.18300009	6.9890008	1.75899994	200	0	0
-3.18199992	6.98890018	1.75899994	200	0	0
-3.17799997	6.9890008	1.74800003	200	0	0
-3.18300009	6.98890018	1.74699998	200	0	0
-3.18099999	6.98890018	1.74199998	200	0	0
-3.18499994	6.9890008	1.74100006	200	0	0
-3.18400002	6.9890008	1.73599994	200	0	0
-3.18400002	6.98890018	1.73599994	200	0	0
-3.18300009	6.9890008	1.77100003	200	0	0
-3.18400002	6.98890018	1.76999998	200	0	0
-3.18400002	6.98890018	1.76499999	200	0	0
-3.18400002	6.9890008	1.76499999	200	0	0
-3.18799996	6.98820019	1.79900002	200	0	0
-3.18899989	6.98820019	1.79299998	200	0	0
-3.19700003	6.98810005	1.79100001	200	0	0
-3.18700004	6.98820019	1.78799999	200	0	0
-3.19499993	6.98810005	1.78600001	200	0	0
-3.18400002	6.98820019	1.77699995	200	0	0
-3.19199991	6.98810005	1.77499998	200	0	0
-3.18700004	6.98820019	1.76999998	200	0	0
-3.19199991	6.98810005	1.76900005	200	0	0
-3.18799996	6.98820019	1.76400006	200	0	0
-3.18199992	6.9890008	1.78799999	200	0	0
-3.18499994	6.98890018	1.78799999	200	0	0
-3.18199992	6.9890008	1.77699995	200	0	0
-3.18400002	6.98890018	1.77600002	200	0	0
-3.20499992	6.98830032	1.801	200	0	0
-3.19000006	6.98820019	1.80400002	200	0	0
-3.18199992	6.9890008	1.79999995	200	0	0
-3.18499994	6.98890018	1.79900002	200	0	0
-3.18099999	6.9890008	1.79400003	200	0	0
-3.18600011	6.98890018	1.79299998	200	0	0
-3.19199991	6.98820019	1.81599998	200	0	0
-3.204	6.98830032	1.81299996	200	0	0
-3.18400002	6.9890008	1.81700003	200	0	0
-3.18899989	6.98890018	1.81599998	200	0	0
-3.18400002	6.9890008	1.80499995	200	0	0
-3.18300009	6.98890018	1.80499995	200	0	0
-3.204	6.98830032	1.81799996	200	0	0
-3.18300009	6.9890008	1.829	200	0	0
-3.18499994	6.98890018	1.82799995	200	0	0
-3.18400002	6.9890008	1.82200003	200	0	0
-3.18799996	6.98890018	1.82200003	200	0	0
-3.2019999	6.98830032	1.83000004	200	0	0
-3.20499992	6.98830032	1.85300004	200	0	0
-3.20700002	6.98840094	1.847	200	0	0
-3.20499992	6.98830032	1.84099996	200	0	0
-3.20300007	6.98840094	1.85300004	200	0	0
-3.18400002	6.9890008	1.85699999	200	0	0
-3.18700004	6.98890018	1.85599995	200	0	0
-3.18600011	6.98890018	1.85099995	200	0	0
-3.18799996	6.9890008	1.85000002	200	0	0
-3.18799996	6.98890018	1.84500003	200	0	0
-3.18600011	6.9890008	1.84500003	200	0	0
-3.18499994	6.9890008	1.83399999	200	0	0
-3.18700004	6.98890018	1.83299994	200	0	0
-3.18400002	6.9890008	1.86300004	200	0	0
-3.18499994	6.98890018	1.86199999	200	0	0
-3.204	6.98840094	1.88800001	200	0	0
-3.19099998	6.98820019	1.89100003	200	0	0
-3.20499992	6.98840094	1.88199997	200	0	0
-3.19300008	6.98820019	1.88499999	200	0	0
-3.20300007	6.98830032	1.88199997	200	0	0
-3.20499992	6.98840094	1.87600005	200	0	0
-3.19199991	6.98820019	1.87899995	200	0	0
-3.20300007	6.98830032	1.87600005	200	0	0
-3.204	6.98840094	1.87	200	0	0
-3.204	6.98830032	1.87	200	0	0
-3.20600009	6.98840094	1.85800004	200	0	0
-3.2019999	6.98830032	1.85899997	200	0	0
-3.18799996	6.98890018	1.88499999	200	0	0
-3.18799996	6.9890008	1.88499999	200	0	0
-3.18899989	6.98890018	1.87899995	200	0	0
-3.18700004	6.9890008	1.87899995	200	0	0
-3.18700004	6.9890008	1.87399995	200	0	0
-3.18799996	6.98890018	1.87300003	200	0	0
-3.20900011	6.98840094	1.898	200	0	0
-3.19400001	6.98820019	1.90199995	200	0	0
-3.18600011	6.98890018	1.89100003	200	0	0
-3.18700004	6.9890008	1.89100003	200	0	0
-3.20600009	6.98840094	1.90999997	200	0	0
-3.20700002	6.98840094	1.90400004	200	0	0
-3.19300008	6.98820019	1.90699995	200	0	0
-3.18700004	6.98890018	1.91400003	200	0	0
-3.18700004	6.9890008	1.91400003	200	0	0
-3.18899989	6.9890008	1.90799999	200	0	0
-3.19000006	6.98890018	1.90699995	200	0	0
-3.18899989	6.98890018	1.90199995	200	0	0
-3.18600011	6.9890008	1.90199995	200	0	0
-3.20700002	6.98840094	1.91600001	200	0	0
-3.18499994	6.98890018	1.91999996	200	0	0
-3.18700004	6.9890008	1.91900003	200	0	0
-3.20700002	6.98840094	1.92700005	200	0	0
-3.18899989	6.98890018	1.93099999	200	0	0
-3.19000006	6.98820019	1.94799995	200	0	0
-3.20499992	6.98849964	1.94500005	200	0	0
-3.2019999	6.98840094	1.94500005	200	0	0
-3.19099998	6.98820019	1.94200003	200	0	0
-3.204	6.98849964	1.93900001	200	0	0
-3.204	6.98840094	1.93900001	200	0	0
-3.19300008	6.98820019	1.93599999	200	0	0
-3.20499992	6.98840094	1.93299997	200	0	0
-3.19199991	6.98820019	1.92999995	200	0	0
-3.18700004	6.9890008	1.93099999	200	0	0
-3.18899989	6.98890018	1.93599999	200	0	0
-3.18700004	6.98890018	1.94799995	200	0	0
-3.18600011	6.9890008	1.94799995	200	0	0
-3.19000006	6.98890018	1.94200003	200	0	0
-3.18700004	6.9890008	1.94200003	200	0	0
-3.18799996	6.9890008	1.93599999	200	0	0
-3.19099998	6.98890018	1.95899999	200	0	0
-3.19099998	6.9890008	1.95899999	200	0	0
-3.18899989	6.9890008	1.96500003	200	0	0
-3.20900011	6.98849964	1.98399997	200	0	0
-3.18899989	6.98890018	1.96500003	200	0	0
-3.1960001	6.98820019	1.97500002	200	0	0
-3.20799994	6.98849964	1.97300005	200	0	0
-3.1960001	6.98820019	1.97000003	200	0	0
-3.20799994	6.98849964	1.96700001	200	0	0
-3.19499993	6.98820019	1.96399999	200	0	0
-3.19400001	6.98820019	1.95899999	200	0	0
-3.21000004	6.98849964	1.96099997	200	0	0
-3.20799994	6.98840094	1.96099997	200	0	0
-3.20600009	6.98849964	1.95599997	200	0	0
-3.20600009	6.98840094	1.95599997	200	0	0
-3.1960001	6.98820019	1.98699999	200	0	0
-3.18799996	6.9890008	1.97599995	200	0	0
-3.19000006	6.98890018	1.97599995	200	0	0
-3.18899989	6.9890008	1.97000003	200	0	0
-3.20499992	6.98849964	1.99600005	200	0	0
-3.1960001	6.98820019	1.99199998	200	0	0
-3.204	6.98849964	1.99100006	200	0	0
-3.19400001	6.98820019	1.99800003	200	0	0
-3.19099998	6.9890008	1.98699999	200	0	0
-3.19499993	6.98890018	1.98599994	200	0	0
-3.19199991	6.98890018	1.99300003	200	0	0
-3.19700003	6.98820019	2.00399995	200	0	0
-3.204	6.98849964	2.00200009	200	0	0
-3.18799996	6.9890008	2.00500011	200	0	0
-3.18899989	6.98890018	2.00399995	200	0	0
-3.19000006	6.9890008	1.99899995	200	0	0
-3.19099998	6.98890018	1.99800003	200	0	0
-3.18799996	6.9890008	1.99300003	200	0	0
-3.20600009	6.98849964	2.01300001	200	0	0
-3.18899989	6.9890008	2.01600003	200	0	0
-3.19199991	6.98890018	2.0150001	200	0	0
-3.204	6.98849964	2.0250001	200	0	0
-3.19700003	6.98820019	2.02099991	200	0	0
-3.20799994	6.98849964	2.01900005	200	0	0
-3.19499993	6.98820019	2.0150001	200	0	0
-3.19000006	6.9890008	2.02699995	200	0	0
-3.19000006	6.98890018	2.02699995	200	0	0
-3.19099998	6.9890008	2.02099991	200	0	0
-3.19000006	6.98890018	2.02099991	200	0	0
-3.19700003	6.98820019	2.04299998	200	0	0
-3.20900011	6.98859978	2.02999997	200	0	0
-3.20700002	6.98849964	2.02999997	200	0	0
-3.19700003	6.98820019	2.03200006	200	0	0
-3.19799995	6.98820019	2.02600002	200	0	0
-3.19199991	6.98890018	2.03200006	200	0	0
-3.20900011	6.98859978	2.04099989	200	0	0
-3.21199989	6.98849964	2.04099989	200	0	0
-3.19199991	6.9890008	2.03200006	200	0	0
-3.19099998	6.9890008	2.04399991	200	0	0
-3.19000006	6.98890018	2.04399991	200	0	0
-3.19000006	6.9890008	2.05500007	200	0	0
-3.19099998	6.98890018	2.05500007	200	0	0
-3.18899989	6.9890008	2.04999995	200	0	0
-3.19099998	6.98890018	2.04900002	200	0	0
-3.20900011	6.98859978	2.05299997	200	0	0
-3.19300008	6.98890018	2.05999994	200	0	0
-3.19300008	6.9890008	2.05999994	200	0	0
-3.19899988	6.98820019	2.0769999	200	0	0
-3.19300008	6.98890018	2.07200003	200	0	0
-3.20700002	6.98859978	2.08100009	200	0	0
-3.19700003	6.98820019	2.07200003	200	0	0
-3.20799994	6.98859978	2.07500005	200	0	0
-3.20799994	6.98859978	2.06999993	200	0	0
-3.1960001	6.98820019	2.05999994	200	0	0
-3.1960001	6.98820019	2.05500007	200	0	0
-3.20600009	6.98859978	2.05800009	200	0	0
-3.19700003	6.98820019	2.04900002	200	0	0
-3.19899988	6.98820019	2.08299994	200	0	0
-3.19499993	6.9890008	2.0710001	200	0	0
-3.19899988	6.98820019	2.08800006	200	0	0
-3.19199991	6.98890018	2.08299994	200	0	0
-3.19199991	6.9890008	2.0769999	200	0	0
-3.20700002	6.98859978	2.08699989	200	0	0
-3.19400001	6.98890018	2.0769999	200	0	0
-3.19400001	6.9890008	2.08299994	200	0	0
-3.18899989	6.9890008	2.08899999	200	0	0
-3.19300008	6.98890018	2.08800006	200	0	0
-3.19899988	6.98820019	2.0999999	200	0	0
-3.20499992	6.98859978	2.09800005	200	0	0
-3.19300008	6.98890018	2.0999999	200	0	0
-3.20799994	6.98869991	2.10899997	200	0	0
-3.19799995	6.98820019	2.10500002	200	0	0
-3.21000004	6.98859978	2.10899997	200	0	0
-3.20900011	6.98859978	2.10299993	200	0	0
-3.19199991	6.98890018	2.11100006	200	0	0
-3.19199991	6.9890008	2.11100006	200	0	0
-3.19300008	6.98890018	2.10500002	200	0	0
-3.19400001	6.98890018	2.11599994	200	0	0
-3.19799995	6.98820019	2.1170001	200	0	0
-3.21000004	6.98869991	2.11500001	200	0	0
-3.19899988	6.98820019	2.11100006	200	0	0
-3.19499993	6.9890008	2.11599994	200	0	0
-3.21199989	6.98869991	2.12599993	200	0	0
-3.20099998	6.98820019	2.13899994	200	0	0
-3.19799995	6.98820019	2.1329999	200	0	0
-3.20099998	6.98820019	2.12700009	200	0	0
-3.19400001	6.9890008	2.12800002	200	0	0
-3.19400001	6.98890018	2.12800002	200	0	0
-3.19300008	6.98890018	2.1329999	200	0	0
-3.20700002	6.98869991	2.13700008	200	0	0
-3.20700002	6.98869991	2.13199997	200	0	0
-3.19400001	6.98890018	2.13899994	200	0	0
-3.19400001	6.9890008	2.13899994	200	0	0
-3.19400001	6.9890008	2.1329999	200	0	0
-3.21099997	6.98869991	2.14299989	200	0	0
-3.19400001	6.98890018	2.14499998	200	0	0
-3.19199991	6.9890008	2.14499998	200	0	0
-3.20900011	6.98869991	2.15400004	200	0	0
-3.19499993	6.9890008	2.1559999	200	0	0
-3.1960001	6.98890018	2.1559999	200	0	0
-3.20900011	6.98869991	2.16000009	200	0	0
-3.20000005	6.98820019	2.1730001	200	0	0
-3.20000005	6.98820019	2.16700006	200	0	0
-3.20099998	6.98820019	2.16100001	200	0	0
-3.19899988	6.98820019	2.1559999	200	0	0
-3.19799995	6.98820019	2.14499998	200	0	0
-3.20700002	6.98869991	2.16599989	200	0	0
-3.1960001	6.9890008	2.16700006	200	0	0
-3.19499993	6.98890018	2.16700006	200	0	0
-3.1960001	6.9890008	2.16100001	200	0	0
-3.1960001	6.98890018	2.16100001	200	0	0
-3.21000004	6.98869991	2.171	200	0	0
-3.20099998	6.98820019	2.18400002	200	0	0
-3.1960001	6.9890008	2.17199993	200	0	0
-3.20900011	6.98869991	2.18199992	200	0	0
-3.19700003	6.98890018	2.18300009	200	0	0
-3.19700003	6.9890008	2.18300009	200	0	0
-3.2019999	6.98820019	2.19499993	200	0	0
-3.2019999	6.98820019	2.18899989	200	0	0
-3.19499993	6.9890008	2.18899989	200	0	0
-3.1960001	6.98890018	2.18899989	200	0	0
-3.20799994	6.98869991	2.18799996	200	0	0
-3.19799995	6.98890018	2.19499993	200	0	0
-3.19899988	6.9890008	2.19400001	200	0	0
-3.19799995	6.9890008	2.20000005	200	0	0
-3.2019999	6.98820019	2.20000005	200	0	0
-3.1960001	6.9890008	2.21099997	200	0	0
-3.19799995	6.98890018	2.21099997	200	0	0
-3.20300007	6.98820019	2.21199989	200	0	0
-3.19700003	6.9890008	2.21700001	200	0	0
-3.20900011	6.98880005	2.22199988	200	0	0
-3.204	6.98820019	2.22799993	200	0	0
-3.20300007	6.98820019	2.22300005	200	0	0
-3.20300007	6.98820019	2.21700001	200	0	0
-3.19799995	6.9890008	2.22199988	200	0	0
-3.20799994	6.98880005	2.227	200	0	0
-3.19700003	6.9890008	2.22799993	200	0	0
-3.21000004	6.98880005	2.23799992	200	0	0
-3.19700003	6.9890008	2.23900008	200	0	0
-3.204	6.98820019	2.23900008	200	0	0
-3.1960001	6.9890008	2.24499989	200	0	0
-3.21099997	6.98880005	2.24900007	200	0	0
-3.19799995	6.98890018	2.24499989	200	0	0
-3.21199989	6.98880005	2.24399996	200	0	0
-3.2019999	6.9890008	2.25	200	0	0
-3.20300007	6.98820019	2.24499989	200	0	0
-3.21199989	6.98880005	2.25500011	200	0	0
-3.20300007	6.98820019	2.26699996	200	0	0
-3.2019999	6.98820019	2.25600004	200	0	0
-3.20300007	6.98820019	2.25099993	200	0	0
-3.19799995	6.9890008	2.25600004	200	0	0
-3.19700003	6.98890018	2.26699996	200	0	0
-3.21199989	6.98880005	2.26600003	200	0	0
-3.204	6.98820019	2.27900004	200	0	0
-3.20300007	6.98820019	2.273	200	0	0
-3.19799995	6.9890008	2.26699996	200	0	0
-3.1960001	6.98890018	2.27800012	200	0	0
-3.20099998	6.9890008	2.273	200	0	0
-3.19700003	6.98890018	2.273	200	0	0
-3.2019999	6.98820019	2.28399992	200	0	0
-3.19899988	6.98890018	2.28399992	200	0	0
-3.19899988	6.9890008	2.28399992	200	0	0
-3.1960001	6.98890018	2.29500008	200	0	0
-3.20099998	6.9890008	2.29500008	200	0	0
-3.20499992	6.98820019	2.29500008	200	0	0
-3.19300008	6.98890018	2.30599999	200	0	0
-3.19799995	6.9890008	2.30599999	200	0	0
-3.19700003	6.98890018	2.30100012	200	0	0
-3.19799995	6.9890008	2.30100012	200	0	0
-3.20300007	6.98820019	2.30599999	200	0	0
-3.204	6.98820019	2.30100012	200	0	0
-3.19199991	6.98890018	2.31200004	200	0	0
-3.20000005	6.9890008	2.31200004	200	0	0
-3.20499992	6.98820019	2.32299995	200	0	0
-3.20700002	6.98820019	2.31200004	200	0	0
-3.20000005	6.9890008	2.32299995	200	0	0
-3.19799995	6.98890018	2.32299995	200	0	0
-3.19300008	6.9890008	2.33400011	200	0	0
-3.19899988	6.98890018	2.33400011	200	0	0
-3.20000005	6.9890008	2.32800007	200	0	0
-3.19799995	6.98890018	2.32800007	200	0	0
-3.20499992	6.98820019	2.33400011	200	0	0
-3.20499992	6.98820019	2.329	200	0	0
-3.19899988	6.98890018	2.33899999	200	0	0
-3.20700002	6.98820019	2.33999991	200	0	0
-3.19499993	6.9890008	2.35100007	200	0	0
-3.19799995	6.98890018	2.35100007	200	0	0
-3.20600009	6.98820019	2.36199999	200	0	0
-3.20600009	6.98820019	2.35700011	200	0	0
-3.20700002	6.98820019	2.35100007	200	0	0
-3.19799995	6.9890008	2.35599995	200	0	0
-3.20099998	6.9890008	2.36199999	200	0	0
-3.20099998	6.98890018	2.36199999	200	0	0
-3.19799995	6.98890018	2.35599995	200	0	0
-3.20700002	6.98820019	2.36800003	200	0	0
-3.204	6.9890008	2.3670001	200	0	0
-3.20300007	6.98890018	2.3670001	200	0	0
-3.20499992	6.98820019	2.37899995	200	0	0
-3.20099998	6.9890008	2.37800002	200	0	0
-3.20000005	6.98890018	2.37800002	200	0	0
-3.19899988	6.98890018	2.3900001	200	0	0
-3.204	6.9890008	2.38400006	200	0	0
-3.20099998	6.98890018	2.38400006	200	0	0
-3.20600009	6.98820019	2.3900001	200	0	0
-3.20799994	6.98820019	2.38400006	200	0	0
-3.2019999	6.9890008	2.39499998	200	0	0
-3.204	6.98890018	2.39499998	200	0	0
-3.20600009	6.98820019	2.39599991	200	0	0
-3.2019999	6.9890008	2.4059999	200	0	0
-3.2019999	6.98890018	2.4059999	200	0	0
-3.21099997	6.98820019	2.41799998	200	0	0
-3.20700002	6.98820019	2.41199994	200	0	0
-3.20700002	6.98820019	2.40700006	200	0	0
-3.2019999	6.98890018	2.41700006	200	0	0
-3.204	6.9890008	2.41700006	200	0	0
-3.20099998	6.98890018	2.41199994	200	0	0
-3.2019999	6.9890008	2.41199994	200	0	0
-3.20099998	6.98890018	2.4230001	200	0	0
-3.20099998	6.9890008	2.4230001	200	0	0
-3.20900011	6.98820019	2.4230001	200	0	0
-3.2019999	6.9890008	2.43400002	200	0	0
-3.2019999	6.98890018	2.43400002	200	0	0
-3.20700002	6.98820019	2.43499994	200	0	0
-3.20099998	6.98890018	2.44499993	200	0	0
-3.19899988	6.9890008	2.44499993	200	0	0
-3.19700003	6.9890008	2.44000006	200	0	0
-3.20099998	6.98890018	2.43899989	200	0	0
-3.21000004	6.98820019	2.45099998	200	0	0
-3.20900011	6.98820019	2.4460001	200	0	0
-3.20799994	6.98820019	2.44000006	200	0	0
-3.204	6.98890018	2.45099998	200	0	0
-3.2019999	6.9890008	2.45099998	200	0	0
-3.20900011	6.98820019	2.46199989	200	0	0
-3.20499992	6.98890018	2.46199989	200	0	0
-3.20499992	6.9890008	2.46199989	200	0	0
-3.21099997	6.98820019	2.47300005	200	0	0
-3.20900011	6.98820019	2.46799994	200	0	0
-3.19700003	6.98890018	2.47300005	200	0	0
-3.19899988	6.98890018	2.46700001	200	0	0
-3.20600009	6.9890008	2.46700001	200	0	0
-3.204	6.98890018	2.50099993	200	0	0
-3.20600009	6.9890008	2.50099993	200	0	0
-3.21099997	6.98820019	2.51799989	200	0	0
-3.2190001	6.98830032	2.51699996	200	0	0
-3.21099997	6.98820019	2.50699997	200	0	0
-3.2190001	6.98830032	2.50600004	200	0	0
-3.22199988	6.98830032	2.50099993	200	0	0
-3.21099997	6.98820019	2.50099993	200	0	0
-3.21199989	6.98820019	2.49600005	200	0	0
-3.20700002	6.9890008	2.50600004	200	0	0
-3.20600009	6.98890018	2.50600004	200	0	0
-3.20600009	6.9890008	2.51699996	200	0	0
-3.20300007	6.98890018	2.51699996	200	0	0
-3.21700001	6.98880005	2.52900004	200	0	0
-3.20499992	6.98890018	2.52800012	200	0	0
-3.20700002	6.9890008	2.52800012	200	0	0
-3.20700002	6.98890018	2.523	200	0	0
-3.20600009	6.9890008	2.523	200	0	0
-3.21600008	6.98830032	2.52900004	200	0	0
-3.21300006	6.98820019	2.52900004	200	0	0
-3.21099997	6.98820019	2.52399993	200	0	0
-3.21600008	6.98880005	2.53399992	200	0	0
-3.204	6.98890018	2.53399992	200	0	0
-3.21399999	6.98820019	2.546	200	0	0
-3.22000003	6.98830032	2.54500008	200	0	0
-3.22000003	6.98830032	2.53399992	200	0	0
-3.21099997	6.98820019	2.53500009	200	0	0
-3.21799994	6.98880005	2.54500008	200	0	0
-3.20499992	6.9890008	2.54500008	200	0	0
-3.20499992	6.98890018	2.54500008	200	0	0
-3.22099996	6.98830032	2.55699992	200	0	0
-3.21199989	6.98820019	2.55699992	200	0	0
-3.21499991	6.98820019	2.55200005	200	0	0
-3.21700001	6.98830032	2.55100012	200	0	0
-3.2190001	6.98880005	2.55699992	200	0	0
-3.20700002	6.9890008	2.55599999	200	0	0
-3.20499992	6.98890018	2.55599999	200	0	0
-3.22000003	6.98880005	2.55100012	200	0	0
-3.20700002	6.9890008	2.55100012	200	0	0
-3.20600009	6.98890018	2.55100012	200	0	0
-3.22099996	6.98830032	2.56200004	200	0	0
-3.21399999	6.98820019	2.56299996	200	0	0
-3.22000003	6.98880005	2.56200004	200	0	0
-3.20799994	6.9890008	2.56200004	200	0	0
-3.20600009	6.98890018	2.56200004	200	0	0
-3.21700001	6.98830032	2.579	200	0	0
-3.22199988	6.98830032	2.57299995	200	0	0
-3.22199988	6.98880005	2.58999991	200	0	0
-3.21099997	6.9890008	2.58999991	200	0	0
-3.22300005	6.98880005	2.58500004	200	0	0
-3.20499992	6.9890008	2.58400011	200	0	0
-3.21300006	6.98880005	2.579	200	0	0
-3.20600009	6.9890008	2.579	200	0	0
-3.21799994	6.98880005	2.57299995	200	0	0
-3.20799994	6.9890008	2.57299995	200	0	0
-3.20700002	6.98890018	2.57299995	200	0	0
-3.21600008	6.98820019	2.61299992	200	0	0
-3.21700001	6.98830032	2.61199999	200	0	0
-3.21499991	6.98830032	2.60700011	200	0	0
-3.21199989	6.98820019	2.60700011	200	0	0
-3.21099997	6.98820019	2.602	200	0	0
-3.21600008	6.98830032	2.60100007	200	0	0
-3.21600008	6.98820019	2.59100008	200	0	0
-3.21600008	6.98830032	2.58999991	200	0	0
-3.21499991	6.98820019	2.58500004	200	0	0
-3.21600008	6.98830032	2.58400011	200	0	0
-3.21099997	6.98820019	2.579	200	0	0
-3.21499991	6.98820019	2.57399988	200	0	0
-3.22199988	6.98869991	2.60700011	200	0	0
-3.22199988	6.98880005	2.60100007	200	0	0
-3.20700002	6.98890018	2.60100007	200	0	0
-3.21000004	6.9890008	2.60100007	200	0	0
-3.22199988	6.98880005	2.61299992	200	0	0
-3.20900011	6.98890018	2.61199999	200	0	0
-3.20900011	6.9890008	2.61199999	200	0	0
-3.22099996	6.98880005	2.60700011	200	0	0
-3.20799994	6.9890008	2.60700011	200	0	0
-3.20700002	6.98890018	2.60599995	200	0	0
-3.22199988	6.98869991	2.61299992	200	0	0
-3.20900011	6.9890008	2.61800003	200	0	0
-3.20900011	6.98890018	2.61800003	200	0	0
-3.21600008	6.98830032	2.62899995	200	0	0
-3.21300006	6.98820019	2.61899996	200	0	0
-3.2190001	6.98830032	2.61800003	200	0	0
-3.20799994	6.9890008	2.62899995	200	0	0
-3.20700002	6.98890018	2.62899995	200	0	0
-3.22000003	6.98869991	2.62899995	200	0	0
-3.21300006	6.98820019	2.64100003	200	0	0
-3.21700001	6.98830032	2.6400001	200	0	0
-3.21600008	6.98830032	2.63499999	200	0	0
-3.21300006	6.98820019	2.63499999	200	0	0
-3.21399999	6.98820019	2.63000011	200	0	0
-3.22399998	6.98869991	2.63499999	200	0	0
-3.20700002	6.9890008	2.6400001	200	0	0
-3.22300005	6.98869991	2.64100003	200	0	0
-3.20799994	6.98890018	2.6400001	200	0	0
-3.21199989	6.9890008	2.63499999	200	0	0
-3.20799994	6.98890018	2.63400006	200	0	0
-3.22099996	6.98869991	2.64599991	200	0	0
-3.21700001	6.98820019	2.64700007	200	0	0
-3.21700001	6.98830032	2.64599991	200	0	0
-3.21099997	6.9890008	2.64599991	200	0	0
-3.20900011	6.98890018	2.64599991	200	0	0
-3.21600008	6.98820019	2.65799999	200	0	0
-3.22000003	6.98830032	2.65700006	200	0	0
-3.20799994	6.9890008	2.65700006	200	0	0
-3.22600007	6.98869991	2.65799999	200	0	0
-3.20700002	6.98890018	2.65700006	200	0	0
-3.2249999	6.98869991	2.66899991	200	0	0
-3.21499991	6.98820019	2.67499995	200	0	0
-3.21499991	6.98830032	2.67400002	200	0	0
-3.2249999	6.98869991	2.66300011	200	0	0
-3.21799994	6.98820019	2.66899991	200	0	0
-3.21700001	6.98830032	2.66799998	200	0	0
-3.21399999	6.98820019	2.66300011	200	0	0
-3.21799994	6.98830032	2.66300011	200	0	0
-3.2249999	6.98859978	2.68600011	200	0	0
-3.21199989	6.9890008	2.68499994	200	0	0
-3.227	6.98869991	2.68600011	200	0	0
-3.20900011	6.98890018	2.68499994	200	0	0
-3.2249999	6.98859978	2.67499995	200	0	0
-3.21000004	6.9890008	2.67400002	200	0	0
-3.20799994	6.98890018	2.6730001	200	0	0
-3.22199988	6.98869991	2.67400002	200	0	0
-3.20900011	6.9890008	2.66799998	200	0	0
-3.20799994	6.98890018	2.66799998	200	0	0
-3.20900011	6.9890008	2.66199994	200	0	0
-3.20799994	6.98890018	2.66199994	200	0	0
-3.2249999	6.98859978	2.70300007	200	0	0
-3.2249999	6.98859978	2.69700003	200	0	0
-3.22300005	6.98869991	2.69099998	200	0	0
-3.21600008	6.98820019	2.70300007	200	0	0
-3.21399999	6.98830032	2.7019999	200	0	0
-3.2249999	6.98859978	2.69099998	200	0	0
-3.22000003	6.98830032	2.69700003	200	0	0
-3.21700001	6.98820019	2.69700003	200	0	0
-3.21799994	6.98830032	2.69099998	200	0	0
-3.21399999	6.98820019	2.69099998	200	0	0
-3.21600008	6.98820019	2.68600011	200	0	0
-3.21700001	6.98830032	2.68499994	200	0	0
-3.21000004	6.98890018	2.69000006	200	0	0
-3.20700002	6.9890008	2.70099998	200	0	0
-3.20900011	6.98890018	2.7019999	200	0	0
-3.21199989	6.9890008	2.6960001	200	0	0
-3.21099997	6.98890018	2.6960001	200	0	0
-3.21000004	6.9890008	2.69000006	200	0	0
-3.20900011	6.98890018	2.71300006	200	0	0
-3.21199989	6.9890008	2.71300006	200	0	0
-3.2190001	6.98820019	2.7249999	200	0	0
-3.21799994	6.98830032	2.7249999	200	0	0
-3.22399998	6.98859978	2.7190001	200	0	0
-3.21600008	6.98820019	2.72000003	200	0	0
-3.2249999	6.98859978	2.71399999	200	0	0
-3.2190001	6.98830032	2.7190001	200	0	0
-3.21799994	6.98820019	2.71399999	200	0	0
-3.21600008	6.98830032	2.71300006	200	0	0
-3.20900011	6.98890018	2.72399998	200	0	0
-3.21199989	6.9890008	2.72399998	200	0	0
-3.21199989	6.98890018	2.7190001	200	0	0
-3.21099997	6.9890008	2.71799994	200	0	0
-3.23099995	6.98859978	2.72600007	200	0	0
-3.22799993	6.98859978	2.73099995	200	0	0
-3.21700001	6.98820019	2.73099995	200	0	0
-3.2190001	6.98830032	2.73000002	200	0	0
-3.21099997	6.98890018	2.73000002	200	0	0
-3.21199989	6.9890008	2.73000002	200	0	0
-3.21099997	6.98890018	2.74099994	200	0	0
-3.2249999	6.98859978	2.7420001	200	0	0
-3.2190001	6.98820019	2.7420001	200	0	0
-3.21799994	6.98830032	2.74099994	200	0	0
-3.21199989	6.9890008	2.74099994	200	0	0
-3.22900009	6.98859978	2.74799991	200	0	0
-3.23300004	6.98849964	2.74799991	200	0	0
-3.22000003	6.98830032	2.75300002	200	0	0
-3.21799994	6.98820019	2.75300002	200	0	0
-3.22000003	6.98820019	2.74799991	200	0	0
-3.2190001	6.98830032	2.74699998	200	0	0
-3.23000002	6.98849964	2.75399995	200	0	0
-3.21099997	6.98890018	2.75200009	200	0	0
-3.21199989	6.9890008	2.75200009	200	0	0
-3.21199989	6.98890018	2.74699998	200	0	0
-3.20799994	6.9890008	2.74600005	200	0	0
-3.23200011	6.98859978	2.75399995	200	0	0
-3.2190001	6.98830032	2.7579999	200	0	0
-3.21199989	6.9890008	2.7579999	200	0	0
-3.227	6.98849964	2.75900006	200	0	0
-3.21300006	6.98890018	2.7579999	200	0	0
-3.23000002	6.98859978	2.75900006	200	0	0
-3.2190001	6.98830032	2.76999998	200	0	0
-3.21799994	6.98820019	2.76999998	200	0	0
-3.21799994	6.98820019	2.75900006	200	0	0
-3.22799993	6.98849964	2.76999998	200	0	0
-3.22099996	6.98830032	2.7809999	200	0	0
-3.22300005	6.98820019	2.77600002	200	0	0
-3.21700001	6.9890008	2.7750001	200	0	0
-3.23000002	6.98849964	2.78200006	200	0	0
-3.21399999	6.98890018	2.7750001	200	0	0
-3.2190001	6.98830032	2.7750001	200	0	0
-3.21199989	6.9890008	2.76900005	200	0	0
-3.22600007	6.98849964	2.77600002	200	0	0
-3.21000004	6.98890018	2.76900005	200	0	0
-3.23200011	6.98859978	2.77099991	200	0	0
-3.21499991	6.98890018	2.7809999	200	0	0
-3.21300006	6.9890008	2.77999997	200	0	0
-3.21199989	6.98890018	2.79699993	200	0	0
-3.22900009	6.98849964	2.79900002	200	0	0
-3.22000003	6.98820019	2.78699994	200	0	0
-3.21300006	6.9890008	2.78600001	200	0	0
-3.21799994	6.98830032	2.78699994	200	0	0
-3.21099997	6.98890018	2.78600001	200	0	0
-3.2190001	6.98820019	2.78200006	200	0	0
-3.227	6.98849964	2.78699994	200	0	0
-3.22000003	6.98820019	2.79900002	200	0	0
-3.21300006	6.9890008	2.79699993	200	0	0
-3.21399999	6.9890008	2.80900002	200	0	0
-3.21300006	6.98890018	2.80900002	200	0	0
-3.21600008	6.9890008	2.80299997	200	0	0
-3.21300006	6.98890018	2.80299997	200	0	0
-3.23399997	6.98849964	2.81599998	200	0	0
-3.23000002	6.98840094	2.81599998	200	0	0
-3.23200011	6.98849964	2.80999994	200	0	0
-3.22199988	6.98820019	2.81599998	200	0	0
-3.22300005	6.98830032	2.81500006	200	0	0
-3.23099995	6.98849964	2.80500007	200	0	0
-3.22000003	6.98820019	2.80999994	200	0	0
-3.21799994	6.98830032	2.80900002	200	0	0
-3.22099996	6.98830032	2.8039999	200	0	0
-3.2190001	6.98820019	2.8039999	200	0	0
-3.21499991	6.9890008	2.81399989	200	0	0
-3.21300006	6.98890018	2.81399989	200	0	0
-3.21199989	6.98890018	2.82500005	200	0	0
-3.22199988	6.98830032	2.82599998	200	0	0
-3.23000002	6.98840094	2.8269999	200	0	0
-3.23200011	6.98849964	2.82800007	200	0	0
-3.22099996	6.98820019	2.8269999	200	0	0
-3.21399999	6.9890008	2.82599998	200	0	0
-3.21399999	6.9890008	2.83699989	200	0	0
-3.21499991	6.98890018	2.83699989	200	0	0
-3.21399999	6.9890008	2.83100009	200	0	0
-3.21300006	6.98890018	2.83100009	200	0	0
-3.23300004	6.98840094	2.83899999	200	0	0
-3.2190001	6.98820019	2.83200002	200	0	0
-3.22300005	6.98830032	2.83200002	200	0	0
-3.23200011	6.98840094	2.83299994	200	0	0
-3.23300004	6.98849964	2.83299994	200	0	0
-3.22300005	6.98820019	2.83899999	200	0	0
-3.22099996	6.98830032	2.83800006	200	0	0
-3.21399999	6.98890018	2.84200001	200	0	0
-3.23099995	6.98840094	2.8440001	200	0	0
-3.22399998	6.98830032	2.8440001	200	0	0
-3.22199988	6.98820019	2.8440001	200	0	0
-3.21399999	6.9890008	2.84200001	200	0	0
-3.23099995	6.98840094	2.85599995	200	0	0
-3.22000003	6.98820019	2.85500002	200	0	0
-3.22199988	6.98830032	2.85500002	200	0	0
-3.21300006	6.98890018	2.85400009	200	0	0
-3.21399999	6.9890008	2.85400009	200	0	0
-3.2349999	6.98840094	2.86800003	200	0	0
-3.22199988	6.98820019	2.8670001	200	0	0
-3.22399998	6.98830032	2.86599994	200	0	0
-3.23099995	6.98840094	2.86199999	200	0	0
-3.2190001	6.98820019	2.86100006	200	0	0
-3.2249999	6.98830032	2.86100006	200	0	0
-3.21600008	6.98890018	2.8599999	200	0	0
-3.2349999	6.98840094	2.87299991	200	0	0
-3.22000003	6.98820019	2.87199998	200	0	0
-3.22399998	6.98830032	2.87199998	200	0	0
-3.21399999	6.98890018	2.87100005	200	0	0
-3.21399999	6.9890008	2.87100005	200	0	0
-3.21399999	6.98890018	2.86500001	200	0	0
-3.21499991	6.9890008	2.86500001	200	0	0
-3.21600008	6.9890008	2.8599999	200	0	0
-3.21499991	6.98890018	2.89400005	200	0	0
-3.21300006	6.9890008	2.89299989	200	0	0
-3.21399999	6.9890008	2.88800001	200	0	0
-3.21300006	6.98890018	2.88800001	200	0	0
-3.21300006	6.9890008	2.88199997	200	0	0
-3.21600008	6.98890018	2.88199997	200	0	0
-3.2249999	6.98830032	2.89499998	200	0	0
-3.2349999	6.98840094	2.89599991	200	0	0
-3.22000003	6.98820019	2.88899994	200	0	0
-3.22300005	6.98830032	2.88899994	200	0	0
-3.2349999	6.98840094	2.8900001	200	0	0
-3.22199988	6.98820019	2.88400006	200	0	0
-3.23399997	6.98840094	2.88499999	200	0	0
-3.2249999	6.98830032	2.8829999	200	0	0
-3.22300005	6.98820019	2.89499998	200	0	0
-3.21600008	6.98890018	2.89899993	200	0	0
-3.21700001	6.9890008	2.89899993	200	0	0
-3.23900008	6.98840094	2.91400003	200	0	0
-3.22399998	6.98830032	2.91199994	200	0	0
-3.22600007	6.98820019	2.90100002	200	0	0
-3.2249999	6.98830032	2.9000001	200	0	0
-3.23000002	6.98840094	2.90100002	200	0	0
-3.22300005	6.98820019	2.91199994	200	0	0
-3.21499991	6.98890018	2.91100001	200	0	0
-3.21600008	6.9890008	2.91100001	200	0	0
-3.21799994	6.9890008	2.92199993	200	0	0
-3.21700001	6.98890018	2.92199993	200	0	0
-3.21499991	6.9890008	2.91599989	200	0	0
-3.21499991	6.98890018	2.91599989	200	0	0
-3.22300005	6.98820019	2.92400002	200	0	0
-3.22399998	6.98830032	2.9230001	200	0	0
-3.22199988	6.98820019	2.91799998	200	0	0
-3.22300005	6.98830032	2.91700006	200	0	0
-3.21700001	6.98890018	2.92799997	200	0	0
-3.22300005	6.98820019	2.93000007	200	0	0
-3.227	6.98830032	2.9289999	200	0	0
-3.21600008	6.9890008	2.93899989	200	0	0
-3.21499991	6.98890018	2.93899989	200	0	0
-3.22300005	6.98820019	2.94099998	200	0	0
-3.2249999	6.98830032	2.94000006	200	0	0
-3.2249999	6.98820019	2.95300007	200	0	0
-3.22799993	6.98830032	2.9519999	200	0	0
-3.22300005	6.98820019	2.94700003	200	0	0
-3.2249999	6.98830032	2.9460001	200	0	0
-3.21700001	6.9890008	2.95099998	200	0	0
-3.21799994	6.98890018	2.95099998	200	0	0
-3.21600008	6.9890008	2.94499993	200	0	0
-3.21700001	6.98890018	2.94499993	200	0	0
-3.22600007	6.98820019	2.95900011	200	0	0
-3.2249999	6.98830032	2.95799994	200	0	0
-3.2190001	6.9890008	2.95700002	200	0	0
-3.21799994	6.98890018	2.95700002	200	0	0
-3.22399998	6.98820019	2.97000003	200	0	0
-3.2249999	6.98830032	2.9690001	200	0	0
-3.21700001	6.9890008	2.96799994	200	0	0
-3.21700001	6.98890018	2.96799994	200	0	0
-3.2190001	6.9890008	2.9849999	200	0	0
-3.21799994	6.98890018	2.9849999	200	0	0
-3.22099996	6.9890008	2.98000002	200	0	0
-3.22000003	6.98890018	2.98000002	200	0	0
-3.21700001	6.9890008	2.97399998	200	0	0
-3.21600008	6.98890018	2.97300005	200	0	0
-3.2190001	6.98820019	2.98600006	200	0	0
-3.2249999	6.98830032	2.98600006	200	0	0
-3.22099996	6.98820019	2.98099995	200	0	0
-3.22799993	6.98830032	2.98099995	200	0	0
-3.2249999	6.98820019	2.9749999	200	0	0
-3.22300005	6.98830032	2.97399998	200	0	0
-3.22000003	6.98890018	2.99699998	200	0	0
-3.21700001	6.9890008	2.99600005	200	0	0
-3.22600007	6.98820019	3.00999999	200	0	0
-3.227	6.98830032	3.00900006	200	0	0
-3.22399998	6.98820019	3.00399995	200	0	0
-3.227	6.98830032	3.00399995	200	0	0
-3.21499991	6.98820019	2.99699998	200	0	0
-3.227	6.98830032	2.99799991	200	0	0
-3.22099996	6.9890008	3.00900006	200	0	0
-3.22099996	6.98890018	3.00900006	200	0	0
-3.21799994	6.9890008	3.00200009	200	0	0
-3.21799994	6.98890018	3.00200009	200	0	0
-3.22099996	6.98890018	3.01399994	200	0	0
-3.2190001	6.9890008	3.01399994	200	0	0
-3.227	6.98820019	3.01600003	200	0	0
-3.22799993	6.98830032	3.0150001	200	0	0
-3.22000003	6.9890008	3.02600002	200	0	0
-3.21799994	6.98890018	3.0250001	200	0	0
-3.22799993	6.98830032	3.02699995	200	0	0
-3.22300005	6.98820019	3.02699995	200	0	0
-3.2190001	6.98890018	3.03699994	200	0	0
-3.21799994	6.9890008	3.03699994	200	0	0
-3.22199988	6.9890008	3.03200006	200	0	0
-3.21799994	6.98890018	3.0309999	200	0	0
-3.23200011	6.98830032	3.03900003	200	0	0
-3.2249999	6.98820019	3.03900003	200	0	0
-3.22799993	6.98820019	3.03399992	200	0	0
-3.227	6.98830032	3.03299999	200	0	0
-3.227	6.98820019	3.04500008	200	0	0
-3.2249999	6.98830032	3.04399991	200	0	0
-3.22199988	6.98890018	3.04299998	200	0	0
-3.2190001	6.9890008	3.04299998	200	0	0
-3.22900009	6.98830032	3.05599999	200	0	0
-3.2249999	6.98820019	3.05599999	200	0	0
-3.21700001	6.98890018	3.0539999	200	0	0
-3.21799994	6.9890008	3.0539999	200	0	0
-3.22799993	6.98820019	3.06800008	200	0	0
-3.227	6.98830032	3.06699991	200	0	0
-3.23099995	6.98830032	3.06200004	200	0	0
-3.22600007	6.98820019	3.06200004	200	0	0
-3.22000003	6.98890018	3.06599998	200	0	0
-3.22099996	6.9890008	3.06599998	200	0	0
-3.21799994	6.98890018	3.05999994	200	0	0
-3.22000003	6.9890008	3.05999994	200	0	0
-3.22300005	6.9890008	3.08400011	200	0	0
-3.2190001	6.98890018	3.08299994	200	0	0
-3.22000003	6.98890018	3.07200003	200	0	0
-3.22099996	6.9890008	3.07200003	200	0	0
-3.22799993	6.98820019	3.07399988	200	0	0
-3.22900009	6.98830032	3.07299995	200	0	0
-3.22900009	6.98830032	3.08500004	200	0	0
-3.22199988	6.9890008	3.09500003	200	0	0
-3.22099996	6.98890018	3.09500003	200	0	0
-3.22099996	6.9890008	3.08899999	200	0	0
-3.22199988	6.98890018	3.08899999	200	0	0
-3.23099995	6.98830032	3.10299993	200	0	0
-3.227	6.98820019	3.10299993	200	0	0
-3.23000002	6.98830032	3.09699988	200	0	0
-3.22300005	6.98820019	3.09599996	200	0	0
-3.23000002	6.98830032	3.09100008	200	0	0
-3.2190001	6.98820019	3.08999991	200	0	0
-3.22799993	6.98820019	3.08599997	200	0	0
-3.22000003	6.98890018	3.10100007	200	0	0
-3.22199988	6.9890008	3.10100007	200	0	0
-3.22000003	6.9890008	3.11199999	200	0	0
-3.2190001	6.98890018	3.11199999	200	0	0
-3.227	6.98830032	3.11400008	200	0	0
-3.22600007	6.98820019	3.11400008	200	0	0
-3.22300005	6.9890008	3.125	200	0	0
-3.22099996	6.98890018	3.12400007	200	0	0
-3.22199988	6.9890008	3.11899996	200	0	0
-3.21799994	6.98890018	3.11800003	200	0	0
-3.23099995	6.98830032	3.12599993	200	0	0
-3.22799993	6.98820019	3.11999989	200	0	0
-3.22799993	6.98830032	3.11999989	200	0	0
-3.22300005	6.9890008	3.13000011	200	0	0
-3.22300005	6.98890018	3.13000011	200	0	0
-3.23200011	6.98820019	3.1329999	200	0	0
-3.23200011	6.98830032	3.13199997	200	0	0
-3.23200011	6.98820019	3.12700009	200	0	0
-3.22900009	6.98820019	3.14400005	200	0	0
-3.22900009	6.98830032	3.14299989	200	0	0
-3.22099996	6.9890008	3.14100003	200	0	0
-3.22000003	6.98890018	3.14100003	200	0	0
-3.23099995	6.98830032	3.15499997	200	0	0
-3.23099995	6.98820019	3.1500001	200	0	0
-3.23000002	6.98830032	3.14899993	200	0	0
-3.22199988	6.98890018	3.15300012	200	0	0
-3.22099996	6.9890008	3.14700007	200	0	0
-3.22199988	6.98890018	3.14700007	200	0	0
-3.23399997	6.98830032	3.16199994	200	0	0
-3.23099995	6.98820019	3.16199994	200	0	0
-3.23099995	6.98820019	3.1559999	200	0	0
-3.22399998	6.9890008	3.16000009	200	0	0
-3.22000003	6.98890018	3.15899992	200	0	0
-3.22300005	6.9890008	3.15400004	200	0	0
-3.22300005	6.98890018	3.18300009	200	0	0
-3.22399998	6.9890008	3.18300009	200	0	0
-3.22099996	6.98890018	3.17700005	200	0	0
-3.22300005	6.9890008	3.17700005	200	0	0
-3.22300005	6.98890018	3.171	200	0	0
-3.22399998	6.9890008	3.171	200	0	0
-3.23200011	6.98830032	3.1730001	200	0	0
-3.22900009	6.98820019	3.1730001	200	0	0
-3.23000002	6.98820019	3.1789999	200	0	0
-3.23000002	6.98830032	3.1789999	200	0	0
-3.2249999	6.98890018	3.18899989	200	0	0
-3.2249999	6.9890008	3.18899989	200	0	0
-3.24399996	6.98840094	3.19300008	200	0	0
-3.2349999	6.98820019	3.19199991	200	0	0
-3.2349999	6.98830032	3.19099998	200	0	0
-3.24300003	6.98840094	3.18700004	200	0	0
-3.23099995	6.98820019	3.18499994	200	0	0
-3.23200011	6.98830032	3.18499994	200	0	0
-3.22000003	6.98890018	3.20000005	200	0	0
-3.2249999	6.98890018	3.20700002	200	0	0
-3.22099996	6.9890008	3.20600009	200	0	0
-3.22399998	6.9890008	3.20099998	200	0	0
-3.24300003	6.98840094	3.21099997	200	0	0
-3.23099995	6.98820019	3.20900011	200	0	0
-3.24399996	6.98840094	3.20499992	200	0	0
-3.23200011	6.98820019	3.20300007	200	0	0
-3.23600006	6.98830032	3.20300007	200	0	0
-3.2249999	6.9890008	3.2190001	200	0	0
-3.22399998	6.98890018	3.21799994	200	0	0
-3.22300005	6.98890018	3.21199989	200	0	0
-3.22399998	6.9890008	3.21199989	200	0	0
-3.2420001	6.98840094	3.22199988	200	0	0
-3.2349999	6.98820019	3.22199988	200	0	0
-3.23399997	6.98830032	3.22099996	200	0	0
-3.23000002	6.98820019	3.21499991	200	0	0
-3.2349999	6.98830032	3.21499991	200	0	0
-3.22300005	6.98890018	3.23000002	200	0	0
-3.23399997	6.98830032	3.23200011	200	0	0
-3.24300003	6.98840094	3.24000001	200	0	0
-3.23300004	6.98820019	3.23900008	200	0	0
-3.23300004	6.98830032	3.23799992	200	0	0
-3.24099994	6.98840094	3.23399997	200	0	0
-3.22300005	6.98890018	3.23600006	200	0	0
-3.2249999	6.9890008	3.23600006	200	0	0
-3.22399998	6.9890008	3.23000002	200	0	0
-3.24499989	6.98840094	3.25300002	200	0	0
-3.23399997	6.98820019	3.25099993	200	0	0
-3.2349999	6.98830032	3.25099993	200	0	0
-3.24399996	6.98840094	3.24699998	200	0	0
-3.23300004	6.98820019	3.24499989	200	0	0
-3.23200011	6.98830032	3.24399996	200	0	0
-3.227	6.9890008	3.24799991	200	0	0
-3.22600007	6.98890018	3.24799991	200	0	0
-3.227	6.9890008	3.24300003	200	0	0
-3.2249999	6.98890018	3.2420001	200	0	0
-3.22399998	6.9890008	3.25999999	200	0	0
-3.23399997	6.98830032	3.26200008	200	0	0
-3.24600005	6.98849964	3.27099991	200	0	0
-3.2420001	6.98840094	3.26399994	200	0	0
-3.22900009	6.9890008	3.27900004	200	0	0
-3.227	6.98890018	3.27800012	200	0	0
-3.2420001	6.98849964	3.26399994	200	0	0
-3.22799993	6.9890008	3.273	200	0	0
-3.227	6.98890018	3.27200007	200	0	0
-3.2249999	6.9890008	3.26600003	200	0	0
-3.2249999	6.98890018	3.26600003	200	0	0
-3.2249999	6.98890018	3.25999999	200	0	0
-3.24699998	6.98840094	3.27099991	200	0	0
-3.23200011	6.98820019	3.26799989	200	0	0
-3.23300004	6.98830032	3.26799989	200	0	0
-3.23300004	6.98820019	3.26300001	200	0	0
-3.2349999	6.98820019	3.2750001	200	0	0
-3.2349999	6.98830032	3.27399993	200	0	0
-3.24699998	6.98849964	3.27699995	200	0	0
-3.23600006	6.98830032	3.29200006	200	0	0
-3.24799991	6.98849964	3.28299999	200	0	0
-3.23699999	6.98820019	3.2809999	200	0	0
-3.2349999	6.98830032	3.27999997	200	0	0
-3.227	6.9890008	3.28999996	200	0	0
-3.22600007	6.98890018	3.28999996	200	0	0
-3.24399996	6.98849964	3.29399991	200	0	0
-3.2249999	6.9890008	3.30200005	200	0	0
-3.2249999	6.98890018	3.30200005	200	0	0
-3.2349999	6.98820019	3.30500007	200	0	0
-3.24300003	6.98849964	3.30599999	200	0	0
-3.23699999	6.98830032	3.3039999	200	0	0
-3.23300004	6.98820019	3.29200006	200	0	0
-3.22600007	6.98890018	3.30800009	200	0	0
-3.22799993	6.9890008	3.30800009	200	0	0
-3.24600005	6.98849964	3.31299996	200	0	0
-3.23600006	6.98820019	3.31100011	200	0	0
-3.23900008	6.98830032	3.31100011	200	0	0
-3.2249999	6.9890008	3.31999993	200	0	0
-3.22600007	6.98890018	3.31999993	200	0	0
-3.24699998	6.98849964	3.32500005	200	0	0
-3.23399997	6.98820019	3.32200003	200	0	0
-3.23600006	6.98830032	3.32200003	200	0	0
-3.2349999	6.98820019	3.33500004	200	0	0
-3.2420001	6.98849964	3.33599997	200	0	0
-3.23600006	6.98830032	3.33400011	200	0	0
-3.227	6.9890008	3.33200002	200	0	0
-3.227	6.98890018	3.33200002	200	0	0
-3.24799991	6.98859978	3.3440001	200	0	0
-3.23799992	6.98820019	3.34200001	200	0	0
-3.23900008	6.98830032	3.34100008	200	0	0
-3.24900007	6.98859978	3.33800006	200	0	0
-3.22799993	6.98890018	3.33800006	200	0	0
-3.227	6.9890008	3.33800006	200	0	0
-3.22900009	6.98890018	3.3499999	200	0	0
-3.22799993	6.9890008	3.3499999	200	0	0
-3.24600005	6.98859978	3.35500002	200	0	0
-3.2349999	6.98820019	3.35299993	200	0	0
-3.23799992	6.98830032	3.35299993	200	0	0
-3.23600006	6.98820019	3.36500001	200	0	0
-3.24499989	6.98859978	3.3670001	200	0	0
-3.23799992	6.98830032	3.36500001	200	0	0
-3.22900009	6.98890018	3.36899996	200	0	0
-3.23000002	6.9890008	3.36899996	200	0	0
-3.22799993	6.98890018	3.36199999	200	0	0
-3.22600007	6.9890008	3.36199999	200	0	0
-3.24000001	6.98830032	3.37199998	200	0	0
-3.24000001	6.98820019	3.37199998	200	0	0
-3.24600005	6.98859978	3.37299991	200	0	0
-3.24099994	6.98859978	3.38400006	200	0	0
-3.23699999	6.98820019	3.38400006	200	0	0
-3.23900008	6.98830032	3.3829999	200	0	0
-3.22900009	6.98890018	3.38100004	200	0	0
-3.22900009	6.9890008	3.38100004	200	0	0
-3.23300004	6.98890018	3.4000001	200	0	0
-3.23300004	6.9890008	3.4000001	200	0	0
-3.22900009	6.98890018	3.39299989	200	0	0
-3.227	6.9890008	3.39199996	200	0	0
-3.2420001	6.98820019	3.40300012	200	0	0
-3.24099994	6.98830032	3.40199995	200	0	0
-3.23900008	6.98830032	3.39599991	200	0	0
-3.23600006	6.98820019	3.39599991	200	0	0
-3.24699998	6.98859978	3.40400004	200	0	0
-3.24399996	6.98859978	3.39700007	200	0	0
-3.23000002	6.98890018	3.41100001	200	0	0
-3.23000002	6.9890008	3.41100001	200	0	0
-3.23600006	6.98820019	3.41400003	200	0	0
-3.24799991	6.98869991	3.41599989	200	0	0
-3.24900007	6.98859978	3.41700006	200	0	0
-3.23799992	6.98830032	3.41400003	200	0	0
-3.24000001	6.98820019	3.43300009	200	0	0
-3.24000001	6.98830032	3.43199992	200	0	0
-3.24000001	6.98820019	3.42700005	200	0	0
-3.23699999	6.98830032	3.42499995	200	0	0
-3.23000002	6.98890018	3.4230001	200	0	0
-3.24699998	6.98869991	3.42799997	200	0	0
-3.23200011	6.98890018	3.43000007	200	0	0
-3.23300004	6.9890008	3.43000007	200	0	0
-3.23200011	6.9890008	3.42400002	200	0	0
-3.24699998	6.98869991	3.43499994	200	0	0
-3.23099995	6.98890018	3.44199991	200	0	0
-3.22900009	6.9890008	3.44099998	200	0	0
-3.24099994	6.98820019	3.4460001	200	0	0
-3.24000001	6.98830032	3.44499993	200	0	0
-3.24699998	6.98869991	3.44700003	200	0	0
-3.24499989	6.98830032	3.46399999	200	0	0
-3.24099994	6.98830032	3.45700002	200	0	0
-3.23699999	6.98820019	3.45700002	200	0	0
-3.23099995	6.98890018	3.46000004	200	0	0
-3.24699998	6.98869991	3.46499991	200	0	0
-3.23000002	6.9890008	3.454	200	0	0
-3.23000002	6.98890018	3.454	200	0	0
-3.24399996	6.98869991	3.45799994	200	0	0
-3.23399997	6.9890008	3.46099997	200	0	0
-3.24300003	6.98820019	3.46499991	200	0	0
-3.23099995	6.9890008	3.47300005	200	0	0
-3.23900008	6.98830032	3.4749999	200	0	0
-3.24699998	6.98869991	3.47799993	200	0	0
-3.23099995	6.98890018	3.47300005	200	0	0
-3.23900008	6.98820019	3.47600007	200	0	0
-3.24900007	6.98880005	3.49699998	200	0	0
-3.23300004	6.9890008	3.4920001	200	0	0
-3.24499989	6.98869991	3.48900008	200	0	0
-3.24699998	6.98880005	3.49000001	200	0	0
-3.22900009	6.98890018	3.49099994	200	0	0
-3.23000002	6.9890008	3.4849999	200	0	0
-3.23099995	6.98890018	3.4849999	200	0	0
-3.24399996	6.98830032	3.49499989	200	0	0
-3.2420001	6.98820019	3.49499989	200	0	0
-3.24099994	6.98830032	3.48799992	200	0	0
-3.23900008	6.98820019	3.48799992	200	0	0
-3.24900007	6.98869991	3.49699998	200	0	0
-3.23200011	6.9890008	3.50399995	200	0	0
-3.23300004	6.98890018	3.50399995	200	0	0
-3.24399996	6.98830032	3.50699997	200	0	0
-3.24099994	6.98820019	3.50699997	200	0	0
-3.25	6.98880005	3.50900006	200	0	0
-3.24399996	6.98820019	3.52699995	200	0	0
-3.24399996	6.98830032	3.52600002	200	0	0
-3.24300003	6.98820019	3.51999998	200	0	0
-3.24099994	6.98830032	3.51900005	200	0	0
-3.24600005	6.98880005	3.52099991	200	0	0
-3.23300004	6.9890008	3.51600003	200	0	0
-3.23300004	6.98890018	3.51600003	200	0	0
-3.23600006	6.98890018	3.523	200	0	0
-3.24900007	6.98880005	3.52800012	200	0	0
-3.2349999	6.9890008	3.523	200	0	0
-3.24499989	6.98880005	3.53900003	200	0	0
-3.23200011	6.9890008	3.53500009	200	0	0
-3.23200011	6.98890018	3.53500009	200	0	0
-3.24300003	6.98820019	3.53900003	200	0	0
-3.24300003	6.98830032	3.53800011	200	0	0
-3.24499989	6.98820019	3.55800009	200	0	0
-3.24399996	6.98830032	3.55699992	200	0	0
-3.2420001	6.98820019	3.55100012	200	0	0
-3.24399996	6.98830032	3.55100012	200	0	0
-3.23300004	6.98890018	3.5539999	200	0	0
-3.24699998	6.98880005	3.55200005	200	0	0
-3.23200011	6.9890008	3.55299997	200	0	0
-3.23000002	6.9890008	3.54699993	200	0	0
-3.23300004	6.98890018	3.54699993	200	0	0
-3.24900007	6.98880005	3.55900002	200	0	0
-3.23300004	6.98890018	3.56599998	200	0	0
-3.23300004	6.9890008	3.56599998	200	0	0
-3.24099994	6.98820019	3.56999993	200	0	0
-3.2420001	6.98830032	3.56900001	200	0	0
-3.24699998	6.98880005	3.5710001	200	0	0
-3.2420001	6.98830032	3.58200002	200	0	0
-3.2349999	6.9890008	3.58599997	200	0	0
-3.23399997	6.98890018	3.58500004	200	0	0
-3.23200011	6.9890008	3.57800007	200	0	0
-3.23300004	6.98890018	3.579	200	0	0
-3.24600005	6.98820019	3.58999991	200	0	0
-3.24499989	6.98830032	3.58899999	200	0	0
-3.24300003	6.98820019	3.58299994	200	0	0
-3.2349999	6.98890018	3.59800005	200	0	0
-3.23600006	6.9890008	3.59800005	200	0	0
-3.24499989	6.98820019	3.602	200	0	0
-3.24499989	6.98830032	3.602	200	0	0
-3.24699998	6.98820019	3.62199998	200	0	0
-3.24499989	6.98830032	3.62100005	200	0	0
-3.24499989	6.98830032	3.61400008	200	0	0
-3.24300003	6.98820019	3.61400008	200	0	0
-3.2349999	6.9890008	3.6170001	200	0	0
-3.23699999	6.98890018	3.61800003	200	0	0
-3.23300004	6.9890008	3.6099999	200	0	0
-3.23399997	6.98890018	3.6099999	200	0	0
-3.23399997	6.9890008	3.62899995	200	0	0
-3.23300004	6.98890018	3.62899995	200	0	0
-3.24600005	6.98830032	3.63400006	200	0	0
-3.24300003	6.98820019	3.63400006	200	0	0
-3.24799991	6.98820019	3.65400004	200	0	0
-3.24600005	6.98830032	3.65300012	200	0	0
-3.24399996	6.98820019	3.64599991	200	0	0
-3.24399996	6.98830032	3.64499998	200	0	0
-3.23900008	6.98890018	3.6500001	200	0	0
-3.23600006	6.9890008	3.64899993	200	0	0
-3.23600006	6.98890018	3.64299989	200	0	0
-3.23399997	6.9890008	3.64199996	200	0	0
-3.23699999	6.98890018	3.66199994	200	0	0
-3.2349999	6.9890008	3.66100001	200	0	0
-3.24499989	6.98820019	3.66599989	200	0	0
-3.24600005	6.98830032	3.66499996	200	0	0
-3.24600005	6.98820019	3.6789999	200	0	0
-3.24600005	6.98830032	3.67799997	200	0	0
-3.24000001	6.98890018	3.68199992	200	0	0
-3.23799992	6.9890008	3.68199992	200	0	0
-3.23799992	6.98890018	3.67499995	200	0	0
-3.23600006	6.9890008	3.67499995	200	0	0
-3.24900007	6.98830032	3.68600011	200	0	0
-3.24799991	6.98820019	3.68600011	200	0	0
-3.23699999	6.9890008	3.69400001	200	0	0
-3.23699999	6.98890018	3.69400001	200	0	0
-3.24900007	6.98830032	3.69899988	200	0	0
-3.24499989	6.98820019	3.69799995	200	0	0
-3.24900007	6.98820019	3.7190001	200	0	0
-3.25	6.98830032	3.71799994	200	0	0
-3.24799991	6.98830032	3.71099997	200	0	0
-3.2420001	6.98820019	3.71000004	200	0	0
-3.24000001	6.98890018	3.71499991	200	0	0
-3.24000001	6.9890008	3.71499991	200	0	0
-3.23699999	6.98890018	3.70700002	200	0	0
-3.23699999	6.9890008	3.70700002	200	0	0
-3.23900008	6.98890018	3.727	200	0	0
-3.23900008	6.9890008	3.727	200	0	0
-3.24900007	6.98820019	3.73200011	200	0	0
-3.24900007	6.98830032	3.73099995	200	0	0
-3.25200009	6.98820019	3.75300002	200	0	0
-3.24900007	6.98830032	3.75	200	0	0
-3.24900007	6.98820019	3.74499989	200	0	0
-3.24900007	6.98830032	3.74399996	200	0	0
-3.24000001	6.98890018	3.74699998	200	0	0
-3.23799992	6.9890008	3.74600005	200	0	0
-3.23799992	6.98890018	3.74000001	200	0	0
-3.23600006	6.9890008	3.73900008	200	0	0
-3.23900008	6.9890008	3.75999999	200	0	0
-3.24099994	6.98890018	3.75999999	200	0	0
-3.24900007	6.98830032	3.76399994	200	0	0
-3.24900007	6.98820019	3.76399994	200	0	0
-3.25	6.98820019	3.77800012	200	0	0
-3.25	6.98830032	3.77699995	200	0	0
-3.24300003	6.9890008	3.77999997	200	0	0
-3.24099994	6.98890018	3.77999997	200	0	0
-3.24000001	6.9890008	3.773	200	0	0
-3.23900008	6.98890018	3.773	200	0	0
-3.25200009	6.98830032	3.78399992	200	0	0
-3.2420001	6.9890008	3.79299998	200	0	0
-3.24000001	6.98890018	3.79200006	200	0	0
-3.25099993	6.98820019	3.7980001	200	0	0
-3.25099993	6.98830032	3.79699993	200	0	0
-3.25300002	6.98820019	3.78600001	200	0	0
-3.25300002	6.98820019	3.81800008	200	0	0
-3.25099993	6.98830032	3.81699991	200	0	0
-3.25200009	6.98830032	3.81100011	200	0	0
-3.24300003	6.98820019	3.80800009	200	0	0
-3.25699997	6.98880005	3.81200004	200	0	0
-3.2420001	6.9890008	3.81299996	200	0	0
-3.24099994	6.98890018	3.81299996	200	0	0
-3.24099994	6.9890008	3.80599999	200	0	0
-3.24099994	6.98890018	3.80599999	200	0	0
-3.24099994	6.9890008	3.82599998	200	0	0
-3.24000001	6.98890018	3.82599998	200	0	0
-3.25699997	6.98880005	3.81900001	200	0	0
-3.24900007	6.98820019	3.82999992	200	0	0
-3.24900007	6.98830032	3.829	200	0	0
-3.25300002	6.98820019	3.852	200	0	0
-3.25399995	6.98880005	3.83100009	200	0	0
-3.25200009	6.98830032	3.8499999	200	0	0
-3.25300002	6.98830032	3.8440001	200	0	0
-3.25099993	6.98820019	3.8440001	200	0	0
-3.24300003	6.98890018	3.83999991	200	0	0
-3.23900008	6.9890008	3.83800006	200	0	0
-3.24000001	6.98890018	3.85899997	200	0	0
-3.24000001	6.9890008	3.85800004	200	0	0
-3.25900006	6.98880005	3.85299993	200	0	0
-3.25699997	6.98880005	3.84599996	200	0	0
-3.24600005	6.9890008	3.84800005	200	0	0
-3.24399996	6.98890018	3.84699988	200	0	0
-3.24799991	6.98820019	3.86299992	200	0	0
-3.25200009	6.98830032	3.86400008	200	0	0
-3.24300003	6.98890018	3.87299991	200	0	0
-3.24300003	6.9890008	3.87299991	200	0	0
-3.25500011	6.98820019	3.87899995	200	0	0
-3.23600006	6.98830032	3.87700009	200	0	0
-3.25399995	6.98830032	3.87800002	200	0	0
-3.26300001	6.98880005	3.88800001	200	0	0
-3.25900006	6.98869991	3.88000011	200	0	0
-3.2579999	6.98880005	3.87899995	200	0	0
-3.24399996	6.98890018	3.88000011	200	0	0
-3.2420001	6.9890008	3.88000011	200	0	0
-3.24799991	6.98830032	3.89499998	200	0	0
-3.25600004	6.98820019	3.88700008	200	0	0
-3.25900006	6.98869991	3.9000001	200	0	0
-3.25300002	6.98820019	3.91199994	200	0	0
-3.24600005	6.98830032	3.90799999	200	0	0
-3.26200008	6.98869991	3.88800001	200	0	0
-3.25200009	6.98820019	3.898	200	0	0
-3.24399996	6.98890018	3.89400005	200	0	0
-3.25900006	6.98880005	3.9000001	200	0	0
-3.24399996	6.9890008	3.90700006	200	0	0
-3.24300003	6.98890018	3.9059999	200	0	0
-3.24499989	6.9890008	3.89400005	200	0	0
-3.25900006	6.98869991	3.91400003	200	0	0
-3.24699998	6.98890018	3.91499996	200	0	0
-3.24699998	6.9890008	3.91499996	200	0	0
-3.2579999	6.98830032	3.92000008	200	0	0
-3.25500011	6.98820019	3.94700003	200	0	0
-3.25500011	6.98830032	3.9460001	200	0	0
-3.24399996	6.98869991	3.92700005	200	0	0
-3.26300001	6.98869991	3.92199993	200	0	0
-3.25399995	6.98830032	3.93199992	200	0	0
-3.25200009	6.98820019	3.93199992	200	0	0
-3.2420001	6.9890008	3.92700005	200	0	0
-3.2420001	6.98890018	3.92700005	200	0	0
-3.25900006	6.98869991	3.94799995	200	0	0
-3.24699998	6.9890008	3.94899988	200	0	0
-3.24799991	6.98890018	3.94899988	200	0	0
-3.24600005	6.98890018	3.94199991	200	0	0
-3.24499989	6.9890008	3.94099998	200	0	0
-3.26699996	6.98859978	3.95099998	200	0	0
-3.25999999	6.98830032	3.95499992	200	0	0
-3.25699997	6.98820019	3.954	200	0	0
-3.26600003	6.98859978	3.95799994	200	0	0
-3.24499989	6.9890008	3.96199989	200	0	0
-3.2650001	6.98869991	3.95700002	200	0	0
-3.24499989	6.98890018	3.96199989	200	0	0
-3.26200008	6.98859978	3.97000003	200	0	0
-3.2579999	6.98830032	3.96799994	200	0	0
-3.25399995	6.98820019	3.96700001	200	0	0
-3.24600005	6.9890008	3.98300004	200	0	0
-3.26300001	6.98859978	3.98399997	200	0	0
-3.24600005	6.98890018	3.98300004	200	0	0
-3.24499989	6.9890008	3.9749999	200	0	0
-3.24499989	6.98890018	3.9749999	200	0	0
-3.26399994	6.98869991	3.97099996	200	0	0
-3.25900006	6.98820019	3.99000001	200	0	0
-3.25999999	6.98830032	3.98900008	200	0	0
-3.25699997	6.98820019	3.98200011	200	0	0
-3.25500011	6.98830032	3.98000002	200	0	0
-3.2650001	6.98859978	3.99099994	200	0	0
-3.25699997	6.98859978	4.00099993	200	0	0
-3.25699997	6.98820019	4.00199986	200	0	0
-3.25500011	6.98830032	4	200	0	0
-3.24799991	6.98890018	3.99799991	200	0	0
-3.24600005	6.9890008	3.99600005	200	0	0
-3.24900007	6.98890018	4.01200008	200	0	0
-3.24699998	6.9890008	4.01000023	200	0	0
-3.25999999	6.98820019	4.01800013	200	0	0
-3.25600004	6.98830032	4.01499987	200	0	0
-3.24699998	6.98890018	4.0170002	200	0	0
-3.26600003	6.98849964	4.03999996	200	0	0
-3.2579999	6.98820019	4.03800011	200	0	0
-3.26799989	6.98859978	4.02699995	200	0	0
-3.25699997	6.98830032	4.03599977	200	0	0
-3.27099991	6.98849964	4.02899981	200	0	0
-3.26900005	6.98849964	4.02099991	200	0	0
-3.25999999	6.98820019	4.0250001	200	0	0
-3.25900006	6.98830032	4.02299976	200	0	0
-3.25200009	6.9890008	4.01999998	200	0	0
-3.24699998	6.98890018	4.04500008	200	0	0
-3.26900005	6.98859978	4.04199982	200	0	0
-3.24699998	6.9890008	4.03100014	200	0	0
-3.25300002	6.98890018	4.03399992	200	0	0
-3.24799991	6.9890008	4.046	200	0	0
-3.25600004	6.98820019	4.05100012	200	0	0
-3.2579999	6.98830032	4.05000019	200	0	0
-3.26799989	6.98849964	4.05600023	200	0	0
-3.25099993	6.98890018	4.0539999	200	0	0
-3.25	6.9890008	4.0539999	200	0	0
-3.26399994	6.98820019	4.06099987	200	0	0
-3.27099991	6.98849964	4.06400013	200	0	0
-3.25900006	6.98830032	4.05800009	200	0	0
-3.24799991	6.98890018	4.08099985	200	0	0
-3.24900007	6.9890008	4.08099985	200	0	0
-3.24799991	6.98890018	4.06699991	200	0	0
-3.24900007	6.9890008	4.06699991	200	0	0
-3.25900006	6.98820019	4.07299995	200	0	0
-3.26999998	6.98849964	4.07700014	200	0	0
-3.25699997	6.98830032	4.0710001	200	0	0
-3.2579999	6.98820019	4.08699989	200	0	0
-3.25699997	6.98830032	4.08500004	200	0	0
-3.27099991	6.98849964	4.09899998	200	0	0
-3.26300001	6.98830032	4.09499979	200	0	0
-3.25	6.9890008	4.08900023	200	0	0
-3.2750001	6.98840094	4.09399986	200	0	0
-3.25200009	6.98890018	4.09000015	200	0	0
-3.26900005	6.98849964	4.09100008	200	0	0
-3.25999999	6.98820019	4.09499979	200	0	0
-3.25099993	6.98890018	4.10300016	200	0	0
-3.24799991	6.9890008	4.10200024	200	0	0
-3.26799989	6.98849964	4.11199999	200	0	0
-3.26999998	6.98840094	4.11299992	200	0	0
-3.26300001	6.98820019	4.11000013	200	0	0
-3.25999999	6.98830032	4.1079998	200	0	0
-3.27099991	6.98840094	4.09899998	200	0	0
-3.26300001	6.98820019	4.13100004	200	0	0
-3.27200007	6.98840094	4.13500023	200	0	0
-3.24900007	6.9890008	4.1170001	200	0	0
-3.26200008	6.98830032	4.13000011	200	0	0
-3.25300002	6.98890018	4.11800003	200	0	0
-3.25999999	6.98820019	4.12300014	200	0	0
-3.27099991	6.98840094	4.12699986	200	0	0
-3.25699997	6.98830032	4.11999989	200	0	0
-3.24799991	6.9890008	4.13700008	200	0	0
-3.23300004	6.98890018	4.12900019	200	0	0
-3.25500011	6.9890008	4.12599993	200	0	0
-3.26099992	6.98820019	4.14499998	200	0	0
-3.25999999	6.98830032	4.14400005	200	0	0
-3.26999998	6.98840094	4.14900017	200	0	0
-3.25	6.98890018	4.15299988	200	0	0
-3.24900007	6.9890008	4.15199995	200	0	0
-3.2579999	6.98820019	4.15799999	200	0	0
-3.2579999	6.98830032	4.15700006	200	0	0
-3.26900005	6.98840094	4.16200018	200	0	0
-3.25200009	6.98890018	4.17500019	200	0	0
-3.24799991	6.9890008	4.17299986	200	0	0
-3.25099993	6.9890008	4.15999985	200	0	0
-3.24600005	6.98890018	4.15799999	200	0	0
-3.26200008	6.98820019	4.16699982	200	0	0
-3.26200008	6.98830032	4.16599989	200	0	0
-3.27699995	6.98840094	4.17399979	200	0	0
-3.26300001	6.98840094	4.18100023	200	0	0
-3.26099992	6.98820019	4.18100023	200	0	0
-3.26200008	6.98830032	4.17999983	200	0	0
-3.26099992	6.98830032	4.19399977	200	0	0
-3.24900007	6.9890008	4.1880002	200	0	0
-3.25	6.98890018	4.18900013	200	0	0
-3.25600004	6.9890008	4.19899988	200	0	0
-3.25300002	6.98890018	4.19700003	200	0	0
-3.26399994	6.98820019	4.204	200	0	0
-3.26300001	6.98830032	4.20300007	200	0	0
-3.25999999	6.98820019	4.19500017	200	0	0
-3.26099992	6.98820019	4.21700001	200	0	0
-3.25900006	6.98830032	4.21500015	200	0	0
-3.25600004	6.9890008	4.21299982	200	0	0
-3.25999999	6.98820019	4.23099995	200	0	0
-3.26399994	6.98830032	4.23199987	200	0	0
-3.25399995	6.98890018	4.21199989	200	0	0
-3.25500011	6.9890008	4.23500013	200	0	0
-3.25399995	6.98890018	4.23400021	200	0	0
-3.25200009	6.98890018	4.22599983	200	0	0
-3.25200009	6.9890008	4.22599983	200	0	0
-3.2650001	6.98820019	4.24100018	200	0	0
-3.2650001	6.98830032	4.23999977	200	0	0
-3.25	6.9890008	4.24700022	200	0	0
-3.25099993	6.98890018	4.24700022	200	0	0
