10.3570004	6.62510014	0.0820000023	200	0	0
10.3330002	6.62590075	0.0340000018	200	0	0
10.3699999	6.62530088	0.174999997	200	0	0
10.3360004	6.62590075	0.128000006	200	0	0
10.3299999	6.62599993	0.0939999968	200	0	0
10.3450003	6.62599993	0.108999997	200	0	0
10.3739996	6.62520027	0.173999995	200	0	0
10.3430004	6.62599993	0.0710000023	200	0	0
10.3590002	6.62580013	0.0260000005	200	0	0
10.3369999	6.62580013	0.127000004	200	0	0
10.3299999	6.62590075	0.0729999989	200	0	0
10.3549995	6.62590075	0.104999997	200	0	0
10.3669996	6.62520027	0.00300000003	200	0	0
10.3540001	6.62590075	0.0860000029	200	0	0
10.3660002	6.62530088	0.156000003	200	0	0
10.3559999	6.62510014	0.158999994	200	0	0
10.3400002	6.62580013	0.107000001	200	0	0
10.368	6.62520027	0.156000003	200	0	0
10.3800001	6.62539959	0.0189999994	200	0	0
10.3459997	6.62559986	0.123000003	200	0	0
10.3360004	6.62549973	0.125	200	0	0
10.3590002	6.62520027	0.0240000002	200	0	0
10.3660002	6.62559986	0.0610000007	200	0	0
10.3570004	6.62549973	0.101000004	200	0	0
10.3730001	6.62539959	0.0590000004	200	0	0
10.3570004	6.62520027	0.119999997	200	0	0
10.3730001	6.62539959	0.0780000016	200	0	0
10.3830004	6.62510014	0.0949999988	200	0	0
10.3719997	6.62520027	0.0599999987	200	0	0
10.382	6.62520027	0.0759999976	200	0	0
10.3549995	6.62520027	0.101999998	200	0	0
10.3129997	6.62680006	0.00200000009	200	0	0
10.3389997	6.62610006	-0.0610000007	200	0	0
10.3120003	6.62669992	-0.0170000009	200	0	0
10.3570004	6.62510014	0.0820000023	200	0	0
10.3179998	6.62639999	0.115000002	200	0	0
10.3439999	6.62599993	0.128000006	200	0	0
10.3290005	6.62590075	-0.0610000007	200	0	0
10.3280001	6.62599993	-0.0590000004	200	0	0
10.323	6.62659979	0.0949999988	200	0	0
10.3140001	6.62669992	0.0780000016	200	0	0
10.3140001	6.62680006	0.0209999997	200	0	0
10.316	6.62680006	0.0399999991	200	0	0
10.309	6.62669992	0.00300000003	200	0	0
10.323	6.62659979	-0.0189999994	200	0	0
10.3330002	6.62629986	0.112000003	200	0	0
10.309	6.62639999	0.0979999974	200	0	0
10.3310003	6.62650108	0.0930000022	200	0	0
10.3140001	6.62669992	0.0209999997	200	0	0
10.3369999	6.62619972	0.111000001	200	0	0
10.323	6.62659979	0.0759999976	200	0	0
10.316	6.62669992	0.0399999991	200	0	0
10.3109999	6.62650108	-0.0160000008	200	0	0
10.3360004	6.62610006	0.111000001	200	0	0
10.3249998	6.62659979	-0.00100000005	200	0	0
10.3260002	6.62639999	-0.0199999996	200	0	0
10.3249998	6.62629986	0.0949999988	200	0	0
10.3269997	6.62650108	0.075000003	200	0	0
10.3199997	6.62659979	0.0199999996	200	0	0
10.3190002	6.62659979	0.0390000008	200	0	0
10.3319998	6.62650108	-0.00200000009	200	0	0
10.3299999	6.62619972	0.0939999968	200	0	0
10.3199997	6.62629986	-0.0179999992	200	0	0
10.3540001	6.62549973	-0.0130000003	200	0	0
10.3280001	6.62639999	0.075000003	200	0	0
10.349	6.62590075	-0.0270000007	200	0	0
10.3319998	6.62650108	0.0170000009	200	0	0
10.3210001	6.62619972	-0.0189999994	200	0	0
10.3219995	6.62639999	0	200	0	0
10.3459997	6.62610006	0.0900000036	200	0	0
10.3240004	6.62650108	0.0379999988	200	0	0
10.3389997	6.62610006	-0.023	200	0	0
10.3199997	6.62629986	0.0769999996	200	0	0
10.3249998	6.62599993	-0.0199999996	200	0	0
10.3280001	6.62629986	-0.00100000005	200	0	0
10.3299999	6.62639999	0.0170000009	200	0	0
10.3170004	6.62639999	0.0390000008	200	0	0
10.3450003	6.62619972	0.0710000023	200	0	0
10.3269997	6.62619972	-0.00100000005	200	0	0
10.3310003	6.62629986	0.0170000009	200	0	0
10.3430004	6.62610006	0.0710000023	200	0	0
10.3369999	6.62610006	-0.00300000003	200	0	0
10.3210001	6.62629986	0.0379999988	200	0	0
10.3290005	6.62590075	-0.00300000003	200	0	0
10.3369999	6.62619972	0.0160000008	200	0	0
10.3520002	6.62580013	0.00800000038	200	0	0
10.3409996	6.62619972	0.0340000018	200	0	0
10.3149996	6.62610006	0.0209999997	200	0	0
10.3509998	6.62590075	0.0109999999	200	0	0
10.3430004	6.62599993	0.0140000004	200	0	0
10.3210001	6.62610006	0.0379999988	200	0	0
10.3500004	6.62599993	0.0320000015	200	0	0
10.3380003	6.62610006	0.224999994	200	0	0
10.3479996	6.62580013	0.256999999	200	0	0
10.3330002	6.62619972	0.187999994	200	0	0
10.3699999	6.62510014	0.270000011	200	0	0
10.3690004	6.62539959	0.270000011	200	0	0
10.3409996	6.62619972	0.166999996	200	0	0
10.3809996	6.62520027	0.26699999	200	0	0
10.3369999	6.62599993	0.224999994	200	0	0
10.3450003	6.62610006	0.203999996	200	0	0
10.3380003	6.62610006	0.187000006	200	0	0
10.3459997	6.62610006	0.165999994	200	0	0
10.3380003	6.62599993	0.206	200	0	0
10.3649998	6.62510014	0.252000004	200	0	0
10.3450003	6.62590075	0.221000001	200	0	0
10.3610001	6.62539959	0.252000004	200	0	0
10.368	6.62520027	0.250999987	200	0	0
10.342	6.62599993	0.186000004	200	0	0
10.3439999	6.62599993	0.165999994	200	0	0
10.3299999	6.62590075	0.167999998	200	0	0
10.3430004	6.62580013	0.219999999	200	0	0
10.342	6.62590075	0.202999994	200	0	0
10.3509998	6.62590075	0.181999996	200	0	0
10.3540001	6.62580013	0.199000001	200	0	0
10.3459997	6.62580013	0.162	200	0	0
10.3549995	6.62580013	0.179000005	200	0	0
10.3690004	6.62510014	0.213	200	0	0
10.3739996	6.62520027	0.211999997	200	0	0
10.3789997	6.62530088	0.210999995	200	0	0
10.368	6.62510014	0.194000006	200	0	0
10.3660002	6.62520027	0.194000006	200	0	0
10.3769999	6.62530088	0.192000002	200	0	0
10.3179998	6.62680006	0.0960000008	200	0	0
10.3380003	6.62639999	0.206	200	0	0
10.3190002	6.62680006	0.115000002	200	0	0
10.3339996	6.62659979	0.187999994	200	0	0
10.3210001	6.62629986	0.209000006	200	0	0
10.3199997	6.62680006	0.134000003	200	0	0
10.3280001	6.62669992	0.170000002	200	0	0
10.316	6.62650108	0.192000002	200	0	0
10.3100004	6.62669992	0.0979999974	200	0	0
10.3389997	6.62619972	0.206	200	0	0
10.3190002	6.62669992	0.115000002	200	0	0
10.3210001	6.62669992	0.134000003	200	0	0
10.3319998	6.62659979	0.169	200	0	0
10.3369999	6.62639999	0.187000006	200	0	0
10.3190002	6.62650108	0.172000006	200	0	0
10.3339996	6.62629986	0.187999994	200	0	0
10.3310003	6.62659979	0.112000003	200	0	0
10.3249998	6.62659979	0.133000001	200	0	0
10.3319998	6.62639999	0.169	200	0	0
10.3170004	6.62650108	0.135000005	200	0	0
10.323	6.62650108	0.114	200	0	0
10.3219995	6.62639999	0.133000001	200	0	0
10.3400002	6.62629986	0.128999993	200	0	0
10.3260002	6.62619972	0.131999999	200	0	0
10.323	6.62610006	0.133000001	200	0	0
10.3030005	6.6269002	0.119000003	200	0	0
10.3109999	6.6269002	0.0790000036	200	0	0
10.3129997	6.6269002	0.0979999974	200	0	0
10.302	6.62680006	0.0810000002	200	0	0
10.3190002	6.6269002	0.0390000008	200	0	0
10.3409996	6.62619972	-0.061999999	200	0	0
10.3039999	6.62739992	0.0810000002	200	0	0
10.3190002	6.62659979	-0.0949999988	200	0	0
10.323	6.62669992	-0.0960000008	200	0	0
10.3079996	6.62709999	-0.0920000002	200	0	0
10.3190002	6.62619972	-0.0759999976	200	0	0
10.3149996	6.62700033	-0.0939999968	200	0	0
10.3140001	6.62700033	0.0970000029	200	0	0
10.3170004	6.6269002	-0.0939999968	200	0	0
10.3269997	6.62629986	-0.0780000016	200	0	0
10.3009996	6.62739992	-0.0710000023	200	0	0
10.309	6.62680006	-0.0920000002	200	0	0
10.3070002	6.62729979	0.0799999982	200	0	0
10.3000002	6.62719965	0.0820000023	200	0	0
10.3249998	6.62639999	-0.0769999996	200	0	0
10.2939997	6.62729979	-0.0689999983	200	0	0
10.2950001	6.62719965	-0.0700000003	200	0	0
10.3199997	6.62650108	-0.0759999976	200	0	0
10.323	6.62659979	-0.0769999996	200	0	0
10.316	6.62709999	0.0780000016	200	0	0
10.2969999	6.62739992	-0.050999999	200	0	0
10.2980003	6.62709999	-0.0700000003	200	0	0
10.3240004	6.62629986	-0.0579999983	200	0	0
10.3149996	6.62700033	0.0780000016	200	0	0
10.3109999	6.62700033	-0.074000001	200	0	0
10.3109999	6.62669992	-0.074000001	200	0	0
10.3140001	6.6269002	-0.074000001	200	0	0
10.2930002	6.62739992	0.0450000018	200	0	0
10.3129997	6.62680006	-0.074000001	200	0	0
10.29	6.62729979	-0.0489999987	200	0	0
10.3199997	6.62639999	-0.057	200	0	0
10.3109999	6.62719965	-0.0549999997	200	0	0
10.2980003	6.62729979	0.0439999998	200	0	0
10.3199997	6.62650108	-0.057	200	0	0
10.2860003	6.62739992	0.00899999961	200	0	0
10.3000002	6.62739992	0.0250000004	200	0	0
10.3070002	6.62709999	-0.0540000014	200	0	0
10.3000002	6.62739992	-0.0130000003	200	0	0
10.3179998	6.62659979	-0.0560000017	200	0	0
10.2889996	6.62729979	0.0270000007	200	0	0
10.2989998	6.62719965	0.0439999998	200	0	0
10.309	6.62700033	-0.0540000014	200	0	0
10.3109999	6.62669992	-0.0549999997	200	0	0
10.2860003	6.62729979	0.00899999961	200	0	0
10.3059998	6.6269002	-0.0529999994	200	0	0
10.3070002	6.62680006	-0.0540000014	200	0	0
10.3030005	6.62729979	-0.0140000004	200	0	0
10.302	6.62709999	0.0430000015	200	0	0
10.3050003	6.62719965	0.023	200	0	0
10.3109999	6.62719965	-0.0160000008	200	0	0
10.2939997	6.62709999	0.0260000005	200	0	0
10.302	6.62719965	0.00499999989	200	0	0
10.3070002	6.62709999	-0.0149999997	200	0	0
10.2980003	6.62709999	0.00600000005	200	0	0
10.2989998	6.62700033	0.0250000004	200	0	0
10.3170004	6.62700033	-0.0179999992	200	0	0
10.3140001	6.6269002	0.0209999997	200	0	0
10.3129997	6.6269002	-0.0170000009	200	0	0
10.3149996	6.62700033	0.00200000009	200	0	0
10.3129997	6.62680006	-0.0170000009	200	0	0
10.3079996	6.6269002	0.00400000019	200	0	0
10.3109999	6.6269002	-0.112000003	200	0	0
10.3190002	6.62639999	-0.151999995	200	0	0
10.3360004	6.62619972	-0.157000005	200	0	0
10.323	6.62629986	-0.152999997	200	0	0
10.3310003	6.62610006	-0.155000001	200	0	0
10.3170004	6.62680006	-0.112999998	200	0	0
10.3260002	6.62669992	-0.115999997	200	0	0
10.3389997	6.62659979	-0.119000003	200	0	0
10.3140001	6.62650108	-0.112999998	200	0	0
10.3319998	6.62639999	-0.116999999	200	0	0
10.349	6.62610006	-0.122000001	200	0	0
10.3299999	6.62629986	-0.116999999	200	0	0
10.3389997	6.62619972	-0.119000003	200	0	0
10.3339996	6.62650108	-0.0989999995	200	0	0
10.3280001	6.62639999	-0.0970000029	200	0	0
10.3400002	6.62590075	-0.101999998	200	0	0
10.3400002	6.62629986	-0.100000001	200	0	0
10.3439999	6.62599993	-0.101000004	200	0	0
10.3290005	6.62619972	-0.0970000029	200	0	0
10.3290005	6.62610006	-0.0970000029	200	0	0
10.3500004	6.62590075	-0.0850000009	200	0	0
10.3129997	6.62599993	-0.074000001	200	0	0
10.335	6.62610006	-0.0799999982	200	0	0
10.3000002	6.62700033	-0.108999997	200	0	0
10.3050003	6.62729979	-0.0909999982	200	0	0
10.2959995	6.62719965	-0.0890000015	200	0	0
10.2930002	6.62729979	0.140000001	200	0	0
10.3140001	6.62650108	0.210999995	200	0	0
10.323	6.62659979	0.209000006	200	0	0
10.2989998	6.62709999	0.177000001	200	0	0
10.3059998	6.6269002	0.194000006	200	0	0
10.2939997	6.62729979	0.120999999	200	0	0
10.3009996	6.62729979	0.100000001	200	0	0
10.309	6.62680006	0.193000004	200	0	0
10.3070002	6.62719965	0.136999995	200	0	0
10.3009996	6.62719965	0.100000001	200	0	0
10.3199997	6.62700033	0.172000006	200	0	0
10.3280001	6.62669992	0.188999996	200	0	0
10.3120003	6.62719965	0.116999999	200	0	0
10.3100004	6.6269002	0.173999995	200	0	0
10.3030005	6.62709999	0.137999997	200	0	0
10.3079996	6.62709999	0.0989999995	200	0	0
10.3140001	6.62680006	0.172999993	200	0	0
10.2969999	6.62700033	0.119999997	200	0	0
10.3140001	6.62700033	0.135000005	200	0	0
10.3050003	6.6269002	0.136999995	200	0	0
10.2989998	6.62739992	0.138999999	200	0	0
10.2919998	6.62739992	0.120999999	200	0	0
10.29	6.62739992	0.103	200	0	0
10.3459997	6.62539959	0.293000013	200	0	0
10.302	6.62700033	0.232999995	200	0	0
10.3290005	6.62619972	0.32100001	200	0	0
10.3389997	6.62580013	0.314999998	200	0	0
10.3400002	6.62599993	0.319000006	200	0	0
10.3380003	6.62590075	0.317000002	200	0	0
10.3369999	6.62610006	0.319000006	200	0	0
10.316	6.62700033	0.209999993	200	0	0
10.3170004	6.6269002	0.26699999	200	0	0
10.335	6.62659979	0.300999999	200	0	0
10.3179998	6.62650108	0.30399999	200	0	0
10.3109999	6.62639999	0.305999994	200	0	0
10.3219995	6.62669992	0.284999996	200	0	0
10.3109999	6.6269002	0.211999997	200	0	0
10.309	6.6269002	0.231000006	200	0	0
10.3199997	6.62629986	0.30399999	200	0	0
10.3280001	6.62680006	0.264999986	200	0	0
10.3310003	6.62619972	0.301999986	200	0	0
10.3299999	6.62659979	0.282999992	200	0	0
10.349	6.62580013	0.294	200	0	0
10.3369999	6.62610006	0.300999999	200	0	0
10.3380003	6.62599993	0.300000012	200	0	0
10.3549995	6.62590075	0.294999987	200	0	0
10.323	6.62669992	0.266000003	200	0	0
10.3190002	6.62680006	0.209999993	200	0	0
10.3190002	6.62680006	0.229000002	200	0	0
10.3290005	6.62650108	0.282999992	200	0	0
10.3199997	6.62639999	0.284999996	200	0	0
10.3100004	6.62669992	0.231000006	200	0	0
10.3149996	6.62669992	0.210999995	200	0	0
10.3360004	6.62659979	0.263000011	200	0	0
10.3570004	6.62580013	0.273999989	200	0	0
10.3380003	6.62629986	0.280999988	200	0	0
10.3319998	6.62599993	0.282999992	200	0	0
10.3249998	6.62650108	0.264999986	200	0	0
10.349	6.62590075	0.27700001	200	0	0
10.3459997	6.62619972	0.280000001	200	0	0
10.3260002	6.62639999	0.264999986	200	0	0
10.3319998	6.62659979	0.225999996	200	0	0
10.3339996	6.62629986	0.263000011	200	0	0
10.3330002	6.62590075	0.261999995	200	0	0
10.3269997	6.62650108	0.226999998	200	0	0
10.3280001	6.62610006	0.264999986	200	0	0
10.3540001	6.62599993	0.259000003	200	0	0
10.3389997	6.62619972	0.261999995	200	0	0
10.3149996	6.62639999	0.230000004	200	0	0
10.323	6.62629986	0.228	200	0	0
10.3260002	6.62619972	0.226999998	200	0	0
10.3310003	6.62580013	0.354999989	200	0	0
10.3610001	6.62539959	0.347000003	200	0	0
10.3100004	6.62639999	0.324999988	200	0	0
10.3260002	6.62650108	0.321999997	200	0	0
10.3669996	6.62549973	0.345999986	200	0	0
10.3859997	6.62510014	0.30399999	200	0	0
10.3219995	6.62629986	0.323000014	200	0	0
10.3900003	6.62520027	0.303000003	200	0	0
10.3690004	6.62510014	0.289000005	200	0	0
10.3879995	6.62520027	0.284999996	200	0	0
10.3690004	6.62539959	0.307999998	200	0	0
10.3579998	6.62530088	0.291000009	200	0	0
10.302	6.62709999	0.214000002	200	0	0
10.3240004	6.62709999	0.189999998	200	0	0
10.3050003	6.62700033	0.194000006	200	0	0
10.3400002	6.62530088	0.351000011	200	0	0
10.3059998	6.62719965	0.174999997	200	0	0
10.3059998	6.62709999	0.268999994	200	0	0
10.302	6.62729979	0.214000002	200	0	0
10.3079996	6.62729979	0.194000006	200	0	0
10.3260002	6.6269002	0.284000009	200	0	0
10.3129997	6.62700033	0.268000007	200	0	0
10.3070002	6.62719965	0.231999993	200	0	0
10.3100004	6.62719965	0.193000004	200	0	0
10.3100004	6.62719965	0.211999997	200	0	0
10.3009996	6.62709999	0.232999995	200	0	0
10.3079996	6.62739992	0.194000006	200	0	0
10.2989998	6.62739992	0.177000001	200	0	0
10.2980003	6.62739992	0.232999995	200	0	0
10.2950001	6.62729979	0.233999997	200	0	0
10.3039999	6.62739992	0.213	200	0	0
10.283	6.62750006	0.199000001	200	0	0
10.3179998	6.62650108	-0.151999995	200	0	0
10.3149996	6.62629986	-0.189999998	200	0	0
10.3260002	6.62650108	-0.193000004	200	0	0
10.3260002	6.62659979	-0.193000004	200	0	0
10.3000002	6.6269002	-0.186000004	200	0	0
10.3050003	6.62739992	-0.149000004	200	0	0
10.3149996	6.62639999	-0.189999998	200	0	0
10.3070002	6.62680006	-0.187999994	200	0	0
10.2959995	6.62719965	-0.165999994	200	0	0
10.3050003	6.62709999	-0.167999998	200	0	0
10.3190002	6.62619972	-0.172000006	200	0	0
10.302	6.62700033	-0.166999996	200	0	0
10.3210001	6.62629986	-0.172000006	200	0	0
10.2919998	6.62719965	-0.144999996	200	0	0
10.3079996	6.62739992	-0.111000001	200	0	0
10.3070002	6.62739992	-0.0920000002	200	0	0
10.323	6.62639999	-0.172999993	200	0	0
10.3039999	6.6269002	-0.167999998	200	0	0
10.3219995	6.62650108	-0.172000006	200	0	0
10.2980003	6.62680006	-0.165999994	200	0	0
10.3000002	6.62709999	-0.148000002	200	0	0
10.2980003	6.62729979	-0.108999997	200	0	0
10.3079996	6.62700033	-0.150000006	200	0	0
10.3059998	6.62719965	-0.111000001	200	0	0
10.335	6.62659979	-0.156000003	200	0	0
10.3070002	6.6269002	-0.149000004	200	0	0
10.302	6.62680006	-0.148000002	200	0	0
10.3070002	6.62709999	-0.111000001	200	0	0
10.3039999	6.62700033	-0.187000006	200	0	0
10.3039999	6.62729979	-0.167999998	200	0	0
10.3149996	6.62719965	-0.189999998	200	0	0
10.3059998	6.62709999	-0.187000006	200	0	0
10.3000002	6.62739992	-0.166999996	200	0	0
10.3070002	6.62719965	-0.207000002	200	0	0
10.3129997	6.62700033	-0.209000006	200	0	0
10.2869997	6.62750006	-0.182999998	200	0	0
10.3109999	6.6269002	-0.208000004	200	0	0
10.3070002	6.62680006	-0.207000002	200	0	0
10.3269997	6.62639999	-0.250999987	200	0	0
10.3190002	6.62659979	-0.248999998	200	0	0
10.323	6.62650108	-0.25	200	0	0
10.3219995	6.62629986	-0.25	200	0	0
10.3570004	6.62610006	-0.219999999	200	0	0
10.3290005	6.62669992	-0.213	200	0	0
10.3409996	6.62629986	-0.216000006	200	0	0
10.3540001	6.62610006	-0.200000003	200	0	0
10.3290005	6.62639999	-0.213	200	0	0
10.3190002	6.62659979	-0.209999993	200	0	0
10.3210001	6.62650108	-0.210999995	200	0	0
10.3409996	6.62619972	-0.196999997	200	0	0
10.3439999	6.62610006	-0.178000003	200	0	0
10.335	6.62610006	-0.252999991	200	0	0
10.335	6.62619972	-0.252999991	200	0	0
10.2810001	6.62760019	0.199000001	200	0	0
10.3039999	6.62709999	0.289000005	200	0	0
10.3149996	6.62680006	0.305000007	200	0	0
10.309	6.62669992	0.305999994	200	0	0
10.3050003	6.62700033	0.289000005	200	0	0
10.302	6.62719965	0.270000011	200	0	0
10.3129997	6.62719965	0.287	200	0	0
10.3000002	6.62729979	0.270999998	200	0	0
10.3079996	6.62739992	0.268999994	200	0	0
10.3219995	6.62610006	0.360000014	200	0	0
10.3339996	6.62520027	0.389999986	200	0	0
10.3439999	6.62539959	0.388000011	200	0	0
10.3570004	6.62530088	0.386000007	200	0	0
10.3610001	6.62549973	0.38499999	200	0	0
10.342	6.62599993	0.356000006	200	0	0
10.3299999	6.62590075	0.356999993	200	0	0
10.302	6.62729979	0.326999992	200	0	0
10.2930002	6.62719965	0.328999996	200	0	0
10.3120003	6.62669992	0.324999988	200	0	0
10.3000002	6.62709999	0.326999992	200	0	0
10.3170004	6.62680006	0.324000001	200	0	0
10.309	6.6269002	0.324999988	200	0	0
10.3109999	6.62700033	0.324999988	200	0	0
10.3039999	6.62739992	0.307999998	200	0	0
10.3000002	6.62729979	0.307999998	200	0	0
10.3039999	6.62719965	0.307999998	200	0	0
10.2989998	6.62709999	0.308999985	200	0	0
10.2980003	6.62700033	0.308999985	200	0	0
10.3120003	6.6269002	0.305999994	200	0	0
10.3109999	6.62739992	0.287	200	0	0
10.3050003	6.62729979	0.289000005	200	0	0
10.3240004	6.62650108	0.416000009	200	0	0
10.3140001	6.62680006	0.398999989	200	0	0
10.3240004	6.62590075	0.414000005	200	0	0
10.3479996	6.62580013	0.407999992	200	0	0
10.3299999	6.62639999	0.414999992	200	0	0
10.3240004	6.62610006	0.416000009	200	0	0
10.3319998	6.62599993	0.414000005	200	0	0
10.3319998	6.62629986	0.414999992	200	0	0
10.3280001	6.62619972	0.414999992	200	0	0
10.3170004	6.62669992	0.398999989	200	0	0
10.3129997	6.62700033	0.361999989	200	0	0
10.3000002	6.6269002	0.36500001	200	0	0
10.3269997	6.62659979	0.397000015	200	0	0
10.3070002	6.62639999	0.400999993	200	0	0
10.3339996	6.62580013	0.39199999	200	0	0
10.3310003	6.62650108	0.395999998	200	0	0
10.3199997	6.62629986	0.398000002	200	0	0
10.3459997	6.62590075	0.391000003	200	0	0
10.3260002	6.62619972	0.397000015	200	0	0
10.3430004	6.62599993	0.393000007	200	0	0
10.309	6.62680006	0.363000005	200	0	0
10.3299999	6.62610006	0.395999998	200	0	0
10.3109999	6.62669992	0.361999989	200	0	0
10.3290005	6.62659979	0.358999997	200	0	0
10.3199997	6.62650108	0.361000001	200	0	0
10.3129997	6.62639999	0.361999989	200	0	0
10.3149996	6.62659979	0.324000001	200	0	0
10.3330002	6.62629986	0.35800001	200	0	0
10.3299999	6.62619972	0.35800001	200	0	0
10.3479996	6.62539959	0.405999988	200	0	0
10.3509998	6.62549973	0.405999988	200	0	0
10.2930002	6.62750006	0.328999996	200	0	0
10.2869997	6.62739992	0.330000013	200	0	0
10.3050003	6.62719965	0.363999993	200	0	0
10.2989998	6.62709999	0.36500001	200	0	0
10.3319998	6.62659979	0.414999992	200	0	0
10.3450003	6.62599993	0.449000001	200	0	0
10.3640003	6.62549973	0.441000015	200	0	0
10.3439999	6.62590075	0.448000014	200	0	0
10.3540001	6.62580013	0.444000006	200	0	0
10.3620005	6.62530088	0.404000014	200	0	0
10.3570004	6.62530088	0.442000002	200	0	0
10.3690004	6.62539959	0.439999998	200	0	0
10.2980003	6.62729979	0.36500001	200	0	0
10.3199997	6.62669992	0.416999996	200	0	0
10.3100004	6.62700033	0.400000006	200	0	0
10.3109999	6.6269002	0.400000006	200	0	0
10.3240004	6.62680006	0.416000009	200	0	0
10.3009996	6.62739992	0.363999993	200	0	0
10.3030005	6.62680006	-0.244000003	200	0	0
10.2989998	6.62729979	-0.204999998	200	0	0
10.2959995	6.62709999	-0.223000005	200	0	0
10.2969999	6.62709999	-0.243000001	200	0	0
10.316	6.62619972	-0.287	200	0	0
10.3000002	6.6269002	-0.263000011	200	0	0
10.3079996	6.62680006	-0.264999986	200	0	0
10.3269997	6.62669992	-0.270000011	200	0	0
10.2989998	6.62700033	-0.243000001	200	0	0
10.3389997	6.62610006	-0.273000002	200	0	0
10.323	6.62659979	-0.268999994	200	0	0
10.302	6.6269002	-0.244000003	200	0	0
10.3269997	6.62639999	-0.270000011	200	0	0
10.3269997	6.62629986	-0.270000011	200	0	0
10.3199997	6.62650108	-0.268000007	200	0	0
10.3219995	6.62619972	-0.268999994	200	0	0
10.3290005	6.62669992	-0.250999987	200	0	0
10.335	6.62639999	-0.291999996	200	0	0
10.3190002	6.62680006	-0.287	200	0	0
10.3339996	6.62650108	-0.291000009	200	0	0
10.3249998	6.62669992	-0.289000005	200	0	0
10.302	6.62729979	-0.244000003	200	0	0
10.3299999	6.62659979	-0.289999992	200	0	0
10.302	6.62709999	-0.263000011	200	0	0
10.2950001	6.62719965	-0.241999999	200	0	0
10.3059998	6.62700033	-0.263999999	200	0	0
10.3190002	6.62739992	-0.248999998	200	0	0
10.3079996	6.6269002	-0.284000009	200	0	0
10.3000002	6.62750006	-0.263000011	200	0	0
10.3149996	6.62739992	-0.26699999	200	0	0
10.3059998	6.62729979	-0.263999999	200	0	0
10.316	6.62700033	-0.286000013	200	0	0
10.3109999	6.62709999	-0.284999996	200	0	0
10.3179998	6.62739992	-0.287	200	0	0
10.3129997	6.62729979	-0.286000013	200	0	0
10.3140001	6.62719965	-0.286000013	200	0	0
10.3070002	6.62700033	-0.303000003	200	0	0
10.3100004	6.62729979	-0.30399999	200	0	0
10.2919998	6.62719965	-0.298999995	200	0	0
10.3129997	6.62680006	-0.305000007	200	0	0
10.3109999	6.6269002	-0.30399999	200	0	0
10.335	6.62650108	-0.349999994	200	0	0
10.3330002	6.62639999	-0.349000007	200	0	0
10.3170004	6.62619972	-0.344999999	200	0	0
10.3070002	6.62659979	-0.342000008	200	0	0
10.3140001	6.62629986	-0.344000012	200	0	0
10.3400002	6.62610006	-0.312999994	200	0	0
10.3459997	6.62619972	-0.31400001	200	0	0
10.3330002	6.62669992	-0.310000002	200	0	0
10.3369999	6.62629986	-0.312000006	200	0	0
10.3310003	6.62659979	-0.310000002	200	0	0
10.3330002	6.62650108	-0.310000002	200	0	0
10.3269997	6.62639999	-0.308999985	200	0	0
10.3339996	6.62629986	-0.291000009	200	0	0
10.3190002	6.62739992	-0.307000011	200	0	0
10.2989998	6.6269002	-0.340000004	200	0	0
10.309	6.62680006	-0.342999995	200	0	0
10.3170004	6.62639999	0.455000013	200	0	0
10.316	6.6269002	0.418000013	200	0	0
10.3380003	6.62629986	0.451000005	200	0	0
10.3330002	6.62619972	0.451999992	200	0	0
10.335	6.62610006	0.451999992	200	0	0
10.3369999	6.62549973	0.483999997	200	0	0
10.3529997	6.62580013	0.463	200	0	0
10.3380003	6.62539959	0.48300001	200	0	0
10.3629999	6.62530088	0.479000002	200	0	0
10.3690004	6.62520027	0.476999998	200	0	0
10.368	6.62549973	0.458999991	200	0	0
10.3780003	6.62520027	0.456999987	200	0	0
10.3690004	6.62539959	0.458999991	200	0	0
10.3590002	6.62530088	0.460999995	200	0	0
10.3479996	6.62590075	0.465999991	200	0	0
10.3400002	6.62599993	0.469000012	200	0	0
10.3149996	6.62700033	0.418000013	200	0	0
10.2989998	6.62709999	0.421000004	200	0	0
10.2989998	6.62739992	0.421000004	200	0	0
10.3030005	6.62729979	0.419999987	200	0	0
10.2840004	6.62750006	0.405000001	200	0	0
10.2969999	6.62709999	0.402999997	200	0	0
10.2930002	6.62739992	0.404000014	200	0	0
10.3039999	6.62719965	0.40200001	200	0	0
10.302	6.62729979	0.40200001	200	0	0
10.3179998	6.62680006	0.510999978	200	0	0
10.3400002	6.62580013	0.485000014	200	0	0
10.3339996	6.62619972	0.508000016	200	0	0
10.3199997	6.62629986	0.510999978	200	0	0
10.3199997	6.62669992	0.510999978	200	0	0
10.316	6.62659979	0.510999978	200	0	0
10.3009996	6.62719965	0.476999998	200	0	0
10.335	6.62590075	0.486999989	200	0	0
10.3109999	6.62700033	0.493999988	200	0	0
10.3000002	6.62729979	0.458000004	200	0	0
10.335	6.62639999	0.508000016	200	0	0
10.3299999	6.62599993	0.49000001	200	0	0
10.3079996	6.6269002	0.493999988	200	0	0
10.3079996	6.62709999	0.476000011	200	0	0
10.349	6.62610006	0.486000001	200	0	0
10.309	6.62719965	0.456999987	200	0	0
10.3170004	6.62680006	0.492000014	200	0	0
10.3140001	6.62669992	0.493000001	200	0	0
10.3070002	6.62700033	0.476000011	200	0	0
10.3280001	6.62629986	0.49000001	200	0	0
10.323	6.62659979	0.490999997	200	0	0
10.3310003	6.62639999	0.49000001	200	0	0
10.3240004	6.62650108	0.490999997	200	0	0
10.316	6.62709999	0.455000013	200	0	0
10.3190002	6.6269002	0.47299999	200	0	0
10.3000002	6.62700033	0.458000004	200	0	0
10.3360004	6.62610006	0.469999999	200	0	0
10.3380003	6.62619972	0.469999999	200	0	0
10.3109999	6.62650108	0.474999994	200	0	0
10.3280001	6.62669992	0.472000003	200	0	0
10.3149996	6.62659979	0.474000007	200	0	0
10.3310003	6.62629986	0.470999986	200	0	0
10.3389997	6.62639999	0.469000012	200	0	0
10.3330002	6.6269002	0.451999992	200	0	0
10.3290005	6.62680006	0.453000009	200	0	0
10.3310003	6.62650108	0.451999992	200	0	0
10.3000002	6.62739992	0.476999998	200	0	0
10.3030005	6.62729979	0.476999998	200	0	0
10.3070002	6.62739992	0.456999987	200	0	0
10.342	6.62610006	0.505999982	200	0	0
10.3400002	6.62599993	0.507000029	200	0	0
10.335	6.62590075	0.505999982	200	0	0
10.3509998	6.62580013	0.500999987	200	0	0
10.3690004	6.62549973	0.495999992	200	0	0
10.3479996	6.62539959	0.5	200	0	0
10.3590002	6.62530088	0.497999996	200	0	0
10.3030005	6.62709999	0.495000005	200	0	0
10.3479996	6.62619972	0.542999983	200	0	0
10.3430004	6.62599993	0.54400003	200	0	0
10.3409996	6.62590075	0.541999996	200	0	0
10.3540001	6.62580013	0.537999988	200	0	0
10.3690004	6.62530088	0.533999979	200	0	0
10.3590002	6.62549973	0.536000013	200	0	0
10.3610001	6.62539959	0.535000026	200	0	0
10.3030005	6.62729979	0.495000005	200	0	0
10.3170004	6.62700033	0.510999978	200	0	0
10.3140001	6.6269002	0.512000024	200	0	0
10.3039999	6.62719965	0.495000005	200	0	0
10.2980003	6.62700033	-0.340000004	200	0	0
10.302	6.62719965	-0.340999991	200	0	0
10.3000002	6.62709999	-0.340000004	200	0	0
10.3129997	6.62629986	-0.382999986	200	0	0
10.3100004	6.62680006	-0.361999989	200	0	0
10.3299999	6.62669992	-0.368000001	200	0	0
10.3210001	6.62659979	-0.36500001	200	0	0
10.3299999	6.62629986	-0.368000001	200	0	0
10.3299999	6.62619972	-0.368000001	200	0	0
10.3009996	6.62650108	-0.360000014	200	0	0
10.3129997	6.62639999	-0.363000005	200	0	0
10.3030005	6.6269002	-0.360000014	200	0	0
10.3070002	6.62739992	-0.342000008	200	0	0
10.3050003	6.62729979	-0.342000008	200	0	0
10.3100004	6.62700033	-0.361999989	200	0	0
10.3280001	6.62669992	-0.386999995	200	0	0
10.3330002	6.62659979	-0.388000011	200	0	0
10.3280001	6.62650108	-0.386999995	200	0	0
10.3260002	6.62639999	-0.386000007	200	0	0
10.3070002	6.62709999	-0.381000012	200	0	0
10.3100004	6.62700033	-0.381999999	200	0	0
10.3050003	6.62739992	-0.361000001	200	0	0
10.309	6.6269002	-0.381999999	200	0	0
10.3039999	6.62680006	-0.379999995	200	0	0
10.3100004	6.62729979	-0.361999989	200	0	0
10.3039999	6.62719965	-0.361000001	200	0	0
10.3100004	6.62709999	-0.361999989	200	0	0
10.3109999	6.62709999	-0.400999993	200	0	0
10.3109999	6.62700033	-0.400999993	200	0	0
10.2989998	6.6269002	-0.398000002	200	0	0
10.3109999	6.62719965	-0.400999993	200	0	0
10.2880001	6.62739992	-0.395000011	200	0	0
10.309	6.62680006	-0.400999993	200	0	0
10.3070002	6.62669992	-0.400000006	200	0	0
10.3319998	6.62629986	-0.446999997	200	0	0
10.316	6.62680006	-0.442000002	200	0	0
10.3290005	6.62669992	-0.444999993	200	0	0
10.3219995	6.62639999	-0.444000006	200	0	0
10.3290005	6.62650108	-0.444999993	200	0	0
10.3210001	6.62659979	-0.442999989	200	0	0
10.3409996	6.62629986	-0.409999996	200	0	0
10.323	6.62650108	-0.405000001	200	0	0
10.3039999	6.62709999	-0.437999994	200	0	0
10.3120003	6.6269002	-0.441000015	200	0	0
10.3280001	6.62669992	0.546999991	200	0	0
10.3260002	6.62659979	0.546999991	200	0	0
10.3330002	6.62650108	0.546000004	200	0	0
10.3360004	6.62639999	0.545000017	200	0	0
10.3330002	6.62629986	0.545000017	200	0	0
10.3050003	6.62709999	0.513000011	200	0	0
10.3050003	6.62739992	0.495000005	200	0	0
10.3409996	6.62610006	0.563000023	200	0	0
10.375	6.62520027	0.569999993	200	0	0
10.3479996	6.62580013	0.577000022	200	0	0
10.342	6.62599993	0.563000023	200	0	0
10.3579998	6.62530088	0.573000014	200	0	0
10.3660002	6.62539959	0.572000027	200	0	0
10.3590002	6.62549973	0.573000014	200	0	0
10.342	6.62590075	0.56099999	200	0	0
10.3450003	6.62580013	0.559000015	200	0	0
10.375	6.62530088	0.550999999	200	0	0
10.3590002	6.62520027	0.55400002	200	0	0
10.368	6.62539959	0.552999973	200	0	0
10.3579998	6.62549973	0.555000007	200	0	0
10.335	6.62619972	0.56400001	200	0	0
10.3030005	6.62729979	0.513999999	200	0	0
10.2980003	6.62719965	0.514999986	200	0	0
10.3079996	6.62700033	0.606000006	200	0	0
10.3339996	6.62650108	0.601999998	200	0	0
10.3079996	6.6269002	0.606000006	200	0	0
10.3219995	6.62659979	0.603999972	200	0	0
10.3330002	6.62619972	0.583000004	200	0	0
10.3129997	6.62680006	0.605000019	200	0	0
10.3190002	6.62669992	0.603999972	200	0	0
10.3039999	6.62750006	0.569999993	200	0	0
10.3210001	6.62729979	0.584999979	200	0	0
10.3339996	6.62629986	0.583000004	200	0	0
10.302	6.62719965	0.588999987	200	0	0
10.2989998	6.62739992	0.57099998	200	0	0
10.2919998	6.62750006	0.552999973	200	0	0
10.3190002	6.62639999	0.586000025	200	0	0
10.3050003	6.62709999	0.588	200	0	0
10.3149996	6.62650108	0.586000025	200	0	0
10.3079996	6.62700033	0.588	200	0	0
10.3179998	6.62659979	0.586000025	200	0	0
10.3109999	6.62680006	0.587000012	200	0	0
10.3190002	6.6269002	0.586000025	200	0	0
10.3170004	6.62729979	0.566999972	200	0	0
10.3290005	6.62629986	0.564999998	200	0	0
10.3260002	6.62669992	0.583999991	200	0	0
10.302	6.62719965	0.569999993	200	0	0
10.309	6.62739992	0.550000012	200	0	0
10.3290005	6.62639999	0.564999998	200	0	0
10.3260002	6.62709999	0.565999985	200	0	0
10.3299999	6.62650108	0.564999998	200	0	0
10.3149996	6.62729979	0.549000025	200	0	0
10.3079996	6.62700033	0.569000006	200	0	0
10.3070002	6.6269002	0.569000006	200	0	0
10.3249998	6.62659979	0.565999985	200	0	0
10.3149996	6.62680006	0.568000019	200	0	0
10.3280001	6.62669992	0.564999998	200	0	0
10.3149996	6.62719965	0.549000025	200	0	0
10.3140001	6.62709999	0.549000025	200	0	0
10.316	6.62700033	0.549000025	200	0	0
10.3100004	6.6269002	0.550000012	200	0	0
10.316	6.62680006	0.549000025	200	0	0
10.3319998	6.62590075	0.58099997	200	0	0
10.3240004	6.62639999	0.602999985	200	0	0
10.3500004	6.62580013	0.595000029	200	0	0
10.3310003	6.62590075	0.600000024	200	0	0
10.3310003	6.62599993	0.601999998	200	0	0
10.3299999	6.62619972	0.601999998	200	0	0
10.3409996	6.62610006	0.600000024	200	0	0
10.3260002	6.62599993	0.583999991	200	0	0
10.323	6.62610006	0.584999979	200	0	0
10.309	6.62629986	0.606000006	200	0	0
10.3590002	6.62549973	0.592000008	200	0	0
10.3629999	6.62539959	0.591000021	200	0	0
10.3649998	6.62520027	0.591000021	200	0	0
10.3629999	6.62530088	0.591000021	200	0	0
10.2989998	6.62739992	0.588999987	200	0	0
10.3439999	6.62580013	0.634000003	200	0	0
10.3339996	6.62629986	0.638999999	200	0	0
10.3400002	6.62599993	0.638000011	200	0	0
10.3249998	6.62610006	0.639999986	200	0	0
10.3299999	6.62590075	0.638000011	200	0	0
10.3660002	6.62549973	0.628000021	200	0	0
10.3509998	6.62539959	0.630999982	200	0	0
10.3529997	6.62530088	0.629999995	200	0	0
10.3690004	6.62510014	0.628000021	200	0	0
10.3699999	6.62520027	0.626999974	200	0	0
10.3000002	6.62709999	0.60799998	200	0	0
10.3039999	6.62719965	0.606999993	200	0	0
10.3210001	6.62629986	-0.481999993	200	0	0
10.3109999	6.6269002	-0.460000008	200	0	0
10.3070002	6.62650108	-0.477999985	200	0	0
10.323	6.62680006	-0.463	200	0	0
10.3400002	6.62629986	-0.467999995	200	0	0
10.3330002	6.62619972	-0.465999991	200	0	0
10.3070002	6.62659979	-0.458999991	200	0	0
10.3380003	6.62619972	-0.448000014	200	0	0
10.3070002	6.62700033	-0.458999991	200	0	0
10.309	6.62700033	-0.479000002	200	0	0
10.3210001	6.62659979	-0.481999993	200	0	0
10.3079996	6.6269002	-0.477999985	200	0	0
10.3120003	6.62719965	-0.460000008	200	0	0
10.335	6.62639999	-0.486000001	200	0	0
10.3070002	6.62709999	-0.477999985	200	0	0
10.2819996	6.62750006	-0.451999992	200	0	0
10.3120003	6.62709999	-0.499000013	200	0	0
10.2969999	6.62700033	-0.495000005	200	0	0
10.316	6.62680006	-0.5	200	0	0
10.3079996	6.62669992	-0.497999996	200	0	0
10.3059998	6.62650108	-0.537	200	0	0
10.2980003	6.62610006	-0.533999979	200	0	0
10.3190002	6.62619972	-0.540000021	200	0	0
10.3120003	6.62629986	-0.537999988	200	0	0
10.3179998	6.6269002	-0.500999987	200	0	0
10.3249998	6.62659979	-0.503000021	200	0	0
10.3179998	6.62650108	-0.500999987	200	0	0
10.3249998	6.62629986	-0.503000021	200	0	0
10.3339996	6.62619972	-0.486000001	200	0	0
10.3009996	6.62669992	-0.535000026	200	0	0
10.3059998	6.62680006	-0.536000013	200	0	0
10.2720003	6.62739992	-0.52700001	200	0	0
10.2930002	6.62739992	0.609000027	200	0	0
10.323	6.62639999	0.640999973	200	0	0
10.3109999	6.62680006	0.643000007	200	0	0
10.3179998	6.62650108	0.64200002	200	0	0
10.3219995	6.62669992	0.640999973	200	0	0
10.3249998	6.62659979	0.639999986	200	0	0
10.3009996	6.62729979	0.606999993	200	0	0
10.3170004	6.62619972	0.64200002	200	0	0
10.335	6.62639999	0.657000005	200	0	0
10.3360004	6.62629986	0.657000005	200	0	0
10.3380003	6.62599993	0.657000005	200	0	0
10.3529997	6.62580013	0.651000023	200	0	0
10.3409996	6.62619972	0.656000018	200	0	0
10.3459997	6.62590075	0.653999984	200	0	0
10.3459997	6.62610006	0.654999971	200	0	0
10.3559999	6.62520027	0.666999996	200	0	0
10.3549995	6.62539959	0.648999989	200	0	0
10.3710003	6.62549973	0.646000028	200	0	0
10.3599997	6.62530088	0.648000002	200	0	0
10.3599997	6.62520027	0.648000002	200	0	0
10.3669996	6.62510014	0.647000015	200	0	0
10.3520002	6.62539959	0.667999983	200	0	0
10.349	6.62590075	0.671999991	200	0	0
10.3590002	6.62549973	0.666999996	200	0	0
10.3549995	6.62580013	0.66900003	200	0	0
10.349	6.62530088	0.667999983	200	0	0
10.3319998	6.62650108	0.657999992	200	0	0
10.3030005	6.62729979	0.699999988	200	0	0
10.3149996	6.62669992	0.698000014	200	0	0
10.3030005	6.62719965	0.699999988	200	0	0
10.316	6.62680006	0.698000014	200	0	0
10.3199997	6.62639999	0.677999973	200	0	0
10.3109999	6.6269002	0.699000001	200	0	0
10.3100004	6.62709999	0.699000001	200	0	0
10.3109999	6.62700033	0.699000001	200	0	0
10.3339996	6.62650108	0.675999999	200	0	0
10.2969999	6.62739992	0.683000028	200	0	0
10.3249998	6.62659979	0.677999973	200	0	0
10.3050003	6.62729979	0.680999994	200	0	0
10.3190002	6.62669992	0.67900002	200	0	0
10.3039999	6.62719965	0.680999994	200	0	0
10.3140001	6.62680006	0.680000007	200	0	0
10.3129997	6.6269002	0.680000007	200	0	0
10.3109999	6.62709999	0.680000007	200	0	0
10.3129997	6.62700033	0.680000007	200	0	0
10.3000002	6.62739992	0.662999988	200	0	0
10.3280001	6.62659979	0.658999979	200	0	0
10.3280001	6.62669992	0.658999979	200	0	0
10.3140001	6.62729979	0.661000013	200	0	0
10.3070002	6.62719965	0.662	200	0	0
10.3199997	6.62680006	0.660000026	200	0	0
10.3100004	6.62709999	0.662	200	0	0
10.3109999	6.6269002	0.661000013	200	0	0
10.3149996	6.62700033	0.661000013	200	0	0
10.3079996	6.62739992	0.643000007	200	0	0
10.309	6.62729979	0.643000007	200	0	0
10.3039999	6.62719965	0.643999994	200	0	0
10.3059998	6.6269002	0.643999994	200	0	0
10.3100004	6.62709999	0.643000007	200	0	0
10.3149996	6.62700033	0.64200002	200	0	0
10.3380003	6.62619972	0.694000006	200	0	0
10.3290005	6.62659979	0.69599998	200	0	0
10.3389997	6.62629986	0.694000006	200	0	0
10.3290005	6.62650108	0.69599998	200	0	0
10.3330002	6.62599993	0.675999999	200	0	0
10.3330002	6.62610006	0.675999999	200	0	0
10.3369999	6.62619972	0.675999999	200	0	0
10.3260002	6.62629986	0.676999986	200	0	0
10.3240004	6.62610006	0.69599998	200	0	0
10.3559999	6.62539959	0.68599999	200	0	0
10.3500004	6.62599993	0.691999972	200	0	0
10.3509998	6.62590075	0.689999998	200	0	0
10.3610001	6.62549973	0.685000002	200	0	0
10.349	6.62580013	0.68900001	200	0	0
10.3660002	6.62520027	0.684000015	200	0	0
10.3610001	6.62530088	0.685000002	200	0	0
10.3360004	6.62629986	0.713	200	0	0
10.3640003	6.62590075	0.725000024	200	0	0
10.3620005	6.62539959	0.703000009	200	0	0
10.3470001	6.62599993	0.711000025	200	0	0
10.3269997	6.62659979	0.73299998	200	0	0
10.3339996	6.62650108	0.731999993	200	0	0
10.3459997	6.62610006	0.730000019	200	0	0
10.3450003	6.62619972	0.730000019	200	0	0
10.3269997	6.62639999	0.713999987	200	0	0
10.3719997	6.62520027	0.720000029	200	0	0
10.368	6.62530088	0.721000016	200	0	0
10.3009996	6.62739992	0.699999988	200	0	0
10.316	6.62709999	-0.540000021	200	0	0
10.302	6.62680006	-0.555000007	200	0	0
10.2819996	6.62669992	-0.549000025	200	0	0
10.2939997	6.62659979	-0.552999973	200	0	0
10.2910004	6.62619972	-0.551999986	200	0	0
10.2930002	6.62639999	-0.551999986	200	0	0
10.302	6.62629986	-0.555000007	200	0	0
10.2720003	6.62709999	-0.546000004	200	0	0
10.2799997	6.62760019	-0.549000025	200	0	0
10.3050003	6.62680006	-0.595000029	200	0	0
10.2910004	6.62669992	-0.591000021	200	0	0
10.3050003	6.62610006	-0.595000029	200	0	0
10.323	6.62669992	0.734000027	200	0	0
10.3109999	6.6269002	0.717000008	200	0	0
10.3140001	6.62700033	0.735000014	200	0	0
10.3170004	6.62680006	0.735000014	200	0	0
10.2980003	6.62719965	0.718999982	200	0	0
10.3050003	6.62709999	0.717999995	200	0	0
10.335	6.62610006	0.75	200	0	0
10.3280001	6.62659979	0.751999974	200	0	0
10.3319998	6.62619972	0.750999987	200	0	0
10.3260002	6.62639999	0.751999974	200	0	0
10.3330002	6.62650108	0.750999987	200	0	0
10.3409996	6.62629986	0.749000013	200	0	0
10.3479996	6.62590075	0.745999992	200	0	0
10.3430004	6.62599993	0.749000013	200	0	0
10.3479996	6.62580013	0.745000005	200	0	0
10.3629999	6.62539959	0.740999997	200	0	0
10.3660002	6.62539959	0.759000003	200	0	0
10.3629999	6.62530088	0.759000003	200	0	0
10.368	6.62520027	0.758000016	200	0	0
10.3620005	6.62520027	0.740999997	200	0	0
10.3649998	6.62530088	0.74000001	200	0	0
10.3260002	6.62590075	0.768999994	200	0	0
10.3459997	6.62610006	0.76700002	200	0	0
10.3459997	6.62599993	0.76700002	200	0	0
10.3459997	6.62580013	0.763999999	200	0	0
10.3249998	6.62669992	0.751999974	200	0	0
10.3120003	6.6269002	0.791000009	200	0	0
10.309	6.62700033	0.791999996	200	0	0
10.316	6.62669992	0.772000015	200	0	0
10.3000002	6.62739992	0.792999983	200	0	0
10.3000002	6.62719965	0.792999983	200	0	0
10.3109999	6.62709999	0.791000009	200	0	0
10.3050003	6.62729979	0.791999996	200	0	0
10.3140001	6.62680006	0.772000015	200	0	0
10.3149996	6.6269002	0.772000015	200	0	0
10.3079996	6.62700033	0.773000002	200	0	0
10.309	6.62709999	0.773000002	200	0	0
10.3000002	6.62739992	0.774999976	200	0	0
10.3039999	6.62719965	0.773999989	200	0	0
10.3120003	6.62680006	0.754000008	200	0	0
10.3030005	6.62729979	0.773999989	200	0	0
10.3109999	6.6269002	0.754000008	200	0	0
10.3120003	6.62700033	0.754000008	200	0	0
10.3079996	6.62709999	0.754999995	200	0	0
10.3079996	6.62719965	0.754999995	200	0	0
10.3109999	6.62739992	0.754000008	200	0	0
10.309	6.62729979	0.754999995	200	0	0
10.3079996	6.62739992	0.736000001	200	0	0
10.3100004	6.62729979	0.736000001	200	0	0
10.3280001	6.62639999	0.788999975	200	0	0
10.3310003	6.62650108	0.787999988	200	0	0
10.3179998	6.62680006	0.790000021	200	0	0
10.3319998	6.62659979	0.787999988	200	0	0
10.3179998	6.62669992	0.790000021	200	0	0
10.3280001	6.62619972	0.769999981	200	0	0
10.3299999	6.62629986	0.769999981	200	0	0
10.3269997	6.62639999	0.769999981	200	0	0
10.3400002	6.62650108	0.768000007	200	0	0
10.316	6.62659979	0.772000015	200	0	0
10.3389997	6.62580013	0.782999992	200	0	0
10.3330002	6.62610006	0.787999988	200	0	0
10.3500004	6.62590075	0.782999992	200	0	0
10.3339996	6.62629986	0.787999988	200	0	0
10.3459997	6.62599993	0.786000013	200	0	0
10.3319998	6.62619972	0.787999988	200	0	0
10.3629999	6.62510014	0.777999997	200	0	0
10.3570004	6.62520027	0.778999984	200	0	0
10.368	6.62530088	0.77700001	200	0	0
10.3699999	6.62539959	0.77700001	200	0	0
10.349	6.62599993	0.822000027	200	0	0
10.3559999	6.62590075	0.819000006	200	0	0
10.3570004	6.62580013	0.818000019	200	0	0
10.3170004	6.6269002	0.827000022	200	0	0
10.3129997	6.62639999	0.828000009	200	0	0
10.3409996	6.62629986	0.824000001	200	0	0
10.3210001	6.62680006	0.827000022	200	0	0
10.3179998	6.62669992	0.827000022	200	0	0
10.3199997	6.62659979	0.827000022	200	0	0
10.3330002	6.62650108	0.824999988	200	0	0
10.342	6.62610006	0.823000014	200	0	0
10.3269997	6.62619972	0.825999975	200	0	0
10.3660002	6.62539959	0.814999998	200	0	0
10.3610001	6.62530088	0.814999998	200	0	0
10.309	6.62719965	0.828999996	200	0	0
10.3070002	6.62700033	0.828999996	200	0	0
10.3129997	6.62709999	0.828000009	200	0	0
10.3299999	6.62639999	0.843999982	200	0	0
10.3149996	6.62610006	0.846000016	200	0	0
10.3299999	6.62629986	0.843999982	200	0	0
10.3269997	6.62590075	0.842999995	200	0	0
10.3380003	6.62580013	0.838999987	200	0	0
10.3319998	6.62599993	0.842999995	200	0	0
10.3459997	6.62619972	0.841000021	200	0	0
10.3210001	6.62680006	0.845000029	200	0	0
10.3190002	6.62669992	0.846000016	200	0	0
10.3310003	6.62650108	0.843999982	200	0	0
10.3260002	6.62659979	0.843999982	200	0	0
10.3590002	6.62549973	0.833999991	200	0	0
10.3649998	6.62530088	0.833000004	200	0	0
10.3579998	6.62549973	0.852999985	200	0	0
10.3710003	6.62530088	0.851000011	200	0	0
10.3450003	6.62619972	0.860000014	200	0	0
10.3339996	6.62610006	0.861999989	200	0	0
10.3280001	6.62599993	0.862999976	200	0	0
10.349	6.62590075	0.85799998	200	0	0
10.3409996	6.62580013	0.856999993	200	0	0
10.3079996	6.6269002	0.847000003	200	0	0
10.3030005	6.62719965	0.88499999	200	0	0
10.3299999	6.62659979	0.880999982	200	0	0
10.3050003	6.62709999	0.88499999	200	0	0
10.3050003	6.62700033	0.88499999	200	0	0
10.323	6.62629986	0.862999976	200	0	0
10.3140001	6.62669992	0.883000016	200	0	0
10.2930002	6.62739992	0.867999971	200	0	0
10.3120003	6.6269002	0.884000003	200	0	0
10.3179998	6.62680006	0.883000016	200	0	0
10.3249998	6.62639999	0.862999976	200	0	0
10.3009996	6.62729979	0.866999984	200	0	0
10.335	6.62650108	0.861999989	200	0	0
10.3030005	6.62719965	0.866999984	200	0	0
10.3290005	6.62659979	0.861999989	200	0	0
10.309	6.62709999	0.865999997	200	0	0
10.3009996	6.62739992	0.848999977	200	0	0
10.3149996	6.62669992	0.86500001	200	0	0
10.3070002	6.62700033	0.865999997	200	0	0
10.3120003	6.62680006	0.86500001	200	0	0
10.3109999	6.6269002	0.86500001	200	0	0
10.2980003	6.62729979	0.848999977	200	0	0
10.3050003	6.62719965	0.84799999	200	0	0
10.3009996	6.62739992	0.829999983	200	0	0
10.3100004	6.62709999	0.847000003	200	0	0
10.2980003	6.62729979	0.829999983	200	0	0
10.3109999	6.62700033	0.847000003	200	0	0
10.2980003	6.62729979	0.885999978	200	0	0
10.2989998	6.62739992	0.885999978	200	0	0
10.3430004	6.62599993	0.879000008	200	0	0
10.3330002	6.62610006	0.879999995	200	0	0
10.3310003	6.62619972	0.880999982	200	0	0
10.3210001	6.62639999	0.882000029	200	0	0
10.3299999	6.62629986	0.880999982	200	0	0
10.335	6.62650108	0.879999995	200	0	0
10.3559999	6.62549973	0.871999979	200	0	0
10.3430004	6.62590075	0.876999974	200	0	0
10.3369999	6.62580013	0.875999987	200	0	0
10.3649998	6.62530088	0.870000005	200	0	0
10.3660002	6.62520027	0.870000005	200	0	0
10.3330002	6.62599993	0.916999996	200	0	0
10.3439999	6.62619972	0.916000009	200	0	0
10.3389997	6.62610006	0.916000009	200	0	0
10.3509998	6.62590075	0.912999988	200	0	0
10.3520002	6.62580013	0.911000013	200	0	0
10.3640003	6.62549973	0.907999992	200	0	0
10.3330002	6.62650108	0.916999996	200	0	0
10.3310003	6.62659979	0.917999983	200	0	0
10.309	6.62709999	0.921000004	200	0	0
10.3070002	6.62700033	0.921000004	200	0	0
10.3199997	6.62669992	0.91900003	200	0	0
10.3120003	6.6269002	0.921000004	200	0	0
10.3190002	6.62680006	0.920000017	200	0	0
10.3210001	6.62629986	0.91900003	200	0	0
10.3260002	6.62639999	0.917999983	200	0	0
10.375	6.62520027	0.906000018	200	0	0
10.3699999	6.62530088	0.907000005	200	0	0
10.302	6.62739992	0.921999991	200	0	0
10.302	6.62719965	0.921999991	200	0	0
10.3070002	6.62729979	0.921000004	200	0	0
10.3369999	6.62599993	0.935000002	200	0	0
10.3179998	6.62669992	0.938000023	200	0	0
10.3430004	6.62610006	0.934000015	200	0	0
10.3290005	6.62659979	0.936999977	200	0	0
10.3210001	6.62650108	0.938000023	200	0	0
10.3400002	6.62619972	0.935000002	200	0	0
10.3319998	6.62629986	0.93599999	200	0	0
10.3330002	6.62639999	0.93599999	200	0	0
10.3439999	6.62580013	0.930999994	200	0	0
10.3439999	6.62590075	0.931999981	200	0	0
10.3610001	6.62549973	0.926999986	200	0	0
10.3170004	6.62700033	0.938000023	200	0	0
10.3149996	6.6269002	0.93900001	200	0	0
10.3219995	6.62680006	0.938000023	200	0	0
10.3800001	6.62520027	0.924000025	200	0	0
10.3690004	6.62520027	0.944000006	200	0	0
10.3529997	6.62549973	0.94599998	200	0	0
10.3620005	6.62539959	0.944999993	200	0	0
10.3190002	6.62629986	0.95599997	200	0	0
10.3249998	6.62639999	0.954999983	200	0	0
10.3360004	6.62580013	0.949999988	200	0	0
10.3330002	6.62590075	0.953000009	200	0	0
10.3299999	6.62619972	0.954999983	200	0	0
10.342	6.62599993	0.953000009	200	0	0
10.3400002	6.62610006	0.953000009	200	0	0
10.309	6.62719965	0.939999998	200	0	0
10.3059998	6.62709999	0.939999998	200	0	0
10.2910004	6.62739992	0.978999972	200	0	0
10.3109999	6.6269002	0.976000011	200	0	0
10.3199997	6.62659979	0.95599997	200	0	0
10.3140001	6.62700033	0.976000011	200	0	0
10.2969999	6.62729979	0.977999985	200	0	0
10.3009996	6.62709999	0.976999998	200	0	0
10.3009996	6.62719965	0.976999998	200	0	0
10.3109999	6.62669992	0.958000004	200	0	0
10.309	6.62680006	0.958000004	200	0	0
10.29	6.62739992	0.961000025	200	0	0
10.3100004	6.6269002	0.958000004	200	0	0
10.2969999	6.62709999	0.959999979	200	0	0
10.3000002	6.62729979	0.958999991	200	0	0
10.3050003	6.62719965	0.958999991	200	0	0
10.3009996	6.62739992	0.940999985	200	0	0
10.3000002	6.62729979	0.940999985	200	0	0
10.3369999	6.62619972	0.972000003	200	0	0
10.3280001	6.62629986	0.973999977	200	0	0
10.3140001	6.62669992	0.976000011	200	0	0
10.3210001	6.62639999	0.975000024	200	0	0
10.3280001	6.62650108	0.973999977	200	0	0
10.3290005	6.62659979	0.97299999	200	0	0
10.3199997	6.62650108	0.95599997	200	0	0
10.3009996	6.62680006	0.976999998	200	0	0
10.3319998	6.62610006	0.97299999	200	0	0
10.3360004	6.62599993	0.972000003	200	0	0
10.3369999	6.62590075	0.971000016	200	0	0
10.3459997	6.62580013	0.967999995	200	0	0
10.3719997	6.62520027	0.962000012	200	0	0
10.3559999	6.62539959	0.963999987	200	0	0
10.3599997	6.62549973	0.963999987	200	0	0
10.3249998	6.62629986	1.01100004	200	0	0
10.3249998	6.62619972	1.01100004	200	0	0
10.3360004	6.62610006	1.00899994	200	0	0
10.335	6.62599993	1.00899994	200	0	0
10.3549995	6.62580013	1.00300002	200	0	0
10.3369999	6.62590075	1.00699997	200	0	0
10.3310003	6.62650108	1.00999999	200	0	0
10.3339996	6.62639999	1.00999999	200	0	0
10.3629999	6.62549973	1	200	0	0
10.3760004	6.62539959	0.999000013	200	0	0
10.3669996	6.62520027	1	200	0	0
10.3179998	6.62669992	1.01199996	200	0	0
10.3249998	6.62659979	1.01100004	200	0	0
10.3179998	6.62680006	1.01199996	200	0	0
10.3059998	6.62739992	1.01400006	200	0	0
10.2989998	6.62729979	1.01499999	200	0	0
10.3140001	6.6269002	1.01199996	200	0	0
10.3109999	6.62700033	1.01300001	200	0	0
10.3120003	6.62709999	1.01300001	200	0	0
10.3299999	6.62629986	1.02900004	200	0	0
10.3649998	6.62559986	1.01900005	200	0	0
10.3369999	6.62619972	1.028	200	0	0
10.3500004	6.62610006	1.02600002	200	0	0
10.349	6.62599993	1.02600002	200	0	0
10.3360004	6.62590075	1.02600002	200	0	0
10.3540001	6.62580013	1.02199996	200	0	0
10.3079996	6.62700033	1.03199995	200	0	0
10.3319998	6.62639999	1.028	200	0	0
10.3149996	6.6269002	1.03100002	200	0	0
10.3380003	6.62650108	1.02699995	200	0	0
10.323	6.62659979	1.02999997	200	0	0
10.3179998	6.62680006	1.02999997	200	0	0
10.3170004	6.62669992	1.02999997	200	0	0
10.3590002	6.62549973	1.01999998	200	0	0
10.3809996	6.62520027	1.01600003	200	0	0
10.3789997	6.62539959	1.01699996	200	0	0
10.3030005	6.62719965	1.03199995	200	0	0
10.3059998	6.62709999	1.03199995	200	0	0
10.3549995	6.62549973	1.03799999	200	0	0
10.3500004	6.62590075	1.04200006	200	0	0
10.3219995	6.62659979	1.04799998	200	0	0
10.3380003	6.62599993	1.046	200	0	0
10.3389997	6.62610006	1.046	200	0	0
10.3190002	6.62650108	1.04799998	200	0	0
10.3310003	6.62619972	1.04700005	200	0	0
10.3369999	6.62639999	1.046	200	0	0
10.3319998	6.62629986	1.04700005	200	0	0
10.3210001	6.62669992	1.04799998	200	0	0
10.3330002	6.62580013	1.04299998	200	0	0
10.302	6.62729979	1.03299999	200	0	0
10.3079996	6.62700033	1.06799996	200	0	0
10.3170004	6.62680006	1.04900002	200	0	0
10.3009996	6.62709999	1.06900001	200	0	0
10.3059998	6.62719965	1.06900001	200	0	0
10.3009996	6.62729979	1.06900001	200	0	0
10.302	6.62739992	1.06900001	200	0	0
10.3129997	6.6269002	1.04900002	200	0	0
10.3000002	6.62700033	1.051	200	0	0
10.2969999	6.62709999	1.05200005	200	0	0
10.3030005	6.62719965	1.051	200	0	0
10.2989998	6.62729979	1.051	200	0	0
10.302	6.62739992	1.051	200	0	0
10.3219995	6.62659979	1.06700003	200	0	0
10.3120003	6.62669992	1.06799996	200	0	0
10.3129997	6.62680006	1.06799996	200	0	0
10.3079996	6.6269002	1.06799996	200	0	0
10.3249998	6.62639999	1.06599998	200	0	0
10.3509998	6.62580013	1.05900002	200	0	0
10.3339996	6.62590075	1.06299996	200	0	0
10.3479996	6.62599993	1.06299996	200	0	0
10.3360004	6.62629986	1.06500006	200	0	0
10.3400002	6.62619972	1.06400001	200	0	0
10.3459997	6.62610006	1.06299996	200	0	0
10.3129997	6.62650108	1.06799996	200	0	0
10.349	6.62559986	1.05799997	200	0	0
10.3579998	6.62549973	1.05700004	200	0	0
10.3450003	6.62590075	1.09899998	200	0	0
10.3500004	6.62599993	1.09899998	200	0	0
10.3299999	6.62659979	1.102	200	0	0
10.3470001	6.62610006	1.10000002	200	0	0
10.3299999	6.62650108	1.102	200	0	0
10.3249998	6.62629986	1.10300004	200	0	0
10.3290005	6.62639999	1.102	200	0	0
10.3389997	6.62619972	1.10099995	200	0	0
10.3549995	6.62580013	1.09500003	200	0	0
10.3719997	6.62549973	1.09200001	200	0	0
10.3199997	6.62669992	1.10399997	200	0	0
10.3509998	6.62530088	1.09399998	200	0	0
10.3140001	6.62700033	1.10399997	200	0	0
10.309	6.6269002	1.10500002	200	0	0
10.3120003	6.62680006	1.10500002	200	0	0
10.3030005	6.62709999	1.10599995	200	0	0
10.2939997	6.62739992	1.10699999	200	0	0
10.3070002	6.62719965	1.10500002	200	0	0
10.3039999	6.62729979	1.10599995	200	0	0
10.3540001	6.62590075	1.11600006	200	0	0
10.3269997	6.62659979	1.12100005	200	0	0
10.3380003	6.62599993	1.11899996	200	0	0
10.3280001	6.62650108	1.12100005	200	0	0
10.3219995	6.62639999	1.12199998	200	0	0
10.349	6.62610006	1.11800003	200	0	0
10.342	6.62619972	1.11899996	200	0	0
10.3450003	6.62629986	1.11899996	200	0	0
10.3620005	6.62580013	1.11300004	200	0	0
10.3719997	6.62530088	1.11000001	200	0	0
10.3649998	6.62549973	1.11099994	200	0	0
10.3039999	6.62729979	1.12399995	200	0	0
10.3170004	6.62669992	1.12199998	200	0	0
10.3079996	6.62719965	1.12399995	200	0	0
10.3129997	6.62680006	1.12300003	200	0	0
10.3079996	6.62700033	1.12399995	200	0	0
10.3120003	6.62709999	1.12300003	200	0	0
10.3109999	6.6269002	1.12300003	200	0	0
10.3009996	6.62739992	1.12399995	200	0	0
10.3479996	6.62580013	1.13300002	200	0	0
10.3649998	6.62530088	1.12899995	200	0	0
10.3529997	6.62559986	1.13100004	200	0	0
10.3310003	6.62599993	1.13900006	200	0	0
10.3509998	6.62610006	1.13600004	200	0	0
10.3409996	6.62590075	1.13600004	200	0	0
10.3170004	6.6269002	1.14100003	200	0	0
10.3439999	6.62629986	1.13699996	200	0	0
10.3190002	6.62680006	1.13999999	200	0	0
10.3310003	6.62639999	1.13900006	200	0	0
10.3219995	6.62669992	1.13999999	200	0	0
10.342	6.62659979	1.13699996	200	0	0
10.3120003	6.62700033	1.14100003	200	0	0
10.2989998	6.62729979	1.16100001	200	0	0
10.323	6.62669992	1.15799999	200	0	0
10.302	6.62719965	1.16100001	200	0	0
10.3179998	6.62680006	1.15900004	200	0	0
10.3120003	6.6269002	1.15999997	200	0	0
10.3109999	6.62709999	1.15999997	200	0	0
10.316	6.62700033	1.15900004	200	0	0
10.3039999	6.62739992	1.14199996	200	0	0
10.3109999	6.62729979	1.14100003	200	0	0
10.3000002	6.62719965	1.14300001	200	0	0
10.3120003	6.62709999	1.14100003	200	0	0
10.3030005	6.62739992	1.16100001	200	0	0
10.3430004	6.62619972	1.15600002	200	0	0
10.342	6.62629986	1.15600002	200	0	0
10.3339996	6.62639999	1.15699995	200	0	0
10.3280001	6.62650108	1.15799999	200	0	0
10.3280001	6.62659979	1.15799999	200	0	0
10.3260002	6.62610006	1.15799999	200	0	0
10.3500004	6.62539959	1.14999998	200	0	0
10.3500004	6.62599993	1.15499997	200	0	0
10.3459997	6.62590075	1.15400004	200	0	0
10.3559999	6.62580013	1.15100002	200	0	0
10.3500004	6.62530088	1.14999998	200	0	0
10.3409996	6.62619972	1.19299996	200	0	0
10.368	6.62549973	1.18400002	200	0	0
10.3549995	6.62610006	1.19099998	200	0	0
10.349	6.62599993	1.19200003	200	0	0
10.342	6.62590075	1.19099998	200	0	0
10.3540001	6.62580013	1.18799996	200	0	0
10.3450003	6.62629986	1.19200003	200	0	0
10.3140001	6.6269002	1.19599998	200	0	0
10.3149996	6.62680006	1.19599998	200	0	0
10.323	6.62669992	1.19500005	200	0	0
10.3360004	6.62639999	1.19299996	200	0	0
10.3240004	6.62659979	1.19500005	200	0	0
10.3339996	6.62650108	1.19400001	200	0	0
10.3529997	6.62539959	1.18599999	200	0	0
10.3769999	6.62530088	1.18299997	200	0	0
10.3210001	6.62709999	1.19500005	200	0	0
10.3170004	6.62700033	1.19599998	200	0	0
10.3079996	6.62729979	1.19700003	200	0	0
10.3009996	6.62719965	1.19799995	200	0	0
10.309	6.62739992	1.19700003	200	0	0
10.3400002	6.62610006	1.21099997	200	0	0
10.3470001	6.62599993	1.21000004	200	0	0
10.3430004	6.62590075	1.20899999	200	0	0
10.3610001	6.62559986	1.204	200	0	0
10.3590002	6.62580013	1.20500004	200	0	0
10.335	6.62619972	1.21200001	200	0	0
10.3219995	6.6269002	1.21300006	200	0	0
10.3389997	6.62629986	1.21099997	200	0	0
10.3190002	6.62680006	1.21399999	200	0	0
10.3170004	6.62669992	1.21399999	200	0	0
10.342	6.62639999	1.21099997	200	0	0
10.335	6.62650108	1.21200001	200	0	0
10.3330002	6.62659979	1.21200001	200	0	0
10.3640003	6.62539959	1.20299995	200	0	0
10.3649998	6.62530088	1.20299995	200	0	0
10.3739996	6.62520027	1.20200002	200	0	0
10.316	6.62700033	1.21399999	200	0	0
10.2880001	6.62729979	1.21800005	200	0	0
10.3149996	6.62709999	1.21399999	200	0	0
10.3109999	6.62719965	1.21500003	200	0	0
10.3079996	6.62739992	1.21500003	200	0	0
10.3579998	6.62539959	1.222	200	0	0
10.3559999	6.62599993	1.22800004	200	0	0
10.3430004	6.62590075	1.227	200	0	0
10.3389997	6.62580013	1.22599995	200	0	0
10.3599997	6.62530088	1.222	200	0	0
10.368	6.62520027	1.22099996	200	0	0
10.335	6.62639999	1.23000002	200	0	0
10.3369999	6.62629986	1.23000002	200	0	0
10.335	6.62619972	1.23000002	200	0	0
10.342	6.62610006	1.22899997	200	0	0
10.302	6.62719965	1.23399997	200	0	0
10.3240004	6.62650108	1.23099995	200	0	0
10.3269997	6.62659979	1.23099995	200	0	0
10.3140001	6.62709999	1.23300004	200	0	0
10.3199997	6.62669992	1.23199999	200	0	0
10.3070002	6.62700033	1.23300004	200	0	0
10.309	6.6269002	1.23300004	200	0	0
10.3179998	6.62680006	1.23199999	200	0	0
10.309	6.62729979	1.23300004	200	0	0
10.3120003	6.6269002	1.25100005	200	0	0
10.316	6.62700033	1.25100005	200	0	0
10.3079996	6.62709999	1.25199997	200	0	0
10.3009996	6.62739992	1.25300002	200	0	0
10.3009996	6.62729979	1.25300002	200	0	0
10.3109999	6.62719965	1.25100005	200	0	0
10.3050003	6.62739992	1.23399997	200	0	0
10.3430004	6.62629986	1.24699998	200	0	0
10.3330002	6.62639999	1.24899995	200	0	0
10.3299999	6.62650108	1.24899995	200	0	0
10.3199997	6.62680006	1.25	200	0	0
10.3219995	6.62659979	1.25	200	0	0
10.3190002	6.62669992	1.25	200	0	0
10.3430004	6.62580013	1.24399996	200	0	0
10.3579998	6.62590075	1.24399996	200	0	0
10.3450003	6.62599993	1.24699998	200	0	0
10.3400002	6.62610006	1.24800003	200	0	0
10.3430004	6.62619972	1.24699998	200	0	0
10.3369999	6.62549973	1.24300003	200	0	0
10.3620005	6.62520027	1.24000001	200	0	0
10.3719997	6.62530088	1.23899996	200	0	0
10.3610001	6.62539959	1.24000001	200	0	0
10.335	6.62650108	1.28499997	200	0	0
10.3520002	6.62580013	1.27999997	200	0	0
10.335	6.62639999	1.28499997	200	0	0
10.3559999	6.62590075	1.28100002	200	0	0
10.3529997	6.62599993	1.28299999	200	0	0
10.3380003	6.62629986	1.28499997	200	0	0
10.342	6.62610006	1.28400004	200	0	0
10.3439999	6.62619972	1.28400004	200	0	0
10.3629999	6.62520027	1.27699995	200	0	0
10.3649998	6.62530088	1.27699995	200	0	0
10.3699999	6.62539959	1.27600002	200	0	0
10.368	6.62549973	1.27600002	200	0	0
10.3249998	6.62659979	1.28600001	200	0	0
10.3120003	6.62709999	1.28799999	200	0	0
10.3210001	6.62669992	1.28699994	200	0	0
10.3140001	6.62700033	1.28799999	200	0	0
10.3149996	6.6269002	1.28699994	200	0	0
10.2980003	6.62729979	1.28900003	200	0	0
10.3179998	6.62739992	1.28699994	200	0	0
10.3129997	6.62750006	1.28799999	200	0	0
10.3360004	6.62639999	1.30299997	200	0	0
10.3409996	6.62629986	1.30299997	200	0	0
10.3520002	6.62580013	1.29799998	200	0	0
10.3409996	6.62619972	1.30299997	200	0	0
10.3430004	6.62590075	1.301	200	0	0
10.3559999	6.62599993	1.301	200	0	0
10.3430004	6.62610006	1.30200005	200	0	0
10.3690004	6.62549973	1.29499996	200	0	0
10.3710003	6.62520027	1.29400003	200	0	0
10.3669996	6.62530088	1.29499996	200	0	0
10.3610001	6.62539959	1.29499996	200	0	0
10.3330002	6.62650108	1.30400002	200	0	0
10.3170004	6.62719965	1.30499995	200	0	0
10.3240004	6.62659979	1.30499995	200	0	0
10.3149996	6.62709999	1.30599999	200	0	0
10.3149996	6.62700033	1.30599999	200	0	0
10.3280001	6.62669992	1.30400002	200	0	0
10.3170004	6.62680006	1.30499995	200	0	0
10.3190002	6.6269002	1.30499995	200	0	0
10.3009996	6.62729979	1.30700004	200	0	0
10.3059998	6.62750006	1.30700004	200	0	0
10.3140001	6.62739992	1.30599999	200	0	0
10.3620005	6.62520027	1.31400001	200	0	0
10.3629999	6.62549973	1.31400001	200	0	0
10.3590002	6.62530088	1.31400001	200	0	0
10.3660002	6.62539959	1.31299996	200	0	0
10.3339996	6.62619972	1.32200003	200	0	0
10.3360004	6.62599993	1.32200003	200	0	0
10.3389997	6.62610006	1.32099998	200	0	0
10.3360004	6.62590075	1.32000005	200	0	0
10.3509998	6.62580013	1.31700003	200	0	0
10.3249998	6.62669992	1.32299995	200	0	0
10.323	6.62659979	1.32299995	200	0	0
10.3290005	6.62629986	1.32200003	200	0	0
10.3330002	6.62650108	1.32200003	200	0	0
10.3310003	6.62639999	1.32200003	200	0	0
10.3170004	6.62680006	1.324	200	0	0
10.3140001	6.6269002	1.324	200	0	0
10.3050003	6.62739992	1.32500005	200	0	0
10.3199997	6.62700033	1.32299995	200	0	0
10.3140001	6.62729979	1.324	200	0	0
10.3070002	6.62719965	1.32500005	200	0	0
10.3109999	6.62709999	1.324	200	0	0
10.3149996	6.62650108	1.34200001	200	0	0
10.3059998	6.62719965	1.34300005	200	0	0
10.3260002	6.62659979	1.34099996	200	0	0
10.3190002	6.62709999	1.34200001	200	0	0
10.3190002	6.62669992	1.34200001	200	0	0
10.3050003	6.6269002	1.34300005	200	0	0
10.3140001	6.62680006	1.34200001	200	0	0
10.3129997	6.62700033	1.34200001	200	0	0
10.3030005	6.62729979	1.34399998	200	0	0
10.3039999	6.62739992	1.34300005	200	0	0
10.3529997	6.62590075	1.33599997	200	0	0
10.3269997	6.62610006	1.34099996	200	0	0
10.3459997	6.62599993	1.33899999	200	0	0
10.3280001	6.62639999	1.34099996	200	0	0
10.3290005	6.62629986	1.34099996	200	0	0
10.335	6.62619972	1.34000003	200	0	0
10.3699999	6.62539959	1.33099997	200	0	0
10.3599997	6.62549973	1.33200002	200	0	0
10.3719997	6.62559986	1.33099997	200	0	0
10.3520002	6.62580013	1.33500004	200	0	0
10.3649998	6.62520027	1.33200002	200	0	0
10.3730001	6.62530088	1.33099997	200	0	0
10.3520002	6.62610006	1.375	200	0	0
10.3339996	6.62619972	1.37699997	200	0	0
10.3179998	6.62669992	1.37800002	200	0	0
10.323	6.62639999	1.37800002	200	0	0
10.3330002	6.62629986	1.37699997	200	0	0
10.3299999	6.62659979	1.37699997	200	0	0
10.3310003	6.62650108	1.37699997	200	0	0
10.3529997	6.62539959	1.37	200	0	0
10.3430004	6.62599993	1.37600005	200	0	0
10.3540001	6.62549973	1.37	200	0	0
10.3509998	6.62590075	1.37300003	200	0	0
10.349	6.62580013	1.37199998	200	0	0
10.3599997	6.62530088	1.36899996	200	0	0
10.3710003	6.62520027	1.36800003	200	0	0
10.3149996	6.62680006	1.37899995	200	0	0
10.2980003	6.62739992	1.38100004	200	0	0
10.3009996	6.62729979	1.38	200	0	0
10.3059998	6.6269002	1.38	200	0	0
10.3059998	6.62719965	1.38	200	0	0
10.3070002	6.62709999	1.38	200	0	0
10.3140001	6.62700033	1.37899995	200	0	0
10.3199997	6.62669992	1.39600003	200	0	0
10.335	6.62610006	1.39499998	200	0	0
10.3210001	6.62659979	1.39600003	200	0	0
10.3319998	6.62619972	1.39499998	200	0	0
10.3330002	6.62650108	1.39499998	200	0	0
10.3330002	6.62629986	1.39499998	200	0	0
10.3299999	6.62639999	1.39499998	200	0	0
10.3249998	6.62599993	1.39600003	200	0	0
10.3409996	6.62590075	1.39300001	200	0	0
10.3610001	6.62539959	1.38699996	200	0	0
10.3610001	6.62549973	1.38699996	200	0	0
10.3430004	6.62580013	1.39100003	200	0	0
10.3769999	6.62520027	1.38499999	200	0	0
10.3629999	6.62530088	1.38699996	200	0	0
10.316	6.62680006	1.39699996	200	0	0
10.2989998	6.62739992	1.39900005	200	0	0
10.3120003	6.6269002	1.39699996	200	0	0
10.2959995	6.62709999	1.39900005	200	0	0
10.3190002	6.62700033	1.39699996	200	0	0
10.309	6.62729979	1.398	200	0	0
10.3079996	6.62719965	1.398	200	0	0
10.3570004	6.62549973	1.40600002	200	0	0
10.3660002	6.62539959	1.40499997	200	0	0
10.368	6.62530088	1.40499997	200	0	0
10.368	6.62520027	1.40499997	200	0	0
10.3219995	6.62650108	1.41499996	200	0	0
10.3430004	6.62580013	1.40900004	200	0	0
10.3269997	6.62639999	1.41400003	200	0	0
10.3369999	6.62590075	1.41100001	200	0	0
10.3369999	6.62599993	1.41299999	200	0	0
10.3299999	6.62629986	1.41400003	200	0	0
10.3299999	6.62610006	1.41400003	200	0	0
10.3319998	6.62619972	1.41299999	200	0	0
10.3100004	6.6269002	1.41600001	200	0	0
10.323	6.62700033	1.41400003	200	0	0
10.3140001	6.62680006	1.41499996	200	0	0
10.3170004	6.62659979	1.41499996	200	0	0
10.3199997	6.62669992	1.41499996	200	0	0
10.2989998	6.62709999	1.41700006	200	0	0
10.3109999	6.62719965	1.41600001	200	0	0
10.2939997	6.62739992	1.41700006	200	0	0
10.302	6.62729979	1.41700006	200	0	0
10.3140001	6.62680006	1.43400002	200	0	0
10.3369999	6.62619972	1.43099999	200	0	0
10.3409996	6.62629986	1.43099999	200	0	0
10.3170004	6.62669992	1.43299997	200	0	0
10.3199997	6.62659979	1.43299997	200	0	0
10.3290005	6.62639999	1.43200004	200	0	0
10.316	6.62650108	1.43299997	200	0	0
10.3109999	6.6269002	1.43400002	200	0	0
10.3000002	6.62709999	1.43499994	200	0	0
10.316	6.62700033	1.43299997	200	0	0
10.3030005	6.62729979	1.43499994	200	0	0
10.2989998	6.62719965	1.43499994	200	0	0
10.3529997	6.62549973	1.42499995	200	0	0
10.3360004	6.62599993	1.43099999	200	0	0
10.3409996	6.62590075	1.42900002	200	0	0
10.3389997	6.62580013	1.42799997	200	0	0
10.3330002	6.62610006	1.43200004	200	0	0
10.3590002	6.62520027	1.42400002	200	0	0
10.3629999	6.62530088	1.42400002	200	0	0
10.3629999	6.62539959	1.42400002	200	0	0
10.3310003	6.62639999	1.46800005	200	0	0
10.3360004	6.62629986	1.46800005	200	0	0
10.3360004	6.62619972	1.46800005	200	0	0
10.3400002	6.62580013	1.46399999	200	0	0
10.3369999	6.62610006	1.46800005	200	0	0
10.342	6.62599993	1.46700001	200	0	0
10.342	6.62590075	1.46500003	200	0	0
10.3280001	6.62650108	1.46899998	200	0	0
10.3059998	6.62700033	1.47099996	200	0	0
10.2980003	6.6269002	1.472	200	0	0
10.3140001	6.62659979	1.47000003	200	0	0
10.3179998	6.62680006	1.47000003	200	0	0
10.3170004	6.62669992	1.47000003	200	0	0
10.3699999	6.62520027	1.45899999	200	0	0
10.3590002	6.62530088	1.46099997	200	0	0
10.3500004	6.62549973	1.46099997	200	0	0
10.3590002	6.62539959	1.46099997	200	0	0
10.316	6.62709999	1.47000003	200	0	0
10.2950001	6.62719965	1.472	200	0	0
10.3030005	6.62729979	1.47099996	200	0	0
10.309	6.62739992	1.47000003	200	0	0
10.3319998	6.62629986	1.48599994	200	0	0
10.3120003	6.62700033	1.48800004	200	0	0
10.3190002	6.62639999	1.48800004	200	0	0
10.3360004	6.62650108	1.48599994	200	0	0
10.3260002	6.6269002	1.48699999	200	0	0
10.3109999	6.62680006	1.48800004	200	0	0
10.3249998	6.62659979	1.48699999	200	0	0
10.3210001	6.62669992	1.48699999	200	0	0
10.3400002	6.62580013	1.48199999	200	0	0
10.3389997	6.62599993	1.48599994	200	0	0
10.3339996	6.62619972	1.48599994	200	0	0
10.342	6.62590075	1.48399997	200	0	0
10.335	6.62610006	1.48599994	200	0	0
10.3570004	6.62549973	1.47899997	200	0	0
10.3610001	6.62520027	1.47899997	200	0	0
10.3549995	6.62530088	1.47899997	200	0	0
10.3610001	6.62539959	1.47899997	200	0	0
10.3070002	6.62709999	1.48899996	200	0	0
10.302	6.62719965	1.48899996	200	0	0
10.2969999	6.62729979	1.49000001	200	0	0
10.2930002	6.62739992	1.49000001	200	0	0
10.3479996	6.62580013	1.5	200	0	0
10.3710003	6.62520027	1.49600005	200	0	0
10.3620005	6.62530088	1.49699998	200	0	0
10.3599997	6.62539959	1.49699998	200	0	0
10.3590002	6.62549973	1.49699998	200	0	0
10.3199997	6.6269002	1.50600004	200	0	0
10.335	6.62610006	1.50399995	200	0	0
10.3190002	6.62680006	1.50600004	200	0	0
10.3260002	6.62619972	1.505	200	0	0
10.3070002	6.62659979	1.50699997	200	0	0
10.3199997	6.62629986	1.50600004	200	0	0
10.3240004	6.62669992	1.505	200	0	0
10.3179998	6.62650108	1.50600004	200	0	0
10.3310003	6.62639999	1.505	200	0	0
10.3409996	6.62599993	1.50399995	200	0	0
10.3459997	6.62590075	1.50199997	200	0	0
10.3009996	6.62719965	1.50800002	200	0	0
10.3140001	6.62709999	1.50600004	200	0	0
10.3140001	6.62700033	1.50600004	200	0	0
10.3030005	6.62739992	1.50699997	200	0	0
10.3009996	6.62729979	1.50800002	200	0	0
10.309	6.62719965	1.52499998	200	0	0
10.3219995	6.62639999	1.52400005	200	0	0
10.3120003	6.62709999	1.52499998	200	0	0
10.3199997	6.62650108	1.52400005	200	0	0
10.3030005	6.62700033	1.52600002	200	0	0
10.323	6.62659979	1.52400005	200	0	0
10.335	6.62669992	1.523	200	0	0
10.3129997	6.6269002	1.52499998	200	0	0
10.3140001	6.62680006	1.52499998	200	0	0
10.3479996	6.62580013	1.51800001	200	0	0
10.3369999	6.62590075	1.52100003	200	0	0
10.3459997	6.62599993	1.52199996	200	0	0
10.335	6.62629986	1.523	200	0	0
10.3319998	6.62619972	1.523	200	0	0
10.3389997	6.62610006	1.52199996	200	0	0
10.2980003	6.62729979	1.52600002	200	0	0
10.375	6.62520027	1.51400006	200	0	0
10.3649998	6.62530088	1.51499999	200	0	0
10.3660002	6.62539959	1.51499999	200	0	0
10.3579998	6.62549973	1.51600003	200	0	0
10.3450003	6.62599993	1.55799997	200	0	0
10.3219995	6.62669992	1.55999994	200	0	0
10.3479996	6.62610006	1.55799997	200	0	0
10.3240004	6.62659979	1.55999994	200	0	0
10.3330002	6.62619972	1.55900002	200	0	0
10.3210001	6.62650108	1.55999994	200	0	0
10.3280001	6.62639999	1.55999994	200	0	0
10.3409996	6.62629986	1.55799997	200	0	0
10.3500004	6.62590075	1.55599999	200	0	0
10.3520002	6.62580013	1.55400002	200	0	0
10.3660002	6.62539959	1.551	200	0	0
10.3590002	6.62549973	1.55200005	200	0	0
10.3170004	6.62680006	1.56099999	200	0	0
10.302	6.62739992	1.56200004	200	0	0
10.3000002	6.62729979	1.56200004	200	0	0
10.2989998	6.62719965	1.56200004	200	0	0
10.3179998	6.6269002	1.56099999	200	0	0
10.3079996	6.62709999	1.56099999	200	0	0
10.3120003	6.62700033	1.56099999	200	0	0
10.3620005	6.62530088	1.55200005	200	0	0
10.3450003	6.62590075	1.57500005	200	0	0
10.3240004	6.62659979	1.57799995	200	0	0
10.3459997	6.62599993	1.57599998	200	0	0
10.3260002	6.62650108	1.57799995	200	0	0
10.3409996	6.62610006	1.57700002	200	0	0
10.3310003	6.62639999	1.57799995	200	0	0
10.335	6.62619972	1.57700002	200	0	0
10.3330002	6.62629986	1.57700002	200	0	0
10.2969999	6.62729979	1.58099997	200	0	0
10.3179998	6.62669992	1.579	200	0	0
10.3030005	6.62719965	1.58000004	200	0	0
10.3149996	6.62680006	1.579	200	0	0
10.3039999	6.62709999	1.58000004	200	0	0
10.3030005	6.62700033	1.58000004	200	0	0
10.3100004	6.6269002	1.579	200	0	0
10.3649998	6.62539959	1.57000005	200	0	0
10.3640003	6.62549973	1.57000005	200	0	0
10.3409996	6.62580013	1.57299995	200	0	0
10.3649998	6.62530088	1.57000005	200	0	0
10.2980003	6.62739992	1.58000004	200	0	0
10.368	6.62539959	1.58800006	200	0	0
10.3369999	6.62599993	1.59500003	200	0	0
10.3400002	6.62590075	1.59300005	200	0	0
10.3470001	6.62580013	1.59099996	200	0	0
10.3669996	6.62530088	1.58800006	200	0	0
10.3000002	6.62719965	1.59800005	200	0	0
10.3249998	6.62650108	1.59599996	200	0	0
10.3219995	6.62659979	1.597	200	0	0
10.3079996	6.62709999	1.59800005	200	0	0
10.309	6.62700033	1.59800005	200	0	0
10.3190002	6.62669992	1.597	200	0	0
10.3179998	6.62680006	1.597	200	0	0
10.3149996	6.6269002	1.597	200	0	0
10.3240004	6.62639999	1.59599996	200	0	0
10.3319998	6.62629986	1.59599996	200	0	0
10.3319998	6.62619972	1.59599996	200	0	0
10.3369999	6.62610006	1.59500003	200	0	0
10.3190002	6.62680006	1.61500001	200	0	0
10.3170004	6.6269002	1.61500001	200	0	0
10.2989998	6.62739992	1.61699998	200	0	0
10.3079996	6.62700033	1.61600006	200	0	0
10.3039999	6.62729979	1.61600006	200	0	0
10.3109999	6.62709999	1.61600006	200	0	0
10.3050003	6.62719965	1.61600006	200	0	0
10.3409996	6.62599993	1.61300004	200	0	0
10.3179998	6.62669992	1.61500001	200	0	0
10.3330002	6.62610006	1.61399996	200	0	0
10.3360004	6.62619972	1.61399996	200	0	0
10.3249998	6.62659979	1.61399996	200	0	0
10.3310003	6.62629986	1.61399996	200	0	0
10.3249998	6.62650108	1.61399996	200	0	0
10.3269997	6.62639999	1.61399996	200	0	0
10.3640003	6.62539959	1.60599995	200	0	0
10.3470001	6.62590075	1.61099994	200	0	0
10.3459997	6.62580013	1.60899997	200	0	0
10.3699999	6.62530088	1.60599995	200	0	0
10.368	6.62520027	1.60599995	200	0	0
10.3190002	6.62659979	1.63300002	200	0	0
10.3610001	6.62539959	1.625	200	0	0
10.3280001	6.62650108	1.63199997	200	0	0
10.335	6.62639999	1.63199997	200	0	0
10.3339996	6.62629986	1.63199997	200	0	0
10.335	6.62619972	1.63199997	200	0	0
10.3400002	6.62610006	1.63100004	200	0	0
10.3439999	6.62599993	1.63100004	200	0	0
10.3559999	6.62580013	1.62699997	200	0	0
10.3439999	6.62590075	1.62899995	200	0	0
10.3070002	6.62729979	1.63399994	200	0	0
10.3050003	6.62719965	1.63399994	200	0	0
10.3129997	6.62709999	1.63399994	200	0	0
10.3109999	6.62700033	1.63399994	200	0	0
10.316	6.6269002	1.63300002	200	0	0
10.3149996	6.62669992	1.63399994	200	0	0
10.316	6.62680006	1.63300002	200	0	0
10.302	6.62739992	1.63499999	200	0	0
10.335	6.62619972	1.66799998	200	0	0
10.342	6.62610006	1.66799998	200	0	0
10.3439999	6.62599993	1.66700006	200	0	0
10.3529997	6.62590075	1.66499996	200	0	0
10.3559999	6.62580013	1.66299999	200	0	0
10.3179998	6.6269002	1.66999996	200	0	0
10.3389997	6.62629986	1.66799998	200	0	0
10.3149996	6.62680006	1.66999996	200	0	0
10.3369999	6.62639999	1.66799998	200	0	0
10.3260002	6.62669992	1.66900003	200	0	0
10.3330002	6.62650108	1.66799998	200	0	0
10.335	6.62659979	1.66799998	200	0	0
10.3179998	6.62700033	1.66999996	200	0	0
10.3109999	6.62709999	1.66999996	200	0	0
10.3100004	6.62739992	1.66999996	200	0	0
10.3070002	6.62719965	1.66999996	200	0	0
10.3649998	6.62539959	1.66100001	200	0	0
10.3730001	6.62520027	1.67799997	200	0	0
10.3730001	6.62549973	1.67900002	200	0	0
10.3319998	6.62629986	1.68700004	200	0	0
10.3380003	6.62619972	1.68599999	200	0	0
10.3380003	6.62610006	1.68599999	200	0	0
10.3450003	6.62599993	1.68599999	200	0	0
10.3529997	6.62580013	1.68200004	200	0	0
10.3439999	6.62590075	1.68400002	200	0	0
10.3269997	6.6269002	1.68700004	200	0	0
10.3059998	6.62739992	1.68900001	200	0	0
10.3129997	6.62700033	1.68799996	200	0	0
10.3070002	6.62729979	1.68900001	200	0	0
10.3120003	6.62709999	1.68799996	200	0	0
10.3050003	6.62719965	1.68900001	200	0	0
10.3179998	6.62680006	1.68799996	200	0	0
10.323	6.62669992	1.68700004	200	0	0
10.3299999	6.62639999	1.68700004	200	0	0
10.3240004	6.62659979	1.68700004	200	0	0
10.3319998	6.62650108	1.68700004	200	0	0
10.3360004	6.62639999	1.70500004	200	0	0
10.3100004	6.62709999	1.70700002	200	0	0
10.3299999	6.62650108	1.70500004	200	0	0
10.3120003	6.62700033	1.70599997	200	0	0
10.3260002	6.62659979	1.70500004	200	0	0
10.3120003	6.6269002	1.70599997	200	0	0
10.3199997	6.62680006	1.70599997	200	0	0
10.3240004	6.62669992	1.70500004	200	0	0
10.3059998	6.62719965	1.70700002	200	0	0
10.2969999	6.62729979	1.70799994	200	0	0
10.3100004	6.62739992	1.70700002	200	0	0
10.3430004	6.62629986	1.704	200	0	0
10.3389997	6.62619972	1.704	200	0	0
10.3400002	6.62610006	1.704	200	0	0
10.342	6.62599993	1.704	200	0	0
10.3459997	6.62590075	1.70200002	200	0	0
10.3479996	6.62580013	1.70000005	200	0	0
10.3549995	6.62520027	1.69799995	200	0	0
10.3699999	6.62549973	1.69700003	200	0	0
10.3579998	6.62580013	1.75399995	200	0	0
10.3290005	6.62650108	1.75999999	200	0	0
10.3210001	6.62680006	1.74199998	200	0	0
10.3520002	6.62590075	1.75600004	200	0	0
10.3330002	6.62639999	1.75899994	200	0	0
10.3470001	6.62599993	1.75800002	200	0	0
10.3409996	6.62610006	1.75899994	200	0	0
10.3400002	6.62629986	1.75899994	200	0	0
10.3400002	6.62619972	1.75899994	200	0	0
10.3260002	6.62669992	1.74199998	200	0	0
10.3290005	6.62659979	1.74100006	200	0	0
10.3509998	6.62580013	1.73599994	200	0	0
10.3310003	6.62650108	1.74100006	200	0	0
10.349	6.62590075	1.73800004	200	0	0
10.3310003	6.62639999	1.74100006	200	0	0
10.3459997	6.62599993	1.74000001	200	0	0
10.3330002	6.62629986	1.74100006	200	0	0
10.3450003	6.62610006	1.74000001	200	0	0
10.3369999	6.62619972	1.74100006	200	0	0
10.3690004	6.62549973	1.73399997	200	0	0
10.368	6.62549973	1.75199997	200	0	0
10.3830004	6.62520027	1.73199999	200	0	0
10.3030005	6.62719965	1.76100004	200	0	0
10.3299999	6.62659979	1.75999999	200	0	0
10.3079996	6.62709999	1.76100004	200	0	0
10.3339996	6.62669992	1.75899994	200	0	0
10.3140001	6.62700033	1.76100004	200	0	0
10.3219995	6.62680006	1.75999999	200	0	0
10.316	6.6269002	1.75999999	200	0	0
10.3070002	6.62739992	1.74300003	200	0	0
10.3050003	6.62729979	1.74300003	200	0	0
10.3100004	6.62719965	1.74300003	200	0	0
10.3149996	6.62709999	1.74199998	200	0	0
10.3149996	6.62700033	1.74199998	200	0	0
10.3179998	6.6269002	1.74199998	200	0	0
10.3050003	6.62729979	1.76100004	200	0	0
10.3059998	6.62739992	1.76100004	200	0	0
10.3649998	6.62520027	1.75199997	200	0	0
10.3699999	6.62549973	1.76999998	200	0	0
10.3859997	6.62530088	1.76900005	200	0	0
10.3649998	6.62520027	1.76999998	200	0	0
10.3339996	6.62669992	1.77699995	200	0	0
10.3470001	6.62590075	1.77499998	200	0	0
10.3319998	6.62659979	1.778	200	0	0
10.3380003	6.62599993	1.77699995	200	0	0
10.3269997	6.62650108	1.778	200	0	0
10.3430004	6.62610006	1.77699995	200	0	0
10.3290005	6.62639999	1.778	200	0	0
10.3409996	6.62619972	1.77699995	200	0	0
10.3319998	6.62629986	1.778	200	0	0
10.3509998	6.62580013	1.773	200	0	0
10.3050003	6.62719965	1.77900004	200	0	0
10.3140001	6.62709999	1.77900004	200	0	0
10.3129997	6.62700033	1.77900004	200	0	0
10.316	6.6269002	1.77900004	200	0	0
10.3199997	6.62680006	1.778	200	0	0
10.2980003	6.62729979	1.77999997	200	0	0
10.2989998	6.62739992	1.77999997	200	0	0
10.3529997	6.62599993	1.79400003	200	0	0
10.3219995	6.62669992	1.796	200	0	0
10.342	6.62610006	1.79499996	200	0	0
10.3280001	6.62659979	1.796	200	0	0
10.3360004	6.62619972	1.79499996	200	0	0
10.3260002	6.62650108	1.796	200	0	0
10.3319998	6.62629986	1.796	200	0	0
10.3360004	6.62639999	1.79499996	200	0	0
10.3039999	6.62739992	1.79799998	200	0	0
10.3219995	6.62680006	1.796	200	0	0
10.3050003	6.62729979	1.79700005	200	0	0
10.3199997	6.6269002	1.796	200	0	0
10.3039999	6.62719965	1.79799998	200	0	0
10.3100004	6.62700033	1.79700005	200	0	0
10.3100004	6.62709999	1.79700005	200	0	0
10.349	6.62590075	1.79299998	200	0	0
10.3470001	6.62580013	1.79100001	200	0	0
10.3640003	6.62549973	1.78799999	200	0	0
10.3839998	6.62520027	1.78699994	200	0	0
10.3640003	6.62530088	1.78799999	200	0	0
10.3389997	6.62599993	1.85000002	200	0	0
10.3450003	6.62590075	1.84800005	200	0	0
10.3640003	6.62549973	1.84300005	200	0	0
10.3739996	6.62520027	1.824	200	0	0
10.3439999	6.62629986	1.83099997	200	0	0
10.3310003	6.62619972	1.83200002	200	0	0
10.3529997	6.62580013	1.84500003	200	0	0
10.3509998	6.62610006	1.83099997	200	0	0
10.3470001	6.62599993	1.83099997	200	0	0
10.3780003	6.62549973	1.824	200	0	0
10.3380003	6.62580013	1.82799995	200	0	0
10.3470001	6.62590075	1.829	200	0	0
10.3439999	6.62610006	1.84899998	200	0	0
10.3190002	6.62680006	1.85099995	200	0	0
10.3109999	6.62709999	1.83299994	200	0	0
10.3389997	6.62619972	1.85000002	200	0	0
10.3240004	6.62669992	1.85099995	200	0	0
10.3310003	6.62629986	1.85000002	200	0	0
10.3240004	6.62639999	1.85099995	200	0	0
10.3310003	6.62659979	1.85000002	200	0	0
10.3109999	6.62700033	1.83299994	200	0	0
10.3269997	6.62650108	1.85000002	200	0	0
10.3149996	6.6269002	1.83299994	200	0	0
10.3120003	6.62680006	1.83299994	200	0	0
10.3299999	6.62669992	1.83200002	200	0	0
10.3339996	6.62659979	1.83200002	200	0	0
10.3319998	6.62639999	1.83200002	200	0	0
10.3260002	6.62650108	1.83200002	200	0	0
10.375	6.62520027	1.84200001	200	0	0
10.3699999	6.62530088	1.84300005	200	0	0
10.3149996	6.6269002	1.85099995	200	0	0
10.3140001	6.62700033	1.85099995	200	0	0
10.3070002	6.62709999	1.852	200	0	0
10.3050003	6.62729979	1.852	200	0	0
10.3059998	6.62719965	1.852	200	0	0
10.309	6.62739992	1.83299994	200	0	0
10.3050003	6.62719965	1.83399999	200	0	0
10.3079996	6.62729979	1.83299994	200	0	0
10.3719997	6.62520027	1.86099994	200	0	0
10.3610001	6.62530088	1.86099994	200	0	0
10.3629999	6.62539959	1.86099994	200	0	0
10.3339996	6.62629986	1.86800003	200	0	0
10.3179998	6.62700033	1.86899996	200	0	0
10.3140001	6.6269002	1.86899996	200	0	0
10.3360004	6.62639999	1.86800003	200	0	0
10.3129997	6.62680006	1.86899996	200	0	0
10.3290005	6.62650108	1.86800003	200	0	0
10.3240004	6.62669992	1.86899996	200	0	0
10.3299999	6.62659979	1.86800003	200	0	0
10.3319998	6.62619972	1.86800003	200	0	0
10.3330002	6.62610006	1.86800003	200	0	0
10.3439999	6.62599993	1.86699998	200	0	0
10.3479996	6.62590075	1.86600006	200	0	0
10.349	6.62580013	1.86399996	200	0	0
10.302	6.62729979	1.87	200	0	0
10.3070002	6.62709999	1.87	200	0	0
10.3050003	6.62719965	1.87	200	0	0
10.3330002	6.62629986	1.88600004	200	0	0
10.3400002	6.62619972	1.88600004	200	0	0
10.3380003	6.62610006	1.88600004	200	0	0
10.342	6.62599993	1.88600004	200	0	0
10.349	6.62590075	1.88399994	200	0	0
10.3540001	6.62580013	1.88199997	200	0	0
10.3129997	6.62709999	1.88699996	200	0	0
10.3039999	6.62700033	1.88800001	200	0	0
10.3290005	6.62639999	1.88699996	200	0	0
10.3140001	6.6269002	1.88699996	200	0	0
10.3260002	6.62650108	1.88699996	200	0	0
10.3260002	6.62659979	1.88699996	200	0	0
10.3219995	6.62680006	1.88699996	200	0	0
10.3210001	6.62669992	1.88699996	200	0	0
10.3050003	6.62719965	1.88800001	200	0	0
10.3109999	6.62729979	1.88800001	200	0	0
10.2959995	6.62739992	1.88800001	200	0	0
10.3660002	6.62539959	1.87899995	200	0	0
10.3730001	6.62520027	1.87899995	200	0	0
10.3330002	6.62639999	1.94099998	200	0	0
10.3170004	6.62659979	1.92299998	200	0	0
10.3319998	6.62629986	1.94099998	200	0	0
10.3459997	6.62619972	1.94000006	200	0	0
10.3299999	6.62610006	1.94099998	200	0	0
10.3540001	6.62539959	1.91600001	200	0	0
10.3210001	6.62650108	1.92299998	200	0	0
10.3409996	6.62599993	1.94000006	200	0	0
10.3479996	6.62590075	1.93799996	200	0	0
10.349	6.62580013	1.93599999	200	0	0
10.3299999	6.62639999	1.92299998	200	0	0
10.3430004	6.62629986	1.92200005	200	0	0
10.3339996	6.62619972	1.92200005	200	0	0
10.3360004	6.62610006	1.92200005	200	0	0
10.3430004	6.62599993	1.92200005	200	0	0
10.3389997	6.62580013	1.91900003	200	0	0
10.3450003	6.62590075	1.91999996	200	0	0
10.368	6.62530088	1.91600001	200	0	0
10.3669996	6.62520027	1.93400002	200	0	0
10.368	6.62530088	1.93400002	200	0	0
10.3570004	6.62539959	1.93400002	200	0	0
10.3690004	6.62520027	1.91600001	200	0	0
10.3249998	6.62669992	1.92299998	200	0	0
10.3009996	6.62739992	1.92400002	200	0	0
10.3109999	6.62709999	1.94200003	200	0	0
10.3339996	6.62650108	1.94099998	200	0	0
10.3079996	6.62700033	1.94200003	200	0	0
10.3219995	6.62659979	1.94099998	200	0	0
10.3129997	6.6269002	1.94200003	200	0	0
10.3210001	6.62669992	1.94099998	200	0	0
10.3000002	6.62729979	1.92400002	200	0	0
10.3219995	6.62680006	1.94099998	200	0	0
10.3059998	6.62719965	1.92400002	200	0	0
10.3070002	6.62709999	1.92400002	200	0	0
10.3079996	6.62700033	1.92400002	200	0	0
10.3170004	6.6269002	1.92299998	200	0	0
10.3190002	6.62680006	1.92299998	200	0	0
10.302	6.62719965	1.94200003	200	0	0
10.3000002	6.62729979	1.94200003	200	0	0
10.3559999	6.62549973	1.95299995	200	0	0
10.3570004	6.62530088	1.95299995	200	0	0
10.3629999	6.62539959	1.95200002	200	0	0
10.335	6.62590075	1.95700002	200	0	0
10.3190002	6.62659979	1.95899999	200	0	0
10.3369999	6.62599993	1.95899999	200	0	0
10.3170004	6.62650108	1.96000004	200	0	0
10.3380003	6.62610006	1.95799994	200	0	0
10.3260002	6.62639999	1.95899999	200	0	0
10.3339996	6.62619972	1.95899999	200	0	0
10.3299999	6.62629986	1.95899999	200	0	0
10.3190002	6.62669992	1.95899999	200	0	0
10.3120003	6.62680006	1.96000004	200	0	0
10.3039999	6.62709999	1.96000004	200	0	0
10.3039999	6.6269002	1.96000004	200	0	0
10.3059998	6.62700033	1.96000004	200	0	0
10.3459997	6.62580013	1.95500004	200	0	0
10.2910004	6.62739992	1.96099997	200	0	0
10.3109999	6.62659979	1.97800004	200	0	0
10.335	6.62590075	1.97500002	200	0	0
10.3120003	6.62650108	1.97800004	200	0	0
10.3369999	6.62599993	1.977	200	0	0
10.3190002	6.62639999	1.97800004	200	0	0
10.3310003	6.62610006	1.977	200	0	0
10.3360004	6.62619972	1.977	200	0	0
10.3319998	6.62629986	1.977	200	0	0
10.3409996	6.62580013	1.97300005	200	0	0
10.3509998	6.62549973	1.97099996	200	0	0
10.349	6.62539959	1.97099996	200	0	0
10.3129997	6.62669992	1.97800004	200	0	0
10.3070002	6.62680006	1.97800004	200	0	0
10.2959995	6.62729979	1.97899997	200	0	0
10.2930002	6.62719965	1.97899997	200	0	0
10.2950001	6.62700033	1.97899997	200	0	0
10.3009996	6.6269002	1.97800004	200	0	0
10.2950001	6.62709999	1.97899997	200	0	0
10.3570004	6.62530088	1.97099996	200	0	0
10.3389997	6.62590075	2.01099992	200	0	0
10.3330002	6.62599993	2.01300001	200	0	0
10.3290005	6.62619972	2.01300001	200	0	0
10.3260002	6.62629986	2.01300001	200	0	0
10.3549995	6.62549973	2.00699997	200	0	0
10.3629999	6.62520027	2.0250001	200	0	0
