-6.81099987	66336	0.224999994	200	0	0
-6.80600023	66342	0.148000002	200	0	0
-6.80600023	66345	0.187999994	200	0	0
-6.80499983	66339	0.135000005	200	0	0
-6.80900002	66338	0.133000001	200	0	0
-6.80999994	66345	0.199000001	200	0	0
-6.79199982	66343	0.165999994	200	0	0
-6.8119998	66336	0.131999999	200	0	0
-6.80499983	66341	0.148000002	200	0	0
-6.80700016	66337	0.134000003	200	0	0
-6.81500006	66340.0078	0.144999996	200	0	0
-6.80800009	66344	0.187000006	200	0	0
-6.79400015	66342	0.165000007	200	0	0
-6.81400013	66344	0.197999999	200	0	0
-6.8039999	66339	0.149000004	200	0	0
-6.81099987	66344	0.211999997	200	0	0
-6.8039999	66341	0.162	200	0	0
-6.80900002	66338	0.147	200	0	0
-6.80999994	66343	0.186000004	200	0	0
-6.80700016	66337	0.147	200	0	0
-6.80499983	66336	0.148000002	200	0	0
-6.80600023	66340.0078	0.160999998	200	0	0
-6.80800009	66343	0.200000003	200	0	0
-6.81500006	66342	0.184	200	0	0
-6.80800009	66339	0.159999996	200	0	0
-6.80999994	66343	0.213	200	0	0
-6.80499983	66338	0.160999998	200	0	0
-6.80800009	66337	0.159999996	200	0	0
-6.80200005	66342	0.202000007	200	0	0
-6.80600023	66336	0.160999998	200	0	0
-6.80100012	66341	0.188999996	200	0	0
-6.80999994	66342	0.213	200	0	0
-6.81799984	66340.0078	0.182999998	200	0	0
-6.8130002	66341	0.197999999	200	0	0
-6.8130002	66341	0.224999994	200	0	0
-6.80999994	66339	0.186000004	200	0	0
-6.8119998	66340.0078	0.199000001	200	0	0
-6.79899979	66338	0.189999998	200	0	0
-6.80600023	66340.0078	0.214000002	200	0	0
-6.8130002	66336	0.185000002	200	0	0
-6.80900002	66337	0.187000006	200	0	0
-6.80800009	66339	0.200000003	200	0	0
-6.80100012	66339	0.215000004	200	0	0
-6.80999994	66338	0.199000001	200	0	0
-6.80800009	66339	0.225999996	200	0	0
-6.81099987	66337	0.199000001	200	0	0
-6.81099987	66336	0.199000001	200	0	0
-6.80800009	66338	0.213	200	0	0
-6.81699991	66338	0.224000007	200	0	0
-6.80999994	66337	0.213	200	0	0
-6.80900002	66336	0.213	200	0	0
-6.81599998	66337	0.224000007	200	0	0
-6.81099987	66336	0.224999994	200	0	0
-6.81099987	66351	0.184	200	0	0
-6.79899979	66350	0.202000007	200	0	0
-6.80900002	66349	0.211999997	200	0	0
-6.80800009	66351	0.119000003	200	0	0
-6.83099985	66337	0.0719999969	200	0	0
-6.80700016	66351	0.133000001	200	0	0
-6.79300022	66351	0.150999993	200	0	0
-6.80800009	66348	0.213	200	0	0
-6.8119998	66350	0.184	200	0	0
-6.81599998	66346	0.224000007	200	0	0
-6.8130002	66349	0.196999997	200	0	0
-6.8119998	66350	0.118000001	200	0	0
-6.80600023	66347	0.214000002	200	0	0
-6.80999994	66350	0.131999999	200	0	0
-6.80299997	66350	0.160999998	200	0	0
-6.79699993	66350	0.150000006	200	0	0
-6.80700016	66348	0.200000003	200	0	0
-6.81400013	66349	0.182999998	200	0	0
-6.80700016	66346	0.213	200	0	0
-6.80800009	66347	0.200000003	200	0	0
-6.80299997	66349	0.134000003	200	0	0
-6.81099987	66348	0.186000004	200	0	0
-6.80600023	66349	0.159999996	200	0	0
-6.82399988	66336	0.115000002	200	0	0
-6.80499983	66349	0.147	200	0	0
-6.80700016	66346	0.200000003	200	0	0
-6.81099987	66347	0.186000004	200	0	0
-6.81099987	66348	0.133000001	200	0	0
-6.8119998	66348	0.158999994	200	0	0
-6.80999994	66346	0.186000004	200	0	0
-6.8039999	66347	0.162	200	0	0
-6.80800009	66347	0.134000003	200	0	0
-6.80999994	66347	0.147	200	0	0
-6.80200005	66346	0.162	200	0	0
-6.80700016	66346	0.134000003	200	0	0
-6.8119998	66345	0.119000003	200	0	0
-6.80299997	66346	0.149000004	200	0	0
-6.80800009	66344	0.120999999	200	0	0
-6.80299997	66345	0.162	200	0	0
-6.80499983	66345	0.135000005	200	0	0
-6.8119998	66341	0.119000003	200	0	0
-6.80900002	66345	0.147	200	0	0
-6.81599998	66344	0.130999997	200	0	0
-6.82200003	66341	0.128999993	200	0	0
-6.81099987	66344	0.158999994	200	0	0
-6.81799984	66342	0.129999995	200	0	0
-6.80600023	66344	0.148000002	200	0	0
-6.79400015	66343	0.151999995	200	0	0
-6.796	66354	0.150000006	200	0	0
-6.78599977	66354	0.218999997	200	0	0
-6.80299997	66353.0078	0.134000003	200	0	0
-6.79099989	66354	0.165000007	200	0	0
-6.796	66354	0.202999994	200	0	0
-6.80000019	66354	0.187999994	200	0	0
-6.79699993	66353.0078	0.150000006	200	0	0
-6.80000019	66353.0078	0.162	200	0	0
-6.80299997	66353.0078	0.214000002	200	0	0
-6.80200005	66353.0078	0.201000005	200	0	0
-6.80600023	66352	0.147	200	0	0
-6.80000019	66353.0078	0.187999994	200	0	0
-6.78999996	66352	0.217999995	200	0	0
-6.80000019	66352	0.162	200	0	0
-6.79899979	66352	0.202000007	200	0	0
-6.80700016	66352	0.186000004	200	0	0
-6.81599998	66351	0.222000003	200	0	0
-6.80900002	66351	0.211999997	200	0	0
-6.80700016	66351	0.199000001	200	0	0
-6.80200005	66350	0.214000002	200	0	0
-6.80499983	66360	0.225999996	200	0	0
-6.79400015	66360	0.150999993	200	0	0
-6.80999994	66359.0078	0.131999999	200	0	0
-6.80499983	66358	0.119999997	200	0	0
-6.80700016	66360	0.211999997	200	0	0
-6.79899979	66360	0.162	200	0	0
-6.80999994	66360	0.197999999	200	0	0
-6.79699993	66354	0.268000007	200	0	0
-6.80499983	66360	0.186000004	200	0	0
-6.80999994	66357	0.118000001	200	0	0
-6.796	66359.0078	0.150000006	200	0	0
-6.80900002	66358	0.131999999	200	0	0
-6.80000019	66359.0078	0.215000004	200	0	0
-6.80299997	66359.0078	0.160999998	200	0	0
-6.80900002	66356	0.119000003	200	0	0
-6.80700016	66359.0078	0.199000001	200	0	0
-6.81400013	66358	0.223000005	200	0	0
-6.80800009	66359.0078	0.185000002	200	0	0
-6.80100012	66358	0.148000002	200	0	0
-6.79699993	66357	0.136000007	200	0	0
-6.80600023	66358	0.213	200	0	0
-6.8039999	66358	0.159999996	200	0	0
-6.79500008	66358	0.189999998	200	0	0
-6.80499983	66358	0.199000001	200	0	0
-6.80600023	66356	0.133000001	200	0	0
-6.80000019	66357	0.149000004	200	0	0
-6.78299999	66354	0.128000006	200	0	0
-6.79899979	66357	0.215000004	200	0	0
-6.80700016	66353.0078	0.119999997	200	0	0
-6.78800011	66357	0.165999994	200	0	0
-6.80600023	66355	0.133000001	200	0	0
-6.79099989	66357	0.191	200	0	0
-6.80100012	66356	0.148000002	200	0	0
-6.80499983	66357	0.199000001	200	0	0
-6.80499983	66355	0.225999996	200	0	0
-6.8039999	66356	0.213	200	0	0
-6.80200005	66356	0.160999998	200	0	0
-6.80100012	66355	0.148000002	200	0	0
-6.80499983	66356	0.199000001	200	0	0
-6.80499983	66356	0.186000004	200	0	0
-6.80700016	66355	0.211999997	200	0	0
-6.80299997	66355	0.160999998	200	0	0
-6.80700016	66355	0.199000001	200	0	0
-6.80700016	66355	0.186000004	200	0	0
-6.80200005	66354	0.293000013	200	0	0
-6.80999994	66360	0.131999999	200	0	0
-6.78800011	66354	0.0729999989	200	0	0
-6.76599979	66354	0.0939999968	200	0	0
-6.80600023	66363	0.186000004	200	0	0
-6.80100012	66361	0.214000002	200	0	0
-6.8039999	66362	0.200000003	200	0	0
-6.81400013	66363	0.129999995	200	0	0
-6.80800009	66363	0.145999998	200	0	0
-6.80000019	66363	0.162	200	0	0
-6.80200005	66362	0.187000006	200	0	0
-6.81099987	66362	0.118000001	200	0	0
-6.80499983	66361	0.199000001	200	0	0
-6.79300022	66362	0.137999997	200	0	0
-6.79899979	66362	0.162	200	0	0
-6.79400015	66362	0.150999993	200	0	0
-6.80700016	66361	0.186000004	200	0	0
-6.80200005	66361	0.120999999	200	0	0
-6.80000019	66361	0.135000005	200	0	0
-6.80000019	66361	0.162	200	0	0
-6.79699993	66361	0.150000006	200	0	0
-6.81500006	66363	0.223000005	200	0	0
-6.8039999	66363	0.200000003	200	0	0
-6.80600023	66363	0.211999997	200	0	0
-6.8119998	66362	0.224000007	200	0	0
-6.8039999	66362	0.213	200	0	0
-6.79300022	66366	0.150999993	200	0	0
-6.80000019	66367	0.162	200	0	0
-6.80000019	66369	0.201000005	200	0	0
-6.80499983	66368	0.186000004	200	0	0
-6.80299997	66366	0.160999998	200	0	0
-6.796	66364	0.150000006	200	0	0
-6.80900002	66368	0.197999999	200	0	0
-6.80000019	66365.0078	0.162	200	0	0
-6.80600023	66367	0.186000004	200	0	0
-6.80600023	66364	0.159999996	200	0	0
-6.80200005	66367	0.200000003	200	0	0
-6.8119998	66366	0.184	200	0	0
-6.8039999	66367	0.213	200	0	0
-6.8130002	66367	0.223000005	200	0	0
-6.80800009	66366	0.199000001	200	0	0
-6.80499983	66365.0078	0.186000004	200	0	0
-6.80100012	66366	0.214000002	200	0	0
-6.79500008	66365.0078	0.202999994	200	0	0
-6.80299997	66364	0.187000006	200	0	0
-6.80100012	66365.0078	0.214000002	200	0	0
-6.80200005	66364	0.201000005	200	0	0
-6.80200005	66364	0.214000002	200	0	0
-6.81500006	66364	0.223000005	200	0	0
-6.796	66369	0.136000007	200	0	0
-6.79699993	66369	0.163000003	200	0	0
-6.79500008	66369	0.150000006	200	0	0
-6.76900005	66366	0.0930000022	200	0	0
-6.80299997	66368	0.120999999	200	0	0
-6.80299997	66368	0.134000003	200	0	0
-6.796	66368	0.163000003	200	0	0
-6.80299997	66368	0.147	200	0	0
-6.81099987	66367	0.118000001	200	0	0
-6.80499983	66367	0.133000001	200	0	0
-6.8039999	66367	0.147	200	0	0
-6.80900002	66366	0.119000003	200	0	0
-6.8039999	66366	0.134000003	200	0	0
-6.81099987	66365.0078	0.131999999	200	0	0
-6.80800009	66364	0.119000003	200	0	0
-6.8039999	66364	0.134000003	200	0	0
-6.79799986	66354	0.319999993	200	0	0
-6.80499983	66372	0.225999996	200	0	0
-6.79699993	66372	0.150000006	200	0	0
-6.80800009	66371	0.131999999	200	0	0
-6.8039999	66370	0.120999999	200	0	0
-6.80200005	66372	0.214000002	200	0	0
-6.79199982	66372	0.164000005	200	0	0
-6.80200005	66372	0.200000003	200	0	0
-6.79799986	66371	0.228	200	0	0
-6.80800009	66372	0.185000002	200	0	0
-6.80499983	66371	0.147	200	0	0
-6.80200005	66370	0.134000003	200	0	0
-6.80299997	66371	0.213	200	0	0
-6.79799986	66371	0.162	200	0	0
-6.80900002	66371	0.197999999	200	0	0
-6.80700016	66371	0.186000004	200	0	0
-6.79899979	66370	0.149000004	200	0	0
-6.79699993	66370	0.163000003	200	0	0
-6.80600023	66370	0.199000001	200	0	0
-6.80499983	66370	0.186000004	200	0	0
-6.79799986	66372	0.136000007	200	0	0
-6.80700016	66371	0.119000003	200	0	0
-6.80499983	66373	0.211999997	200	0	0
-6.8119998	66375	0.116999999	200	0	0
-6.80499983	66375	0.185000002	200	0	0
-6.80499983	66374	0.197999999	200	0	0
-6.8039999	66375	0.133000001	200	0	0
-6.79899979	66375	0.160999998	200	0	0
-6.79899979	66375	0.147	200	0	0
-6.80800009	66374	0.184	200	0	0
-6.80100012	66374	0.120999999	200	0	0
-6.80999994	66373	0.196999997	200	0	0
-6.80000019	66374	0.134000003	200	0	0
-6.79099989	66374	0.164000005	200	0	0
-6.79799986	66374	0.148000002	200	0	0
-6.80900002	66373	0.184	200	0	0
-6.80100012	66373	0.134000003	200	0	0
-6.79699993	66373	0.162	200	0	0
-6.80000019	66373	0.147	200	0	0
-6.80299997	66376	0.119999997	200	0	0
-6.79500008	66376	0.202000007	200	0	0
-6.80100012	66375	0.213	200	0	0
-6.79300022	66376	0.136000007	200	0	0
-6.80000019	66376	0.187000006	200	0	0
-6.80900002	66374	0.223000005	200	0	0
-6.79799986	66376	0.148000002	200	0	0
-6.79300022	66375	0.202999994	200	0	0
-6.80299997	66376	0.158999994	200	0	0
-6.80100012	66373	0.225999996	200	0	0
-6.79899979	66374	0.214000002	200	0	0
-6.79799986	66378.0078	0.160999998	200	0	0
-6.79899979	66377	0.147	200	0	0
-6.80100012	66378.0078	0.187000006	200	0	0
-6.80299997	66378.0078	0.211999997	200	0	0
-6.79799986	66378.0078	0.201000005	200	0	0
-6.796	66377	0.162	200	0	0
-6.79799986	66377	0.226999998	200	0	0
-6.79500008	66377	0.188999996	200	0	0
-6.80299997	66377	0.211999997	200	0	0
-6.80100012	66377	0.200000003	200	0	0
-6.79899979	66376	0.214000002	200	0	0
-6.80100012	66378.0078	0.147	200	0	0
-6.80100012	66378.0078	0.134000003	200	0	0
-6.80299997	66377	0.133000001	200	0	0
-6.796	66379	0.149000004	200	0	0
-6.80000019	66381	0.187000006	200	0	0
-6.79500008	66381	0.202000007	200	0	0
-6.79099989	66381	0.216000006	200	0	0
-6.8039999	66381	0.224999994	200	0	0
-6.79699993	66380	0.187999994	200	0	0
-6.80499983	66380	0.197999999	200	0	0
-6.79699993	66380	0.214000002	200	0	0
-6.80499983	66379	0.185000002	200	0	0
-6.79699993	66379	0.201000005	200	0	0
-6.8039999	66379	0.211999997	200	0	0
-6.80999994	66381	0.129999995	200	0	0
-6.79899979	66381	0.160999998	200	0	0
-6.79799986	66381	0.148000002	200	0	0
-6.80100012	66380	0.120999999	200	0	0
-6.8039999	66380	0.133000001	200	0	0
-6.79899979	66380	0.147	200	0	0
-6.80000019	66379	0.134000003	200	0	0
-6.82600021	66382	0.244000003	200	0	0
-6.80600023	66382	0.185000002	200	0	0
-6.80499983	66382	0.197999999	200	0	0
-6.80700016	66382	0.224000007	200	0	0
-6.80299997	66382	0.211999997	200	0	0
-6.79799986	66384.0078	0.149000004	200	0	0
-6.79400015	66383	0.164000005	200	0	0
-6.80200005	66384.0078	0.135000005	200	0	0
-6.796	66383	0.150000006	200	0	0
-6.79099989	66382	0.164000005	200	0	0
-6.80200005	66383	0.135000005	200	0	0
-6.79699993	66382	0.148000002	200	0	0
-6.79799986	66382	0.135000005	200	0	0
-6.80499983	66382	0.119000003	200	0	0
-6.78999996	66384.0078	0.217999995	200	0	0
-6.78599977	66384.0078	0.165999994	200	0	0
-6.80000019	66384.0078	0.201000005	200	0	0
-6.79300022	66384.0078	0.189999998	200	0	0
-6.80600023	66383	0.225999996	200	0	0
-6.79500008	66383	0.216000006	200	0	0
-6.80600023	66383	0.199000001	200	0	0
-6.80100012	66383	0.187999994	200	0	0
-6.79899979	66385	0.162	200	0	0
-6.79699993	66385	0.149000004	200	0	0
-6.80700016	66385	0.133000001	200	0	0
-6.80100012	66385	0.122000001	200	0	0
-6.79699993	66386	0.202000007	200	0	0
-6.79199982	66385	0.216999993	200	0	0
-6.79799986	66385	0.188999996	200	0	0
-6.80299997	66385	0.200000003	200	0	0
-6.79899979	66384.0078	0.228	200	0	0
-6.79699993	66386	0.149000004	200	0	0
-6.80100012	66388	0.162	200	0	0
-6.79899979	66387	0.202999994	200	0	0
-6.79300022	66387	0.126000002	200	0	0
-6.79799986	66386	0.215000004	200	0	0
-6.80499983	66387	0.187999994	200	0	0
-6.80200005	66387	0.136000007	200	0	0
-6.796	66387	0.150999993	200	0	0
-6.79699993	66387	0.164000005	200	0	0
-6.80600023	66386	0.186000004	200	0	0
-6.796	66386	0.136999995	200	0	0
-6.796	66386	0.163000003	200	0	0
-6.80299997	66388	0.187999994	200	0	0
-6.80600023	66387	0.214000002	200	0	0
-6.79899979	66386	0.228	200	0	0
-6.79099989	66387	0.231999993	200	0	0
-6.80100012	66388	0.123000003	200	0	0
-6.78100014	66388	0.156000003	200	0	0
-6.79099989	66388	0.138999999	200	0	0
-6.78100014	66390.0078	0.222000003	200	0	0
-6.78999996	66390.0078	0.152999997	200	0	0
-6.80000019	66389	0.136000007	200	0	0
-6.79699993	66390.0078	0.164000005	200	0	0
-6.79099989	66389	0.231999993	200	0	0
-6.8039999	66390.0078	0.201000005	200	0	0
-6.79099989	66390.0078	0.192000002	200	0	0
-6.79300022	66389	0.151999995	200	0	0
-6.79899979	66389	0.216000006	200	0	0
-6.79400015	66389	0.204999998	200	0	0
-6.79500008	66389	0.191	200	0	0
-6.80000019	66388	0.215000004	200	0	0
-6.80499983	66388	0.201000005	200	0	0
-6.79699993	66390.0078	0.136999995	200	0	0
-6.76900005	66388	0.0939999968	200	0	0
-6.79500008	66389	0.125	200	0	0
-6.8039999	66391	0.214000002	200	0	0
-6.80200005	66391	0.149000004	200	0	0
-6.78900003	66391	0.206	200	0	0
-6.79400015	66391	0.165000007	200	0	0
-6.79799986	66391	0.189999998	200	0	0
-6.79799986	66394	0.150000006	200	0	0
-6.80200005	66393	0.188999996	200	0	0
-6.80100012	66392	0.202000007	200	0	0
-6.80100012	66393	0.123000003	200	0	0
-6.79500008	66393	0.165000007	200	0	0
-6.8039999	66393	0.135000005	200	0	0
-6.78900003	66393	0.152999997	200	0	0
-6.79899979	66392	0.189999998	200	0	0
-6.78200006	66392	0.169	200	0	0
-6.79699993	66392	0.136999995	200	0	0
-6.79400015	66392	0.151999995	200	0	0
-6.79699993	66391	0.136999995	200	0	0
-6.80100012	66393	0.202000007	200	0	0
-6.80700016	66393	0.225999996	200	0	0
-6.82000017	66392	0.248999998	200	0	0
-6.78499985	66393	0.221000001	200	0	0
-6.78999996	66392	0.231999993	200	0	0
-6.79300022	66392	0.217999995	200	0	0
-6.79799986	66394	0.189999998	200	0	0
-6.79699993	66394	0.136999995	200	0	0
-6.79099989	66394	0.165999994	200	0	0
-6.79400015	66395	0.165000007	200	0	0
-6.82499981	66393	0.25999999	200	0	0
-6.79199982	66395	0.231000006	200	0	0
-6.79699993	66395	0.216000006	200	0	0
-6.78999996	66395	0.192000002	200	0	0
-6.79699993	66395	0.202999994	200	0	0
-6.80100012	66394	0.228	200	0	0
-6.80200005	66394	0.215000004	200	0	0
-6.79099989	66394	0.206	200	0	0
-6.80200005	66395	0.136000007	200	0	0
-6.79300022	66395	0.151999995	200	0	0
-6.80299997	66397	0.201000005	200	0	0
-6.80100012	66396	0.215000004	200	0	0
-6.80200005	66397	0.188999996	200	0	0
-6.80200005	66397	0.136000007	200	0	0
-6.79099989	66397	0.151999995	200	0	0
-6.80000019	66397	0.163000003	200	0	0
-6.79899979	66396	0.202999994	200	0	0
-6.8039999	66396	0.122000001	200	0	0
-6.79799986	66396	0.189999998	200	0	0
-6.79699993	66396	0.136999995	200	0	0
-6.79899979	66396	0.150000006	200	0	0
-6.79300022	66396	0.165000007	200	0	0
-6.80499983	66396	0.226999998	200	0	0
-6.80499983	66397	0.226999998	200	0	0
-6.79500008	66397	0.216999993	200	0	0
-6.796	66398	0.164000005	200	0	0
-6.79899979	66399	0.189999998	200	0	0
-6.79899979	66399	0.202999994	200	0	0
-6.80200005	66399	0.215000004	200	0	0
-6.80200005	66399	0.228	200	0	0
-6.80000019	66398	0.188999996	200	0	0
-6.79799986	66398	0.202999994	200	0	0
-6.80499983	66398	0.214000002	200	0	0
-6.80200005	66398	0.228	200	0	0
-6.79899979	66399	0.136999995	200	0	0
-6.79199982	66399	0.165999994	200	0	0
-6.79300022	66399	0.151999995	200	0	0
-6.79799986	66398	0.136999995	200	0	0
-6.796	66398	0.150999993	200	0	0
-6.79699993	66400	0.136999995	200	0	0
-6.79899979	66400	0.189999998	200	0	0
-6.79400015	66400	0.231000006	200	0	0
-6.78999996	66400	0.206	200	0	0
-6.79699993	66400	0.216000006	200	0	0
-6.79199982	66400	0.126000002	200	0	0
-6.79500008	66400	0.150999993	200	0	0
-6.796	66403.0078	0.191	200	0	0
-6.7579999	66400	0.0850000009	200	0	0
-6.80499983	66402	0.201000005	200	0	0
-6.80700016	66401	0.213	200	0	0
-6.80299997	66403.0078	0.135000005	200	0	0
-6.80000019	66403.0078	0.163000003	200	0	0
-6.78700018	66403.0078	0.153999999	200	0	0
-6.80200005	66401	0.202000007	200	0	0
-6.80999994	66402	0.119999997	200	0	0
-6.78399992	66402	0.142000005	200	0	0
-6.79799986	66402	0.150000006	200	0	0
-6.76599979	66400	0.108000003	200	0	0
-6.80299997	66401	0.187999994	200	0	0
-6.80200005	66401	0.136000007	200	0	0
-6.79899979	66401	0.163000003	200	0	0
-6.79699993	66401	0.150999993	200	0	0
-6.80100012	66402	0.228	200	0	0
-6.79699993	66402	0.216000006	200	0	0
-6.82499981	66402	0.246999994	200	0	0
-6.80299997	66403.0078	0.228	200	0	0
-6.79899979	66403.0078	0.216000006	200	0	0
-6.80200005	66403.0078	0.202000007	200	0	0
-6.79099989	66404	0.165999994	200	0	0
-6.79500008	66405	0.164000005	200	0	0
-6.796	66404	0.203999996	200	0	0
-6.80100012	66404	0.136000007	200	0	0
-6.78999996	66404	0.192000002	200	0	0
-6.78900003	66404	0.152999997	200	0	0
-6.79199982	66405	0.231000006	200	0	0
-6.80499983	66404	0.226999998	200	0	0
-6.79099989	66404	0.218999997	200	0	0
-6.79899979	66405	0.202999994	200	0	0
-6.79199982	66405	0.151999995	200	0	0
-6.79300022	66406	0.165000007	200	0	0
-6.8039999	66406	0.226999998	200	0	0
-6.78999996	66406	0.218999997	200	0	0
-6.78999996	66406	0.206	200	0	0
-6.79699993	66406	0.189999998	200	0	0
-6.79099989	66405	0.218999997	200	0	0
-6.79300022	66405	0.192000002	200	0	0
-6.79300022	66406	0.151999995	200	0	0
-6.79099989	66406	0.138999999	200	0	0
-6.80600023	66405	0.120999999	200	0	0
-6.81699991	66406	0.248999998	200	0	0
-6.79099989	66407	0.204999998	200	0	0
-6.79099989	66407	0.192000002	200	0	0
-6.79699993	66407	0.136999995	200	0	0
-6.79300022	66407	0.151999995	200	0	0
-6.796	66407	0.164000005	200	0	0
-6.80200005	66408	0.228	200	0	0
-6.78399992	66408	0.155000001	200	0	0
-6.79099989	66408	0.217999995	200	0	0
-6.79099989	66408	0.165999994	200	0	0
-6.79500008	66408	0.203999996	200	0	0
-6.78999996	66408	0.192000002	200	0	0
-6.796	66407	0.230000004	200	0	0
-6.79699993	66407	0.216000006	200	0	0
-6.81400013	66408	0.25	200	0	0
-6.79199982	66408	0.138999999	200	0	0
-6.79699993	66410	0.136999995	200	0	0
-6.78999996	66409.0078	0.165999994	200	0	0
-6.78800011	66409.0078	0.152999997	200	0	0
-6.796	66409.0078	0.137999997	200	0	0
-6.78999996	66409.0078	0.231999993	200	0	0
-6.78900003	66409.0078	0.218999997	200	0	0
-6.796	66409.0078	0.203999996	200	0	0
-6.79699993	66409.0078	0.189999998	200	0	0
-6.8119998	66409.0078	0.250999987	200	0	0
-6.78599977	66412	0.232999995	200	0	0
-6.79199982	66412	0.151999995	200	0	0
-6.79500008	66411	0.137999997	200	0	0
-6.79099989	66412	0.217999995	200	0	0
-6.78700018	66412	0.166999996	200	0	0
-6.79500008	66412	0.203999996	200	0	0
-6.80100012	66412	0.188999996	200	0	0
-6.78800011	66411	0.152999997	200	0	0
-6.80600023	66411	0.226999998	200	0	0
-6.79799986	66411	0.163000003	200	0	0
-6.79799986	66411	0.216000006	200	0	0
-6.78900003	66410	0.231999993	200	0	0
-6.78200006	66411	0.194999993	200	0	0
-6.80100012	66411	0.202000007	200	0	0
-6.78800011	66410	0.152999997	200	0	0
-6.78900003	66410	0.218999997	200	0	0
-6.79199982	66410	0.165000007	200	0	0
-6.79300022	66410	0.204999998	200	0	0
-6.79199982	66410	0.192000002	200	0	0
-6.79500008	66412	0.137999997	200	0	0
-6.80000019	66411	0.254999995	200	0	0
-6.80999994	66412	0.252000004	200	0	0
-6.78700018	66413	0.207000002	200	0	0
-6.79199982	66413	0.126000002	200	0	0
-6.78599977	66413	0.194000006	200	0	0
-6.77699995	66413	0.157000005	200	0	0
-6.77799988	66413	0.170000002	200	0	0
-6.8039999	66414	0.122000001	200	0	0
-6.78299999	66413	0.221000001	200	0	0
-6.80000019	66414	0.202000007	200	0	0
-6.78999996	66414	0.192000002	200	0	0
-6.78100014	66414	0.143000007	200	0	0
-6.78399992	66414	0.155000001	200	0	0
-6.78999996	66414	0.165999994	200	0	0
-6.77199984	66413	0.105999999	200	0	0
-6.81699991	66414	0.248999998	200	0	0
-6.78999996	66414	0.218999997	200	0	0
-6.78499985	66413	0.273000002	200	0	0
-6.79199982	66414	0.231000006	200	0	0
-6.79300022	66416	0.165000007	200	0	0
-6.79500008	66415.0078	0.203999996	200	0	0
-6.79300022	66415.0078	0.192000002	200	0	0
-6.79099989	66415.0078	0.138999999	200	0	0
-6.78299999	66415.0078	0.155000001	200	0	0
-6.78700018	66415.0078	0.166999996	200	0	0
-6.80999994	66415.0078	0.252000004	200	0	0
-6.79400015	66415.0078	0.216999993	200	0	0
-6.796	66415.0078	0.230000004	200	0	0
-6.79099989	66416	0.217999995	200	0	0
-6.79300022	66416	0.192000002	200	0	0
-6.79899979	66416	0.202999994	200	0	0
-6.78900003	66416	0.152999997	200	0	0
-6.76300001	66413	0.0700000003	200	0	0
-6.79300022	66416	0.125	200	0	0
-6.796	66416	0.137999997	200	0	0
-6.796	66417	0.191	200	0	0
-6.80100012	66417	0.202000007	200	0	0
-6.81699991	66417	0.248999998	200	0	0
-6.79099989	66417	0.217999995	200	0	0
-6.79799986	66417	0.229000002	200	0	0
-6.79099989	66417	0.138999999	200	0	0
-6.78000021	66417	0.169	200	0	0
-6.78999996	66417	0.152999997	200	0	0
-6.79099989	66418	0.165999994	200	0	0
-6.79099989	66418	0.138999999	200	0	0
-6.79400015	66418	0.191	200	0	0
-6.78299999	66419	0.169	200	0	0
-6.78599977	66419	0.153999999	200	0	0
-6.79899979	66419	0.123000003	200	0	0
-6.78599977	66419	0.141000003	200	0	0
-6.79699993	66418	0.202999994	200	0	0
-6.79400015	66418	0.216999993	200	0	0
-6.79699993	66418	0.230000004	200	0	0
-6.78599977	66419	0.219999999	200	0	0
-6.79500008	66419	0.203999996	200	0	0
-6.78599977	66421	0.195999995	200	0	0
-6.79699993	66421	0.206	200	0	0
-6.78999996	66421	0.221000001	200	0	0
-6.78100014	66420	0.196999997	200	0	0
-6.79300022	66420	0.206	200	0	0
-6.80100012	66420	0.216000006	200	0	0
-6.78900003	66419	0.193000004	200	0	0
-6.78700018	66420	0.233999997	200	0	0
-6.79899979	66419	0.229000002	200	0	0
-6.78900003	66421	0.169	200	0	0
-6.79300022	66421	0.141000003	200	0	0
-6.78800011	66421	0.156000003	200	0	0
-6.79099989	66420	0.127000004	200	0	0
-6.79099989	66420	0.166999996	200	0	0
-6.79199982	66420	0.140000001	200	0	0
-6.79300022	66420	0.152999997	200	0	0
-6.79300022	66422	0.167999998	200	0	0
-6.79899979	66422	0.231999993	200	0	0
-6.78499985	66422	0.196999997	200	0	0
-6.78800011	66422	0.209000006	200	0	0
-6.78499985	66422	0.157000005	200	0	0
-6.78900003	66422	0.143000007	200	0	0
-6.79099989	66423	0.156000003	200	0	0
-6.80299997	66423	0.126000002	200	0	0
-6.78900003	66423	0.170000002	200	0	0
-6.78700018	66423	0.223000005	200	0	0
-6.78900003	66423	0.196999997	200	0	0
-6.79099989	66423	0.209000006	200	0	0
-6.79300022	66424	0.222000003	200	0	0
-6.77600002	66425	0.149000004	200	0	0
-6.79899979	66424	0.207000002	200	0	0
-6.77600002	66424	0.135000005	200	0	0
-6.79400015	66424	0.194999993	200	0	0
-6.796	66424	0.141000003	200	0	0
-6.78200006	66424	0.172999993	200	0	0
-6.80700016	66425	0.256999999	200	0	0
-6.79199982	66425	0.234999999	200	0	0
-6.78399992	66425	0.224999994	200	0	0
-6.76599979	66425	0.112000003	200	0	0
-6.81099987	66424	0.0960000008	200	0	0
-6.78000021	66426	0.226999998	200	0	0
-6.78700018	66426	0.158999994	200	0	0
-6.78800011	66426	0.172000006	200	0	0
-6.79300022	66426	0.209999993	200	0	0
-6.78800011	66426	0.197999999	200	0	0
-6.81599998	66425	0.26699999	200	0	0
-6.79199982	66426	0.143999994	200	0	0
-6.78999996	66427	0.197999999	200	0	0
-6.78599977	66427	0.145999998	200	0	0
-6.78200006	66427	0.173999995	200	0	0
-6.78299999	66427	0.159999996	200	0	0
-6.77099991	66425	0.0710000023	200	0	0
-6.796	66427	0.222000003	200	0	0
-6.79099989	66427	0.209999993	200	0	0
-6.796	66428.0078	0.209000006	200	0	0
-6.78900003	66428.0078	0.131999999	200	0	0
-6.78499985	66428.0078	0.199000001	200	0	0
-6.78499985	66428.0078	0.145999998	200	0	0
-6.78499985	66428.0078	0.158999994	200	0	0
-6.78900003	66428.0078	0.171000004	200	0	0
-6.78800011	66428.0078	0.224000007	200	0	0
-6.77699995	66429	0.136999995	200	0	0
-6.78499985	66430	0.162	200	0	0
-6.79300022	66430	0.224999994	200	0	0
-6.78499985	66429	0.148000002	200	0	0
-6.78399992	66430	0.174999997	200	0	0
-6.78700018	66430	0.214000002	200	0	0
-6.78100014	66430	0.202999994	200	0	0
-6.78299999	66429	0.160999998	200	0	0
-6.79300022	66429	0.224000007	200	0	0
-6.77899981	66429	0.175999999	200	0	0
-6.78900003	66429	0.211999997	200	0	0
-6.78700018	66429	0.200000003	200	0	0
-6.78399992	66430	0.136000007	200	0	0
-6.78399992	66430	0.149000004	200	0	0
-6.7670002	66425	0.0460000001	200	0	0
-6.78499985	66431	0.135000005	200	0	0
-6.79199982	66431	0.199000001	200	0	0
-6.77799988	66431	0.150999993	200	0	0
-6.78599977	66431	0.174999997	200	0	0
-6.78700018	66431	0.160999998	200	0	0
-6.79199982	66431	0.211999997	200	0	0
-6.79500008	66431	0.224000007	200	0	0
-6.796	66431	0.237000003	200	0	0
-6.78399992	66432	0.136999995	200	0	0
-6.78999996	66432	0.173999995	200	0	0
-6.77699995	66432	0.165000007	200	0	0
-6.78399992	66432	0.150000006	200	0	0
-6.79300022	66432	0.200000003	200	0	0
-6.78399992	66432	0.216000006	200	0	0
-6.78900003	66432	0.226999998	200	0	0
-6.796	66433	0.199000001	200	0	0
-6.80000019	66433	0.237000003	200	0	0
-6.79400015	66433	0.211999997	200	0	0
-6.78999996	66433	0.226999998	200	0	0
-6.77799988	66434.0078	0.179000005	200	0	0
-6.78100014	66434.0078	0.165000007	200	0	0
-6.78399992	66434.0078	0.137999997	200	0	0
-6.78900003	66434.0078	0.149000004	200	0	0
-6.7750001	66433	0.179000005	200	0	0
-6.78499985	66433	0.163000003	200	0	0
-6.78399992	66433	0.150000006	200	0	0
-6.78800011	66434.0078	0.229000002	200	0	0
-6.78900003	66434.0078	0.202000007	200	0	0
-6.78999996	66434.0078	0.215000004	200	0	0
-6.79199982	66435	0.201000005	200	0	0
-6.796	66435	0.213	200	0	0
-6.79099989	66435	0.228	200	0	0
-6.77299976	66435	0.180999994	200	0	0
-6.78599977	66435	0.136999995	200	0	0
-6.7750001	66435	0.166999996	200	0	0
-6.77799988	66435	0.152999997	200	0	0
-6.78200006	66436	0.165000007	200	0	0
-6.78999996	66436	0.228	200	0	0
-6.77899981	66436	0.218999997	200	0	0
-6.78700018	66436	0.175999999	200	0	0
-6.78700018	66436	0.202999994	200	0	0
-6.78700018	66436	0.136999995	200	0	0
-6.78999996	66436	0.149000004	200	0	0
-6.77699995	66437	0.180000007	200	0	0
-6.78000021	66437	0.231000006	200	0	0
-6.78200006	66437	0.204999998	200	0	0
-6.78999996	66437	0.215000004	200	0	0
-6.77099991	66437	0.169	200	0	0
-6.78399992	66437	0.150999993	200	0	0
-6.78000021	66437	0.138999999	200	0	0
-6.77600002	66438	0.180000007	200	0	0
-6.78299999	66438	0.165000007	200	0	0
-6.78100014	66438	0.151999995	200	0	0
-6.78299999	66438	0.137999997	200	0	0
-6.78700018	66439	0.202999994	200	0	0
-6.78599977	66439	0.136999995	200	0	0
-6.77400017	66439	0.180999994	200	0	0
-6.78700018	66439	0.150000006	200	0	0
-6.77899981	66439	0.165999994	200	0	0
-6.78200006	66439	0.217999995	200	0	0
-6.78900003	66439	0.228	200	0	0
-6.7750001	66438	0.232999995	200	0	0
-6.796	66438	0.238999993	200	0	0
-6.76900005	66440.0078	0.169	200	0	0
-6.78499985	66440.0078	0.150999993	200	0	0
-6.78999996	66440.0078	0.136000007	200	0	0
-6.79699993	66440.0078	0.225999996	200	0	0
-6.77699995	66440.0078	0.180000007	200	0	0
-6.78800011	66440.0078	0.216000006	200	0	0
-6.78299999	66440.0078	0.203999996	200	0	0
-6.78399992	66440.0078	0.243000001	200	0	0
-6.78399992	66441	0.177000001	200	0	0
-6.78100014	66441	0.165000007	200	0	0
-6.78000021	66441	0.151999995	200	0	0
-6.78599977	66441	0.136999995	200	0	0
-6.78900003	66441	0.215000004	200	0	0
-6.78900003	66441	0.202000007	200	0	0
-6.78399992	66442	0.151999995	200	0	0
-6.78499985	66441	0.230000004	200	0	0
-6.77199984	66442	0.234999999	200	0	0
-6.77600002	66442	0.167999998	200	0	0
-6.7750001	66442	0.181999996	200	0	0
-6.78800011	66442	0.216999993	200	0	0
-6.78399992	66442	0.204999998	200	0	0
-6.78100014	66444	0.180000007	200	0	0
-6.78800011	66443	0.150999993	200	0	0
-6.78299999	66443	0.204999998	200	0	0
-6.78599977	66443	0.165000007	200	0	0
-6.77199984	66443	0.182999998	200	0	0
-6.78200006	66442	0.140000001	200	0	0
-6.78100014	66444	0.165999994	200	0	0
-6.78599977	66444	0.137999997	200	0	0
-6.78700018	66444	0.230000004	200	0	0
-6.77899981	66443	0.232999995	200	0	0
-6.78800011	66444	0.216999993	200	0	0
-6.78499985	66444	0.204999998	200	0	0
-6.78200006	66444	0.152999997	200	0	0
-6.77899981	66445	0.208000004	200	0	0
-6.76800013	66445	0.185000002	200	0	0
-6.78499985	66445	0.152999997	200	0	0
-6.78200006	66445	0.166999996	200	0	0
-6.78399992	66445	0.246000007	200	0	0
-6.79500008	66445	0.216000006	200	0	0
-6.77899981	66445	0.233999997	200	0	0
-6.77799988	66446	0.221000001	200	0	0
-6.78499985	66446	0.140000001	200	0	0
-6.79099989	66446	0.150999993	200	0	0
-6.78399992	66446	0.206	200	0	0
-6.77799988	66446	0.169	200	0	0
-6.78299999	66446	0.180000007	200	0	0
-6.7750001	66446	0.234999999	200	0	0
-6.78399992	66447	0.152999997	200	0	0
-6.77600002	66447	0.222000003	200	0	0
-6.77899981	66447	0.142000005	200	0	0
-6.78200006	66447	0.166999996	200	0	0
-6.7750001	66448	0.170000002	200	0	0
-6.78100014	66448	0.180999994	200	0	0
-6.78000021	66448	0.221000001	200	0	0
-6.78399992	66448	0.206	200	0	0
-6.78200006	66447	0.232999995	200	0	0
-6.78299999	66448	0.153999999	200	0	0
-6.78000021	66448	0.142000005	200	0	0
-6.77799988	66449	0.208000004	200	0	0
-6.75899982	66449	0.149000004	200	0	0
-6.78000021	66449	0.155000001	200	0	0
-6.77799988	66449	0.181999996	200	0	0
-6.7750001	66449	0.170000002	200	0	0
-6.77899981	66449	0.221000001	200	0	0
-6.78399992	66449	0.232999995	200	0	0
-6.78100014	66450	0.207000002	200	0	0
-6.77899981	66450	0.142000005	200	0	0
-6.76399994	66450	0.160999998	200	0	0
-6.76399994	66450	0.173999995	200	0	0
-6.77099991	66450	0.185000002	200	0	0
-6.76599979	66450	0.119999997	200	0	0
-6.75899982	66450	0.108999997	200	0	0
-6.80000019	66450	0.239999995	200	0	0
-6.76999998	66451	0.185000002	200	0	0
-6.77699995	66451	0.169	200	0	0
-6.7750001	66451	0.143999994	200	0	0
-6.78700018	66451	0.151999995	200	0	0
-6.78000021	66451	0.208000004	200	0	0
-6.77799988	66451	0.222000003	200	0	0
-6.78299999	66451	0.232999995	200	0	0
-6.77899981	66453.0078	0.142000005	200	0	0
-6.78399992	66452	0.232999995	200	0	0
-6.78299999	66453.0078	0.207000002	200	0	0
-6.78100014	66453.0078	0.155000001	200	0	0
-6.7750001	66453.0078	0.182999998	200	0	0
-6.78200006	66452	0.219999999	200	0	0
-6.76100016	66452	0.148000002	200	0	0
-6.78100014	66452	0.207000002	200	0	0
-6.78100014	66452	0.153999999	200	0	0
-6.78100014	66452	0.167999998	200	0	0
-6.77899981	66455	0.208000004	200	0	0
-6.7750001	66454	0.170000002	200	0	0
-6.78299999	66454	0.219999999	200	0	0
-6.77199984	66454	0.209999993	200	0	0
-6.77400017	66454	0.143999994	200	0	0
-6.77699995	66454	0.156000003	200	0	0
-6.77199984	66454	0.118000001	200	0	0
-6.76200008	66455	0.187000006	200	0	0
-6.78000021	66455	0.221000001	200	0	0
-6.77899981	66455	0.169	200	0	0
-6.76800013	66455	0.145999998	200	0	0
-6.78200006	66455	0.153999999	200	0	0
-6.77799988	66456	0.115999997	200	0	0
-6.77299976	66456	0.184	200	0	0
-6.78000021	66456	0.167999998	200	0	0
-6.77299976	66456	0.143999994	200	0	0
-6.78000021	66456	0.155000001	200	0	0
-6.76399994	66456	0.213	200	0	0
-6.78299999	66457	0.207000002	200	0	0
-6.77600002	66457	0.143000007	200	0	0
-6.77799988	66457	0.156000003	200	0	0
-6.77799988	66457	0.181999996	200	0	0
-6.77199984	66457	0.171000004	200	0	0
-6.78000021	66457	0.221000001	200	0	0
-6.78399992	66457	0.232999995	200	0	0
-6.7750001	66458	0.170000002	200	0	0
-6.77099991	66458	0.185000002	200	0	0
-6.78299999	66458	0.219999999	200	0	0
-6.7750001	66458	0.209000006	200	0	0
-6.77799988	66458	0.156000003	200	0	0
-6.7750001	66458	0.143999994	200	0	0
-6.76599979	66459.0078	0.172999993	200	0	0
-6.78700018	66459.0078	0.231000006	200	0	0
-6.77299976	66459.0078	0.184	200	0	0
-6.78200006	66459.0078	0.219999999	200	0	0
-6.77899981	66459.0078	0.208000004	200	0	0
-6.76300001	66459.0078	0.120999999	200	0	0
-6.77799988	66459.0078	0.156000003	200	0	0
-6.77899981	66459.0078	0.142000005	200	0	0
-6.76399994	66460	0.174999997	200	0	0
-6.77299976	66460	0.185000002	200	0	0
-6.7750001	66460	0.143999994	200	0	0
-6.77600002	66460	0.223000005	200	0	0
-6.77899981	66460	0.157000005	200	0	0
-6.77099991	66460	0.211999997	200	0	0
-6.76900005	66460	0.238999993	200	0	0
-6.7750001	66462	0.184	200	0	0
-6.77299976	66462	0.172000006	200	0	0
-6.76599979	66462	0.160999998	200	0	0
-6.7750001	66462	0.143999994	200	0	0
-6.77799988	66461	0.182999998	200	0	0
-6.76399994	66461	0.122000001	200	0	0
-6.77799988	66461	0.157000005	200	0	0
-6.77199984	66461	0.145999998	200	0	0
-6.78299999	66462	0.233999997	200	0	0
-6.77199984	66461	0.211999997	200	0	0
-6.77099991	66461	0.224999994	200	0	0
-6.78599977	66461	0.232999995	200	0	0
-6.77799988	66462	0.223000005	200	0	0
-6.78000021	66462	0.209000006	200	0	0
-6.77799988	66464	0.170000002	200	0	0
-6.76999998	66464	0.238000005	200	0	0
-6.77699995	66463	0.157000005	200	0	0
-6.76599979	66464	0.187000006	200	0	0
-6.76800013	66463	0.252000004	200	0	0
-6.78200006	66464	0.208000004	200	0	0
-6.76200008	66463	0.240999997	200	0	0
-6.76800013	66463	0.172999993	200	0	0
-6.76499987	66463	0.187999994	200	0	0
-6.76800013	66463	0.225999996	200	0	0
-6.76599979	66463	0.213	200	0	0
-6.77400017	66463	0.144999996	200	0	0
-6.76200008	66463	0.108999997	200	0	0
-6.77099991	66463	0.119999997	200	0	0
-6.73799992	66463	0.0920000002	200	0	0
-6.74700022	66463	0.101999998	200	0	0
-6.77199984	66464	0.145999998	200	0	0
-6.76499987	66464	0.160999998	200	0	0
-6.76800013	66463	0.277999997	200	0	0
-6.77600002	66464	0.118000001	200	0	0
-6.7750001	66465.0078	0.158000007	200	0	0
-6.77899981	66465.0078	0.143000007	200	0	0
-6.76999998	66465.0078	0.224999994	200	0	0
-6.77899981	66465.0078	0.209000006	200	0	0
-6.7750001	66465.0078	0.171000004	200	0	0
-6.77099991	66465.0078	0.186000004	200	0	0
-6.76300001	66466	0.175999999	200	0	0
-6.75899982	66466	0.191	200	0	0
-6.77299976	66466	0.224999994	200	0	0
-6.76800013	66466	0.214000002	200	0	0
-6.77400017	66466	0.158999994	200	0	0
-6.7750001	66466	0.145999998	200	0	0
-6.77199984	66467	0.172999993	200	0	0
-6.77600002	66467	0.211999997	200	0	0
-6.78399992	66467	0.143000007	200	0	0
-6.77299976	66467	0.186000004	200	0	0
-6.76999998	66467	0.160999998	200	0	0
-6.77799988	66468	0.158000007	200	0	0
-6.77699995	66468	0.210999995	200	0	0
-6.77299976	66468	0.145999998	200	0	0
-6.76999998	66468	0.187000006	200	0	0
-6.7670002	66468	0.174999997	200	0	0
-6.76599979	66468	0.228	200	0	0
-6.78100014	66469	0.223000005	200	0	0
-6.76300001	66468	0.123000003	200	0	0
-6.77600002	66469	0.158999994	200	0	0
-6.77600002	66469	0.211999997	200	0	0
-6.77199984	66469	0.147	200	0	0
-6.76800013	66469	0.187999994	200	0	0
-6.7579999	66469	0.178000003	200	0	0
-6.76999998	66469	0.120999999	200	0	0
-6.7750001	66471	0.224999994	200	0	0
-6.77099991	66471	0.147	200	0	0
-6.7750001	66471	0.211999997	200	0	0
-6.77400017	66471	0.159999996	200	0	0
-6.76399994	66470	0.228	200	0	0
-6.76499987	66471	0.175999999	200	0	0
-6.76599979	66471	0.188999996	200	0	0
-6.77099991	66470	0.147	200	0	0
-6.76599979	66470	0.215000004	200	0	0
-6.77099991	66470	0.159999996	200	0	0
-6.77099991	66470	0.173999995	200	0	0
-6.76999998	66470	0.187000006	200	0	0
-6.7670002	66470	0.122000001	200	0	0
-6.76999998	66471	0.120999999	200	0	0
-6.7750001	66472	0.145999998	200	0	0
-6.77799988	66471	0.237000003	200	0	0
-6.7750001	66473	0.211999997	200	0	0
-6.77099991	66472	0.120999999	200	0	0
-6.76999998	66473	0.148000002	200	0	0
-6.76599979	66473	0.188999996	200	0	0
-6.76000023	66473	0.177000001	200	0	0
-6.78000021	66473	0.157000005	200	0	0
-6.76900005	66472	0.187000006	200	0	0
-6.77199984	66472	0.159999996	200	0	0
-6.7750001	66473	0.224999994	200	0	0
-6.77299976	66473	0.238999993	200	0	0
-6.74700022	66473	0.128999993	200	0	0
-6.77099991	66474	0.122000001	200	0	0
-6.76800013	66474	0.188999996	200	0	0
-6.76999998	66474	0.174999997	200	0	0
-6.76999998	66474	0.149000004	200	0	0
-6.77299976	66474	0.160999998	200	0	0
-6.77099991	66475	0.228	200	0	0
-6.77299976	66474	0.226999998	200	0	0
-6.77600002	66475	0.147	200	0	0
-6.76599979	66475	0.189999998	200	0	0
-6.75600004	66475	0.166999996	200	0	0
-6.76599979	66475	0.175999999	200	0	0
-6.77699995	66475	0.119999997	200	0	0
-6.78000021	66476	0.213	200	0	0
-6.77099991	66476	0.150000006	200	0	0
-6.77099991	66476	0.188999996	200	0	0
-6.7750001	66476	0.162	200	0	0
-6.76900005	66476	0.177000001	200	0	0
-6.76200008	66476	0.231999993	200	0	0
-6.77400017	66476	0.122000001	200	0	0
-6.76000023	66477	0.193000004	200	0	0
-6.77400017	66477	0.122000001	200	0	0
-6.75299978	66477	0.181999996	200	0	0
-6.76900005	66477	0.150000006	200	0	0
-6.7750001	66477	0.162	200	0	0
-6.76300001	66477	0.231000006	200	0	0
-6.77899981	66477	0.213	200	0	0
-6.74399996	66476	0.105999999	200	0	0
-6.76399994	66478.0078	0.192000002	200	0	0
-6.76399994	66478.0078	0.231000006	200	0	0
-6.76800013	66478.0078	0.216999993	200	0	0
-6.76599979	66478.0078	0.125	200	0	0
-6.76300001	66478.0078	0.179000005	200	0	0
-6.77199984	66478.0078	0.149000004	200	0	0
-6.76900005	66478.0078	0.164000005	200	0	0
-6.7670002	66479	0.165999994	200	0	0
-6.76800013	66480	0.192000002	200	0	0
-6.7670002	66479	0.179000005	200	0	0
-6.79799986	66476	0.298000008	200	0	0
-6.78000021	66480	0.239999995	200	0	0
-6.77099991	66480	0.216999993	200	0	0
-6.77400017	66480	0.229000002	200	0	0
-6.76599979	66479	0.192000002	200	0	0
-6.78499985	66479	0.238000005	200	0	0
-6.76599979	66479	0.218999997	200	0	0
-6.77400017	66479	0.229000002	200	0	0
-6.76100016	66480	0.180999994	200	0	0
-6.76800013	66480	0.112999998	200	0	0
-6.76900005	66480	0.165000007	200	0	0
-6.7670002	66480	0.152999997	200	0	0
-6.77099991	66479	0.111000001	200	0	0
-6.76100016	66479	0.128000006	200	0	0
-6.76499987	66479	0.152999997	200	0	0
-6.76499987	66481	0.179000005	200	0	0
-6.76599979	66481	0.112999998	200	0	0
-6.78800011	66481	0.119000003	200	0	0
-6.76599979	66481	0.165999994	200	0	0
-6.77199984	66481	0.150999993	200	0	0
-6.77199984	66476	0.319999993	200	0	0
-6.76599979	66482	0.179000005	200	0	0
-6.77199984	66482	0.243000001	200	0	0
-6.76399994	66482	0.193000004	200	0	0
-6.77199984	66482	0.230000004	200	0	0
-6.76200008	66482	0.219999999	200	0	0
-6.76200008	66481	0.194000006	200	0	0
-6.76599979	66481	0.231999993	200	0	0
-6.77199984	66481	0.216999993	200	0	0
-6.76599979	66482	0.126000002	200	0	0
-6.76599979	66482	0.165999994	200	0	0
-6.76599979	66482	0.152999997	200	0	0
-6.76999998	66483	0.150999993	200	0	0
-6.76000023	66483	0.128000006	200	0	0
-6.76800013	66483	0.112000003	200	0	0
-6.77099991	66483	0.216999993	200	0	0
-6.76399994	66483	0.166999996	200	0	0
-6.75899982	66483	0.180999994	200	0	0
-6.76999998	66483	0.191	200	0	0
-6.77199984	66484.0078	0.189999998	200	0	0
-6.75600004	66484.0078	0.222000003	200	0	0
-6.77199984	66484.0078	0.230000004	200	0	0
-6.76900005	66483	0.244000003	200	0	0
-6.76300001	66483	0.232999995	200	0	0
-6.76800013	66484.0078	0.112000003	200	0	0
-6.76200008	66484.0078	0.180000007	200	0	0
-6.78200006	66484.0078	0.120999999	200	0	0
-6.7670002	66484.0078	0.165999994	200	0	0
-6.77600002	66484.0078	0.149000004	200	0	0
-6.77299976	66485	0.177000001	200	0	0
-6.76499987	66485	0.193000004	200	0	0
-6.77199984	66485	0.230000004	200	0	0
-6.76399994	66485	0.127000004	200	0	0
-6.76000023	66485	0.167999998	200	0	0
-6.76499987	66485	0.152999997	200	0	0
-6.76100016	66487	0.194000006	200	0	0
-6.76900005	66486	0.151999995	200	0	0
-6.76999998	66486	0.165000007	200	0	0
-6.76999998	66486	0.216999993	200	0	0
-6.76399994	66486	0.180000007	200	0	0
-6.76800013	66486	0.192000002	200	0	0
-6.76100016	66486	0.128000006	200	0	0
-6.76499987	66486	0.112999998	200	0	0
-6.76599979	66487	0.152999997	200	0	0
-6.77099991	66487	0.216999993	200	0	0
-6.76399994	66487	0.166999996	200	0	0
-6.76300001	66487	0.180000007	200	0	0
-6.77099991	66487	0.123999998	200	0	0
-6.75400019	66488	0.129999995	200	0	0
-6.75299978	66488	0.196999997	200	0	0
-6.75500011	66488	0.182999998	200	0	0
-6.76000023	66488	0.155000001	200	0	0
-6.76000023	66488	0.167999998	200	0	0
-6.76800013	66489	0.151999995	200	0	0
-6.77600002	66489	0.228	200	0	0
-6.76399994	66489	0.166999996	200	0	0
-6.77299976	66489	0.216000006	200	0	0
-6.75600004	66488	0.234999999	200	0	0
-6.75600004	66489	0.182999998	200	0	0
-6.75400019	66489	0.195999995	200	0	0
-6.75899982	66488	0.221000001	200	0	0
-6.76200008	66476	0.349000007	200	0	0
-6.76800013	66488	0.282999992	200	0	0
-6.75	66488	0.263000011	200	0	0
-6.75199986	66488	0.25	200	0	0
-6.74300003	66489	0.134000003	200	0	0
-6.74599981	66488	0.119999997	200	0	0
-6.77099991	66490.0078	0.216999993	200	0	0
-6.76599979	66490.0078	0.152999997	200	0	0
-6.76100016	66490.0078	0.194000006	200	0	0
-6.76300001	66490.0078	0.166999996	200	0	0
-6.76599979	66490.0078	0.179000005	200	0	0
-6.76300001	66490.0078	0.127000004	200	0	0
-6.75500011	66490.0078	0.116999999	200	0	0
-6.77199984	66491	0.150999993	200	0	0
-6.76599979	66492	0.179000005	200	0	0
-6.75899982	66491	0.221000001	200	0	0
-6.76000023	66490.0078	0.233999997	200	0	0
-6.76800013	66491	0.165000007	200	0	0
-6.7670002	66491	0.192000002	200	0	0
-6.75699997	66491	0.181999996	200	0	0
-6.75500011	66488	0.31400001	200	0	0
-6.77600002	66491	0.228	200	0	0
-6.7579999	66488	0.300000012	200	0	0
-6.78299999	66490.0078	0.238999993	200	0	0
-6.76599979	66492	0.126000002	200	0	0
-6.75099993	66491	0.131999999	200	0	0
-6.76800013	66492	0.192000002	200	0	0
-6.76399994	66492	0.166999996	200	0	0
-6.77199984	66492	0.150999993	200	0	0
-6.76399994	66492	0.231999993	200	0	0
-6.7670002	66492	0.217999995	200	0	0
-6.76999998	66493	0.230000004	200	0	0
-6.76599979	66493	0.152999997	200	0	0
-6.75899982	66493	0.221000001	200	0	0
-6.76100016	66493	0.167999998	200	0	0
-6.76399994	66493	0.180000007	200	0	0
-6.76200008	66493	0.194000006	200	0	0
-6.76999998	66494	0.230000004	200	0	0
-6.75500011	66488	0.326999992	200	0	0
-6.75400019	66493	0.129999995	200	0	0
-6.77899981	66494	0.214000002	200	0	0
-6.7670002	66494	0.151999995	200	0	0
-6.75299978	66494	0.184	200	0	0
-6.76100016	66494	0.194000006	200	0	0
-6.77400017	66494	0.163000003	200	0	0
-6.76100016	66494	0.115000002	200	0	0
-6.76399994	66494	0.127000004	200	0	0
-6.76399994	66496	0.152999997	200	0	0
-6.75899982	66496	0.233999997	200	0	0
-6.7579999	66496	0.169	200	0	0
-6.76800013	66496	0.217999995	200	0	0
-6.75899982	66496	0.180999994	200	0	0
-6.76300001	66496	0.193000004	200	0	0
-6.76200008	66495	0.153999999	200	0	0
-6.76999998	66495	0.230000004	200	0	0
-6.7670002	66495	0.165000007	200	0	0
-6.76399994	66495	0.218999997	200	0	0
-6.75299978	66495	0.184	200	0	0
-6.76200008	66495	0.194000006	200	0	0
-6.76599979	66495	0.112999998	200	0	0
-6.75899982	66495	0.128999993	200	0	0
-6.76800013	66496	0.112000003	200	0	0
-6.74599981	66496	0.133000001	200	0	0
-6.7670002	66497	0.165000007	200	0	0
-6.77099991	66497	0.150999993	200	0	0
-6.76200008	66497	0.128000006	200	0	0
-6.77099991	66497	0.230000004	200	0	0
-6.75899982	66497	0.180999994	200	0	0
-6.7579999	66497	0.194999993	200	0	0
-6.76100016	66498	0.167999998	200	0	0
-6.75600004	66498	0.116999999	200	0	0
-6.76100016	66498	0.180999994	200	0	0
-6.76200008	66498	0.128000006	200	0	0
-6.76499987	66498	0.152999997	200	0	0
-6.75600004	66498	0.194999993	200	0	0
-6.75500011	66498	0.234999999	200	0	0
-6.7670002	66498	0.217999995	200	0	0
-6.76499987	66499	0.165999994	200	0	0
-6.75899982	66488	0.351000011	200	0	0
-6.76200008	66499	0.180000007	200	0	0
-6.75899982	66499	0.194000006	200	0	0
-6.76300001	66499	0.232999995	200	0	0
-6.76000023	66499	0.221000001	200	0	0
-6.76499987	66500	0.152999997	200	0	0
-6.75699997	66499	0.115999997	200	0	0
-6.76100016	66499	0.128000006	200	0	0
-6.76200008	66499	0.153999999	200	0	0
-6.7579999	66500	0.194999993	200	0	0
-6.76000023	66500	0.115000002	200	0	0
-6.75600004	66500	0.181999996	200	0	0
-6.7579999	66500	0.128999993	200	0	0
-6.7579999	66500	0.169	200	0	0
-6.76499987	66500	0.231999993	200	0	0
-6.76499987	66501	0.152999997	200	0	0
-6.75500011	66501	0.195999995	200	0	0
-6.75099993	66501	0.171000004	200	0	0
-6.75699997	66501	0.181999996	200	0	0
-6.76499987	66500	0.218999997	200	0	0
-6.75199986	66501	0.130999997	200	0	0
-6.75600004	66501	0.222000003	200	0	0
-6.75400019	66501	0.236000001	200	0	0
-6.75600004	66502	0.194999993	200	0	0
-6.75400019	66502	0.236000001	200	0	0
-6.75699997	66502	0.222000003	200	0	0
-6.76100016	66502	0.115000002	200	0	0
-6.75199986	66502	0.184	200	0	0
-6.75699997	66502	0.128999993	200	0	0
-6.75899982	66502	0.167999998	200	0	0
-6.76000023	66502	0.155000001	200	0	0
-6.75500011	66503.0078	0.195999995	200	0	0
-6.75600004	66503.0078	0.222000003	200	0	0
-6.76200008	66503.0078	0.232999995	200	0	0
-6.75500011	66503.0078	0.182999998	200	0	0
-6.7670002	66504	0.151999995	200	0	0
-6.75699997	66503.0078	0.115999997	200	0	0
-6.75600004	66503.0078	0.129999995	200	0	0
-6.75600004	66503.0078	0.169	200	0	0
-6.75400019	66503.0078	0.157000005	200	0	0
-6.75600004	66505	0.194999993	200	0	0
-6.75600004	66505	0.116999999	200	0	0
-6.7579999	66505	0.181999996	200	0	0
-6.75400019	66505	0.129999995	200	0	0
-6.75199986	66504	0.196999997	200	0	0
-6.76900005	66505	0.151999995	200	0	0
-6.76399994	66504	0.114	200	0	0
-6.75699997	66504	0.181999996	200	0	0
-6.76100016	66504	0.128000006	200	0	0
-6.76100016	66504	0.167999998	200	0	0
-6.76100016	66505	0.219999999	200	0	0
-6.75600004	66505	0.234999999	200	0	0
-6.75600004	66504	0.222000003	200	0	0
-6.75299978	66504	0.236000001	200	0	0
-6.7579999	66506	0.169	200	0	0
-6.75199986	66506	0.130999997	200	0	0
-6.75699997	66506	0.194999993	200	0	0
-6.75199986	66506	0.184	200	0	0
-6.74599981	66506	0.158999994	200	0	0
-6.74800014	66506	0.119000003	200	0	0
-6.74599981	66506	0.238000005	200	0	0
-6.74700022	66506	0.224999994	200	0	0
-6.74499989	66507	0.134000003	200	0	0
-6.75199986	66507	0.196999997	200	0	0
-6.75600004	66507	0.181999996	200	0	0
-6.75400019	66507	0.157000005	200	0	0
-6.75899982	66507	0.167999998	200	0	0
-6.75899982	66507	0.115000002	200	0	0
-6.75299978	66507	0.223000005	200	0	0
-6.77099991	66507	0.230000004	200	0	0
-6.7579999	66508	0.128999993	200	0	0
-6.74800014	66508	0.197999999	200	0	0
-6.76000023	66508	0.180999994	200	0	0
-6.7579999	66508	0.155000001	200	0	0
-6.75400019	66508	0.170000002	200	0	0
-6.7579999	66508	0.221000001	200	0	0
-6.7579999	66508	0.233999997	200	0	0
-6.75699997	66509.0078	0.194999993	200	0	0
-6.75600004	66509.0078	0.115999997	200	0	0
-6.75699997	66509.0078	0.181999996	200	0	0
-6.75400019	66509.0078	0.129999995	200	0	0
-6.75899982	66509.0078	0.167999998	200	0	0
-6.75600004	66509.0078	0.156000003	200	0	0
-6.76999998	66508	0.112000003	200	0	0
-6.75699997	66509.0078	0.234999999	200	0	0
-6.74900007	66509.0078	0.224000007	200	0	0
-6.7579999	66510	0.169	200	0	0
-6.75600004	66510	0.115999997	200	0	0
-6.74900007	66510	0.185000002	200	0	0
-6.75500011	66510	0.129999995	200	0	0
-6.75400019	66510	0.157000005	200	0	0
-6.75099993	66510	0.237000003	200	0	0
-6.76399994	66510	0.218999997	200	0	0
-6.75400019	66510	0.195999995	200	0	0
-6.74900007	66511	0.237000003	200	0	0
-6.75199986	66511	0.158000007	200	0	0
-6.76000023	66511	0.219999999	200	0	0
-6.74100018	66511	0.174999997	200	0	0
-6.74499989	66511	0.186000004	200	0	0
-6.74800014	66511	0.197999999	200	0	0
-6.74900007	66511	0.131999999	200	0	0
-6.74900007	66511	0.119000003	200	0	0
-6.75099993	66512	0.184	200	0	0
-6.75400019	66513	0.195999995	200	0	0
-6.74499989	66512	0.238000005	200	0	0
-6.75099993	66512	0.158000007	200	0	0
-6.75099993	66512	0.223000005	200	0	0
-6.75099993	66512	0.171000004	200	0	0
-6.74300003	66512	0.200000003	200	0	0
-6.75400019	66513	0.222000003	200	0	0
-6.7579999	66513	0.233999997	200	0	0
-6.75099993	66513	0.184	200	0	0
-6.74900007	66513	0.119000003	200	0	0
-6.75199986	66513	0.130999997	200	0	0
-6.75600004	66513	0.169	200	0	0
-6.75299978	66513	0.157000005	200	0	0
-6.75199986	66512	0.118000001	200	0	0
-6.75199986	66512	0.130999997	200	0	0
-6.75400019	66514	0.236000001	200	0	0
-6.75	66514	0.158000007	200	0	0
-6.75600004	66514	0.222000003	200	0	0
-6.75500011	66514	0.170000002	200	0	0
-6.74599981	66514	0.186000004	200	0	0
-6.74599981	66514	0.199000001	200	0	0
-6.75099993	66514	0.130999997	200	0	0
-6.74300003	66514	0.120999999	200	0	0
-6.73600006	66513	0.0970000029	200	0	0
-6.75299978	66515.0078	0.130999997	200	0	0
-6.75600004	66515.0078	0.194999993	200	0	0
-6.75199986	66515.0078	0.184	200	0	0
-6.75199986	66515.0078	0.157000005	200	0	0
-6.75600004	66515.0078	0.169	200	0	0
-6.75099993	66516	0.130999997	200	0	0
-6.74800014	66515.0078	0.119000003	200	0	0
-6.76200008	66515.0078	0.219999999	200	0	0
-6.75099993	66516	0.184	200	0	0
-6.74599981	66516	0.158999994	200	0	0
-6.74599981	66515.0078	0.238000005	200	0	0
-6.75299978	66516	0.170000002	200	0	0
-6.75	66516	0.104999997	200	0	0
-6.76100016	66516	0.115000002	200	0	0
-6.75299978	66517	0.195999995	200	0	0
-6.7579999	66516	0.233999997	200	0	0
-6.75299978	66516	0.223000005	200	0	0
-6.75099993	66517	0.171000004	200	0	0
-6.75	66517	0.158000007	200	0	0
-6.74499989	66517	0.119999997	200	0	0
-6.74700022	66517	0.133000001	200	0	0
-6.75500011	66517	0.234999999	200	0	0
-6.75	66517	0.223000005	200	0	0
-6.75199986	66518	0.157000005	200	0	0
-6.76800013	66518	0.231000006	200	0	0
-6.74900007	66518	0.224000007	200	0	0
-6.75099993	66518	0.171000004	200	0	0
-6.73600006	66518	0.202000007	200	0	0
-6.74599981	66518	0.186000004	200	0	0
-6.75500011	66518	0.129999995	200	0	0
-6.74499989	66518	0.119999997	200	0	0
-6.74800014	66519	0.224000007	200	0	0
-6.74800014	66519	0.131999999	200	0	0
-6.74900007	66519	0.197999999	200	0	0
-6.74800014	66519	0.185000002	200	0	0
-6.74599981	66519	0.158999994	200	0	0
-6.74399996	66519	0.172999993	200	0	0
-6.74700022	66519	0.119000003	200	0	0
-6.76499987	66519	0.231999993	200	0	0
-6.74800014	66520	0.197999999	200	0	0
-6.7579999	66520	0.221000001	200	0	0
-6.74700022	66520	0.238000005	200	0	0
-6.74399996	66520	0.119999997	200	0	0
-6.74599981	66520	0.133000001	200	0	0
-6.75299978	66520	0.182999998	200	0	0
-6.74300003	66520	0.173999995	200	0	0
-6.74399996	66520	0.159999996	200	0	0
-6.76399994	66521	0.218999997	200	0	0
-6.75299978	66521	0.157000005	200	0	0
-6.74700022	66521	0.197999999	200	0	0
-6.75199986	66521	0.170000002	200	0	0
-6.74499989	66521	0.186000004	200	0	0
-6.75699997	66522	0.233999997	200	0	0
-6.74800014	66522	0.158999994	200	0	0
-6.75099993	66522	0.223000005	200	0	0
-6.74800014	66522	0.172000006	200	0	0
-6.74700022	66522	0.185000002	200	0	0
-6.74599981	66521	0.238000005	200	0	0
-6.74800014	66522	0.197999999	200	0	0
-6.74700022	66521	0.119000003	200	0	0
-6.74599981	66521	0.133000001	200	0	0
-6.74399996	66522	0.134000003	200	0	0
-6.74399996	66522	0.119999997	200	0	0
-6.74700022	66523	0.200000003	200	0	0
-6.74399996	66523	0.226999998	200	0	0
-6.75299978	66523	0.237000003	200	0	0
-6.74300003	66523	0.122000001	200	0	0
-6.7420001	66523	0.187999994	200	0	0
-6.74599981	66523	0.134000003	200	0	0
-6.74800014	66523	0.172999993	200	0	0
-6.7420001	66523	0.162	200	0	0
-6.74700022	66524	0.186000004	200	0	0
-6.7420001	66524	0.122000001	200	0	0
-6.74100018	66524	0.162	200	0	0
-6.74300003	66524	0.135000005	200	0	0
-6.75400019	66524	0.223000005	200	0	0
-6.7420001	66524	0.174999997	200	0	0
-6.75	66524	0.199000001	200	0	0
-6.75	66525	0.172000006	200	0	0
-6.73000002	66525	0.165999994	200	0	0
-6.73999977	66525	0.109999999	200	0	0
-6.73899984	66525	0.136999995	200	0	0
-6.74700022	66525	0.120999999	200	0	0
-6.74700022	66524	0.238999993	200	0	0
-6.74700022	66525	0.225999996	200	0	0
-6.74599981	66525	0.200000003	200	0	0
-6.74399996	66525	0.187999994	200	0	0
-6.73699999	66526	0.202999994	200	0	0
-6.74499989	66526	0.135000005	200	0	0
-6.7579999	66526	0.116999999	200	0	0
-6.71899986	66526	0.116999999	200	0	0
-6.73600006	66526	0.268999994	200	0	0
-6.75400019	66527	0.119999997	200	0	0
-6.74900007	66527	0.187000006	200	0	0
-6.73400021	66527	0.179000005	200	0	0
-6.73799992	66527	0.137999997	200	0	0
-6.73899984	66527	0.164000005	200	0	0
-6.71799994	66526	0.261999995	200	0	0
-6.73999977	66527	0.202999994	200	0	0
-6.75099993	66527	0.225999996	200	0	0
-6.70499992	66526	0.0829999968	200	0	0
-6.74100018	66528.0078	0.191	200	0	0
-6.73799992	66528.0078	0.204999998	200	0	0
-6.75400019	66528.0078	0.238999993	200	0	0
-6.73899984	66528.0078	0.231000006	200	0	0
-6.73999977	66528.0078	0.165000007	200	0	0
-6.75299978	66528.0078	0.108000003	200	0	0
-6.72800016	66528.0078	0.143000007	200	0	0
-6.73899984	66528.0078	0.126000002	200	0	0
-6.74300003	66528.0078	0.177000001	200	0	0
-6.73400021	66529	0.231999993	200	0	0
-6.73899984	66529	0.165000007	200	0	0
-6.73899984	66529	0.178000003	200	0	0
-6.72900009	66529	0.194999993	200	0	0
-6.73999977	66529	0.204999998	200	0	0
-6.73099995	66526	0.296000004	200	0	0
-6.73699999	66529	0.140000001	200	0	0
-6.73600006	66529	0.127000004	200	0	0
-6.73000002	66530	0.195999995	200	0	0
-6.72900009	66530	0.236000001	200	0	0
-6.74399996	66530	0.244000003	200	0	0
-6.73500013	66530	0.207000002	200	0	0
-6.72700024	66530	0.184	200	0	0
-6.73199987	66530	0.128999993	200	0	0
-6.72900009	66530	0.143999994	200	0	0
-6.73899984	66530	0.166999996	200	0	0
-6.73699999	66531	0.207000002	200	0	0
-6.73899984	66531	0.231999993	200	0	0
-6.72800016	66531	0.196999997	200	0	0
-6.73000002	66531	0.129999995	200	0	0
-6.72599983	66531	0.184	200	0	0
-6.73400021	66531	0.142000005	200	0	0
-6.73999977	66531	0.165999994	200	0	0
-6.73099995	66531	0.116999999	200	0	0
-6.75600004	66532	0.239999995	200	0	0
-6.73699999	66532	0.232999995	200	0	0
-6.73799992	66532	0.166999996	200	0	0
-6.7329998	66532	0.181999996	200	0	0
-6.73099995	66532	0.209000006	200	0	0
-6.7329998	66532	0.194999993	200	0	0
-6.7329998	66532	0.143000007	200	0	0
-6.73999977	66532	0.127000004	200	0	0
-6.7329998	66533	0.208000004	200	0	0
-6.73799992	66533	0.166999996	200	0	0
-6.73400021	66533	0.194999993	200	0	0
-6.73699999	66533	0.180000007	200	0	0
-6.73699999	66533	0.141000003	200	0	0
-6.73400021	66533	0.128999993	200	0	0
-6.73500013	66533	0.115000002	200	0	0
-6.74800014	66533	0.241999999	200	0	0
-6.74300003	66533	0.231000006	200	0	0
-6.7329998	66534.0078	0.208000004	200	0	0
-6.73500013	66534.0078	0.142000005	200	0	0
-6.73199987	66534.0078	0.194999993	200	0	0
-6.73799992	66534.0078	0.180000007	200	0	0
-6.74100018	66534.0078	0.165999994	200	0	0
-6.72900009	66534.0078	0.129999995	200	0	0
-6.73799992	66534.0078	0.114	200	0	0
-6.74700022	66534.0078	0.230000004	200	0	0
-6.73799992	66535	0.166999996	200	0	0
-6.74499989	66535	0.230000004	200	0	0
-6.73400021	66535	0.180999994	200	0	0
-6.72399998	66535	0.210999995	200	0	0
-6.73400021	66535	0.194999993	200	0	0
-6.73199987	66535	0.115999997	200	0	0
-6.73400021	66535	0.142000005	200	0	0
-6.73600006	66535	0.128000006	200	0	0
-6.72700024	66536	0.143999994	200	0	0
-6.73400021	66536	0.115999997	200	0	0
-6.73899984	66536	0.127000004	200	0	0
-6.74599981	66536	0.230000004	200	0	0
-6.72599983	66536	0.209999993	200	0	0
-6.7329998	66536	0.169	200	0	0
-6.73099995	66536	0.195999995	200	0	0
-6.73600006	66536	0.180999994	200	0	0
-6.73999977	66537	0.204999998	200	0	0
-6.74100018	66537	0.231999993	200	0	0
-6.73199987	66537	0.169	200	0	0
-6.74100018	66537	0.179000005	200	0	0
-6.73799992	66537	0.193000004	200	0	0
-6.74300003	66537	0.244000003	200	0	0
-6.73500013	66537	0.128000006	200	0	0
-6.7329998	66537	0.142000005	200	0	0
-6.7420001	66538	0.270000011	200	0	0
-6.74100018	66538	0.257999986	200	0	0
-6.74100018	66538	0.245000005	200	0	0
-6.72800016	66538	0.236000001	200	0	0
-6.72599983	66538	0.131999999	200	0	0
-6.71799994	66538	0.147	200	0	0
-6.72900009	66538	0.182999998	200	0	0
-6.72300005	66538	0.172000006	200	0	0
-6.71700001	66538	0.122000001	200	0	0
-6.73699999	66539	0.232999995	200	0	0
-6.73699999	66539	0.166999996	200	0	0
-6.7329998	66539	0.208000004	200	0	0
-6.7249999	66539	0.185000002	200	0	0
-6.73799992	66539	0.193000004	200	0	0
-6.75299978	66539	0.239999995	200	0	0
-6.73000002	66539	0.143000007	200	0	0
-6.73899984	66539	0.127000004	200	0	0
-6.73500013	66540.0078	0.167999998	200	0	0
-6.75	66540.0078	0.240999997	200	0	0
-6.73699999	66540.0078	0.180000007	200	0	0
-6.73600006	66540.0078	0.232999995	200	0	0
-6.72700024	66540.0078	0.196999997	200	0	0
-6.73799992	66540.0078	0.206	200	0	0
-6.73000002	66541	0.129999995	200	0	0
-6.7329998	66540.0078	0.142000005	200	0	0
-6.73199987	66540.0078	0.128999993	200	0	0
-6.73000002	66541	0.116999999	200	0	0
-6.73199987	66541	0.208000004	200	0	0
-6.73699999	66541	0.232999995	200	0	0
-6.73600006	66542	0.232999995	200	0	0
-6.71999979	66541	0.199000001	200	0	0
-6.73199987	66541	0.143000007	200	0	0
-6.73400021	66541	0.180999994	200	0	0
-6.7329998	66541	0.169	200	0	0
-6.73099995	66542	0.181999996	200	0	0
-6.72900009	66542	0.209000006	200	0	0
-6.72700024	66542	0.171000004	200	0	0
-6.72399998	66542	0.197999999	200	0	0
-6.73699999	66543	0.166999996	200	0	0
-6.73400021	66542	0.128999993	200	0	0
-6.72900009	66542	0.143999994	200	0	0
-6.73699999	66542	0.114	200	0	0
-6.75	66543	0.240999997	200	0	0
-6.7329998	66543	0.181999996	200	0	0
-6.73699999	66543	0.232999995	200	0	0
-6.72300005	66543	0.197999999	200	0	0
-6.73099995	66543	0.209000006	200	0	0
-6.73199987	66544	0.143000007	200	0	0
-6.7329998	66543	0.115999997	200	0	0
-6.73000002	66543	0.129999995	200	0	0
-6.72700024	66543	0.143999994	200	0	0
-6.73400021	66544	0.194999993	200	0	0
-6.72599983	66544	0.130999997	200	0	0
-6.72700024	66544	0.184	200	0	0
-6.72900009	66544	0.170000002	200	0	0
-6.72599983	66544	0.209999993	200	0	0
-6.73199987	66544	0.233999997	200	0	0
-6.72900009	66544	0.116999999	200	0	0
-6.73000002	66545	0.182999998	200	0	0
-6.73600006	66545	0.167999998	200	0	0
-6.72900009	66545	0.129999995	200	0	0
-6.72700024	66545	0.143999994	200	0	0
-6.72800016	66545	0.196999997	200	0	0
-6.72800016	66545	0.209999993	200	0	0
-6.73000002	66545	0.234999999	200	0	0
-6.74399996	66545	0.244000003	200	0	0
-6.72700024	66546	0.171000004	200	0	0
-6.74399996	66546	0.231000006	200	0	0
-6.72900009	66546	0.182999998	200	0	0
-6.73000002	66546	0.195999995	200	0	0
-6.72900009	66546	0.209000006	200	0	0
-6.74100018	66547	0.231999993	200	0	0
-6.72700024	66546	0.130999997	200	0	0
-6.73099995	66546	0.143000007	200	0	0
-6.74300003	66547	0.244000003	200	0	0
-6.7579999	66546	0.107000001	200	0	0
-6.72200012	66547	0.211999997	200	0	0
-6.72700024	66547	0.196999997	200	0	0
-6.7249999	66547	0.172000006	200	0	0
-6.72700024	66547	0.143999994	200	0	0
-6.71999979	66547	0.134000003	200	0	0
-6.73000002	66547	0.182999998	200	0	0
-6.72800016	66548	0.196999997	200	0	0
-6.73500013	66548	0.232999995	200	0	0
-6.73699999	66548	0.128000006	200	0	0
-6.73199987	66548	0.143000007	200	0	0
-6.73199987	66548	0.181999996	200	0	0
-6.73699999	66548	0.166999996	200	0	0
-6.73099995	66548	0.116999999	200	0	0
-6.73500013	66549	0.128000006	200	0	0
-6.71899986	66549	0.200000003	200	0	0
-6.73500013	66549	0.142000005	200	0	0
-6.73799992	66549	0.180000007	200	0	0
-6.73099995	66549	0.169	200	0	0
-6.71799994	66549	0.213	200	0	0
-6.72599983	66549	0.236000001	200	0	0
-6.72399998	66550	0.144999996	200	0	0
-6.73000002	66550	0.129999995	200	0	0
-6.72800016	66549	0.118000001	200	0	0
-6.74100018	66550	0.245000005	200	0	0
-6.71999979	66550	0.172999993	200	0	0
-6.73199987	66550	0.181999996	200	0	0
-6.74100018	66550	0.231999993	200	0	0
-6.70800018	66551	0.256000012	200	0	0
-6.72300005	66551	0.263999999	200	0	0
-6.71999979	66551	0.238999993	200	0	0
-6.72100019	66551	0.186000004	200	0	0
-6.70900011	66551	0.137999997	200	0	0
-6.71500015	66552	0.136000007	200	0	0
-6.71999979	66552	0.200000003	200	0	0
-6.7329998	66552	0.143000007	200	0	0
-6.72399998	66552	0.186000004	200	0	0
-6.72700024	66552	0.172000006	200	0	0
-6.7249999	66552	0.211999997	200	0	0
-6.71299982	66551	0.280000001	200	0	0
-6.73199987	66552	0.234999999	200	0	0
-6.73999977	66552	0.246000007	200	0	0
-6.72900009	66553.0078	0.185000002	200	0	0
-6.72399998	66553.0078	0.173999995	200	0	0
-6.72800016	66553.0078	0.133000001	200	0	0
-6.72599983	66553.0078	0.147	200	0	0
-6.73099995	66553.0078	0.237000003	200	0	0
-6.71899986	66553.0078	0.215000004	200	0	0
-6.72100019	66553.0078	0.201000005	200	0	0
-6.71899986	66554	0.216000006	200	0	0
-6.72399998	66554	0.149000004	200	0	0
-6.73000002	66554	0.199000001	200	0	0
-6.71700001	66554	0.189999998	200	0	0
-6.72900009	66554	0.172999993	200	0	0
-6.72100019	66554	0.240999997	200	0	0
-6.71400023	66551	0.305999994	200	0	0
-6.72800016	66555	0.213	200	0	0
-6.71000004	66555	0.206	200	0	0
-6.72300005	66555	0.136000007	200	0	0
-6.72599983	66555	0.148000002	200	0	0
-6.71799994	66555	0.189999998	200	0	0
-6.72399998	66555	0.174999997	200	0	0
-6.73199987	66555	0.238000005	200	0	0
-6.72599983	66556	0.202000007	200	0	0
-6.72100019	66556	0.216000006	200	0	0
-6.73799992	66556	0.25	200	0	0
-6.73000002	66556	0.238999993	200	0	0
-6.72700024	66555	0.120999999	200	0	0
-6.70599985	66551	0.32100001	200	0	0
-6.72599983	66556	0.174999997	200	0	0
-6.72399998	66556	0.188999996	200	0	0
-6.71899986	66556	0.137999997	200	0	0
-6.72399998	66556	0.149000004	200	0	0
-6.72300005	66556	0.123999998	200	0	0
-6.73000002	66557	0.238999993	200	0	0
-6.72599983	66557	0.174999997	200	0	0
-6.72900009	66557	0.214000002	200	0	0
-6.73199987	66557	0.186000004	200	0	0
-6.7249999	66557	0.202000007	200	0	0
-6.74599981	66557	0.246999994	200	0	0
-6.70499992	66557	0.143000007	200	0	0
-6.72200012	66557	0.150000006	200	0	0
-6.72900009	66557	0.122000001	200	0	0
-6.72100019	66558	0.151999995	200	0	0
-6.73000002	66558	0.240999997	200	0	0
-6.73099995	66558	0.174999997	200	0	0
-6.71899986	66558	0.217999995	200	0	0
-6.72399998	66558	0.189999998	200	0	0
-6.72300005	66558	0.202999994	200	0	0
-6.73999977	66558	0.25	200	0	0
-6.71199989	66551	0.331999987	200	0	0
-6.71999979	66559.0078	0.178000003	200	0	0
-6.72200012	66559.0078	0.125	200	0	0
-6.71999979	66559.0078	0.151999995	200	0	0
-6.71799994	66559.0078	0.140000001	200	0	0
-6.72900009	66559.0078	0.214000002	200	0	0
-6.7329998	66559.0078	0.239999995	200	0	0
-6.73500013	66559.0078	0.252000004	200	0	0
-6.71099997	66559.0078	0.208000004	200	0	0
-6.71799994	66559.0078	0.192000002	200	0	0
-6.71799994	66560	0.217999995	200	0	0
-6.73099995	66560	0.239999995	200	0	0
-6.73500013	66560	0.252000004	200	0	0
-6.71500015	66551	0.344000012	200	0	0
-6.72200012	66560	0.203999996	200	0	0
-6.72100019	66560	0.151999995	200	0	0
-6.72599983	66560	0.175999999	200	0	0
-6.7249999	66560	0.189999998	200	0	0
-6.71899986	66560	0.138999999	200	0	0
-6.72800016	66561	0.175999999	200	0	0
-6.72100019	66561	0.151999995	200	0	0
-6.72200012	66561	0.137999997	200	0	0
-6.72300005	66561	0.243000001	200	0	0
-6.72700024	66561	0.215000004	200	0	0
-6.72399998	66561	0.189999998	200	0	0
-6.72900009	66561	0.254000008	200	0	0
-6.71500015	66551	0.370000005	200	0	0
-6.72200012	66562	0.151999995	200	0	0
-6.73600006	66562	0.211999997	200	0	0
-6.72300005	66562	0.203999996	200	0	0
-6.72700024	66562	0.175999999	200	0	0
-6.7329998	66562	0.187000006	200	0	0
-6.73000002	66563	0.136000007	200	0	0
-6.73099995	66563	0.239999995	200	0	0
-6.73799992	66562	0.250999987	200	0	0
-6.72900009	66562	0.240999997	200	0	0
-6.73699999	66563	0.250999987	200	0	0
-6.71899986	66563	0.192000002	200	0	0
-6.72599983	66563	0.202000007	200	0	0
-6.69299984	66563	0.122000001	200	0	0
-6.7329998	66563	0.173999995	200	0	0
-6.71199989	66563	0.128000006	200	0	0
-6.72200012	66563	0.150999993	200	0	0
-6.71799994	66551	0.381999999	200	0	0
-6.74100018	66564	0.25	200	0	0
-6.72599983	66564	0.175999999	200	0	0
-6.72800016	66564	0.240999997	200	0	0
-6.72399998	66564	0.189999998	200	0	0
-6.71899986	66564	0.204999998	200	0	0
-6.72100019	66564	0.216999993	200	0	0
-6.73400021	66564	0.120999999	200	0	0
-6.72300005	66564	0.150999993	200	0	0
-6.72800016	66565.0078	0.240999997	200	0	0
-6.72399998	66565.0078	0.177000001	200	0	0
-6.72700024	66565.0078	0.216000006	200	0	0
-6.71999979	66565.0078	0.191	200	0	0
-6.72399998	66565.0078	0.202999994	200	0	0
-6.73899984	66565.0078	0.25	200	0	0
-6.73000002	66566	0.240999997	200	0	0
-6.7249999	66565.0078	0.136999995	200	0	0
-6.71999979	66565.0078	0.151999995	200	0	0
-6.71899986	66566	0.138999999	200	0	0
-6.72300005	66565.0078	0.125	200	0	0
-6.73000002	66567	0.240999997	200	0	0
-6.71899986	66566	0.204999998	200	0	0
-6.71600008	66566	0.218999997	200	0	0
-6.71999979	66566	0.256999999	200	0	0
-6.71999979	66566	0.151999995	200	0	0
-6.71500015	66566	0.193000004	200	0	0
-6.72100019	66566	0.178000003	200	0	0
-6.84200001	66559.0078	0.230000004	200	0	0
-6.7249999	66567	0.189999998	200	0	0
-6.72100019	66567	0.178000003	200	0	0
-6.71999979	66567	0.138999999	200	0	0
-6.71700001	66567	0.152999997	200	0	0
-6.71400023	66567	0.207000002	200	0	0
-6.72100019	66567	0.216999993	200	0	0
-6.72200012	66567	0.256000012	200	0	0
-6.71600008	66568	0.218999997	200	0	0
-6.70699978	66568	0.143999994	200	0	0
-6.71000004	66568	0.208000004	200	0	0
-6.71500015	66568	0.153999999	200	0	0
-6.71799994	66568	0.192000002	200	0	0
-6.71899986	66568	0.179000005	200	0	0
-6.72900009	66568	0.254000008	200	0	0
-6.72300005	66568	0.243000001	200	0	0
-6.70800018	66569	0.209000006	200	0	0
-6.71700001	66569	0.192000002	200	0	0
-6.71500015	66569	0.180000007	200	0	0
-6.72900009	66569	0.254000008	200	0	0
-6.72399998	66569	0.243000001	200	0	0
-6.72100019	66569	0.216999993	200	0	0
-6.71199989	66569	0.142000005	200	0	0
-6.71500015	66569	0.153999999	200	0	0
-6.71799994	66570	0.204999998	200	0	0
-6.72100019	66570	0.151999995	200	0	0
-6.71700001	66570	0.192000002	200	0	0
-6.71400023	66570	0.180000007	200	0	0
-6.71299982	66570	0.219999999	200	0	0
-6.72900009	66570	0.254000008	200	0	0
-6.73000002	66570	0.240999997	200	0	0
-6.71199989	66571	0.194000006	200	0	0
-6.71299982	66571	0.180999994	200	0	0
-6.70900011	66571	0.143000007	200	0	0
-6.70900011	66571	0.156000003	200	0	0
-6.71600008	66571	0.245000005	200	0	0
-6.71099997	66571	0.208000004	200	0	0
-6.71999979	66572	0.178000003	200	0	0
-6.71400023	66572	0.153999999	200	0	0
-6.71899986	66572	0.138999999	200	0	0
-6.71600008	66572	0.206	200	0	0
-6.71299982	66572	0.259000003	200	0	0
-6.71700001	66572	0.218999997	200	0	0
-6.71000004	66572	0.246999994	200	0	0
-6.72700024	66571	0.254999995	200	0	0
-6.71700001	66572	0.192000002	200	0	0
-6.72399998	66573	0.216000006	200	0	0
-6.72700024	66573	0.241999999	200	0	0
-6.72800016	66573	0.254000008	200	0	0
-6.71500015	66573	0.206	200	0	0
-6.71500015	66573	0.153999999	200	0	0
-6.7249999	66573	0.189999998	200	0	0
-6.7249999	66573	0.177000001	200	0	0
-6.71999979	66574	0.217999995	200	0	0
-6.73899984	66573	0.131999999	200	0	0
-6.72800016	66574	0.202000007	200	0	0
-6.73199987	66574	0.252999991	200	0	0
-6.72300005	66574	0.243000001	200	0	0
-6.71500015	66574	0.153999999	200	0	0
-6.71400023	66574	0.194000006	200	0	0
-6.72900009	66574	0.174999997	200	0	0
-6.72100019	66575	0.192000002	200	0	0
-6.71299982	66575	0.208000004	200	0	0
-6.71700001	66575	0.219999999	200	0	0
-6.71600008	66575	0.259000003	200	0	0
-6.72100019	66575	0.245000005	200	0	0
-6.71600008	66575	0.180999994	200	0	0
-6.71700001	66575	0.155000001	200	0	0
-6.72200012	66575	0.140000001	200	0	0
-6.71999979	66576	0.206	200	0	0
-6.71500015	66576	0.221000001	200	0	0
-6.71600008	66576	0.259000003	200	0	0
-6.72399998	66576	0.244000003	200	0	0
-6.8670001	66568	0.261000007	200	0	0
-6.86899996	66567	0.273999989	200	0	0
-6.8579998	66568	0.237000003	200	0	0
-6.86600018	66566	0.275000006	200	0	0
-6.86399984	66567	0.236000001	200	0	0
-6.86000013	66567	0.224000007	200	0	0
-6.86999989	66566	0.25999999	200	0	0
-6.86600018	66565.0078	0.275000006	200	0	0
-6.88399982	66565.0078	0.216000006	200	0	0
-6.87599993	66564	0.272000015	200	0	0
-6.85400009	66566	0.238999993	200	0	0
-6.87699986	66563	0.270999998	200	0	0
-6.86299992	66564	0.261999995	200	0	0
-6.85699987	66565.0078	0.238000005	200	0	0
-6.87200022	66562	0.273000002	200	0	0
-6.86999989	66564	0.219999999	200	0	0
-6.8670001	66563	0.261000007	200	0	0
-6.86999989	66561	0.273000002	200	0	0
-6.8579998	66563	0.237000003	200	0	0
-6.85200024	66563	0.225999996	200	0	0
-6.85500002	66562	0.224999994	200	0	0
-6.86399984	66561	0.222000003	200	0	0
-6.85200024	66561	0.239999995	200	0	0
-6.85400009	66560	0.238999993	200	0	0
-6.85200024	66560	0.225999996	200	0	0
-6.71500015	66576	0.155000001	200	0	0
-6.71000004	66576	0.182999998	200	0	0
-6.72100019	66576	0.192000002	200	0	0
-6.71199989	66576	0.143000007	200	0	0
-6.69199991	66576	0.123999998	200	0	0
-6.71799994	66576	0.128000006	200	0	0
-6.72200012	66577	0.256999999	200	0	0
-6.71000004	66577	0.182999998	200	0	0
-6.72100019	66577	0.245000005	200	0	0
-6.71799994	66577	0.193000004	200	0	0
-6.71500015	66577	0.208000004	200	0	0
-6.71400023	66577	0.221000001	200	0	0
-6.71400023	66577	0.156000003	200	0	0
-6.71600008	66577	0.142000005	200	0	0
-6.72100019	66578.0078	0.245000005	200	0	0
-6.71700001	66578.0078	0.180999994	200	0	0
-6.71500015	66578.0078	0.194000006	200	0	0
-6.71899986	66578.0078	0.218999997	200	0	0
-6.71799994	66578.0078	0.206	200	0	0
-6.71600008	66578.0078	0.155000001	200	0	0
-6.71500015	66579	0.180999994	200	0	0
-6.71400023	66578.0078	0.142000005	200	0	0
-6.73000002	66579	0.254999995	200	0	0
-6.72599983	66578.0078	0.256000012	200	0	0
-6.71600008	66579	0.155000001	200	0	0
-6.71799994	66580	0.207000002	200	0	0
-6.72100019	66579	0.245000005	200	0	0
-6.71099997	66579	0.222000003	200	0	0
-6.70200014	66579	0.199000001	200	0	0
-6.71700001	66579	0.141000003	200	0	0
-6.70900011	66580	0.157000005	200	0	0
-6.70900011	66580	0.222000003	200	0	0
-6.71199989	66580	0.181999996	200	0	0
-6.71400023	66580	0.194999993	200	0	0
-6.71199989	66580	0.143000007	200	0	0
-6.71600008	66581	0.246000007	200	0	0
-6.71000004	66580	0.261000007	200	0	0
-6.72200012	66580	0.244000003	200	0	0
-6.71199989	66581	0.143000007	200	0	0
-6.70900011	66581	0.209000006	200	0	0
-6.71199989	66581	0.156000003	200	0	0
-6.71700001	66581	0.194000006	200	0	0
-6.72100019	66581	0.179000005	200	0	0
-6.72900009	66581	0.123999998	200	0	0
-6.70200014	66581	0.224999994	200	0	0
-6.73099995	66581	0.254000008	200	0	0
-6.72100019	66582	0.257999986	200	0	0
-6.71400023	66582	0.181999996	200	0	0
-6.71500015	66582	0.246999994	200	0	0
-6.69999981	66582	0.213	200	0	0
-6.71600008	66582	0.194000006	200	0	0
-6.71099997	66582	0.222000003	200	0	0
-6.71000004	66582	0.143999994	200	0	0
-6.71000004	66582	0.157000005	200	0	0
-6.71000004	66583	0.182999998	200	0	0
-6.72300005	66583	0.244000003	200	0	0
-6.71999979	66583	0.193000004	200	0	0
-6.70100021	66583	0.224999994	200	0	0
-6.71799994	66583	0.207000002	200	0	0
-6.71799994	66583	0.141000003	200	0	0
-6.71999979	66583	0.152999997	200	0	0
-6.71000004	66584.0078	0.157000005	200	0	0
-6.69899988	66584.0078	0.213	200	0	0
-6.71600008	66584.0078	0.219999999	200	0	0
-6.71700001	66584.0078	0.180999994	200	0	0
-6.71199989	66584.0078	0.195999995	200	0	0
-6.71299982	66585	0.208000004	200	0	0
-6.72399998	66584.0078	0.244000003	200	0	0
-6.71600008	66585	0.219999999	200	0	0
-6.71799994	66584.0078	0.259000003	200	0	0
-6.71099997	66584.0078	0.143000007	200	0	0
-6.72100019	66585	0.179000005	200	0	0
-6.71500015	66585	0.194000006	200	0	0
-6.72399998	66585	0.256999999	200	0	0
-6.70800018	66585	0.248999998	200	0	0
-6.86199999	66577	0.30399999	200	0	0
-6.87300014	66575	0.326000005	200	0	0
-6.86999989	66577	0.287999988	200	0	0
-6.88399982	66577	0.270000011	200	0	0
-6.86100006	66576	0.30399999	200	0	0
-6.87400007	66574	0.324999988	200	0	0
-6.89499998	66572	0.331	200	0	0
-6.8670001	66576	0.289000005	200	0	0
-6.8829999	66576	0.270000011	200	0	0
-6.86499977	66575	0.303000003	200	0	0
-6.875	66573	0.324000001	200	0	0
-6.86199999	66575	0.289999992	200	0	0
-6.87900019	66572	0.323000014	200	0	0
-6.86899996	66574	0.300000012	200	0	0
-6.88100004	66571	0.323000014	200	0	0
-6.88700008	66570	0.32100001	200	0	0
-6.86399984	66574	0.287999988	200	0	0
-6.86899996	66573	0.300000012	200	0	0
-6.87200022	66574	0.273000002	200	0	0
-6.87900019	66572	0.216999993	200	0	0
-6.8670001	66574	0.261000007	200	0	0
-6.86899996	66573	0.287	200	0	0
-6.86299992	66573	0.275999993	200	0	0
-6.85900021	66573	0.263999999	200	0	0
-6.86800003	66571	0.300000012	200	0	0
-6.84499979	66571	0.229000002	200	0	0
-6.84600019	66572	0.241999999	200	0	0
-6.83799982	66570	0.231000006	200	0	0
-6.87599993	66572	0.270999998	200	0	0
-6.87099981	66571	0.232999995	200	0	0
-6.86399984	66572	0.261999995	200	0	0
-6.86800003	66571	0.287	200	0	0
-6.87699986	66569	0.296999991	200	0	0
-6.87200022	66571	0.273000002	200	0	0
-6.86399984	66570	0.236000001	200	0	0
-6.84600019	66569	0.241999999	200	0	0
-6.86999989	66567	0.287	200	0	0
-6.87200022	66569	0.286000013	200	0	0
-6.86800003	66568	0.287	200	0	0
-6.86600018	66570	0.275000006	200	0	0
-6.86899996	66570	0.25999999	200	0	0
-6.86399984	66569	0.275000006	200	0	0
-6.86399984	66568	0.275000006	200	0	0
-6.87599993	66569	0.257999986	200	0	0
-6.90500021	66576	0.209999993	200	0	0
-6.95699978	66560	0.312000006	200	0	0
-6.94799995	66559.0078	0.314999998	200	0	0
-6.95699978	66561	0.312000006	200	0	0
-6.95200014	66558	0.31400001	200	0	0
-6.95100021	66557	0.298999995	200	0	0
-6.93400002	66555	0.263999999	200	0	0
-6.94700003	66556	0.300999999	200	0	0
-6.9380002	66555	0.301999986	200	0	0
-6.71600008	66585	0.141000003	200	0	0
-6.71099997	66585	0.156000003	200	0	0
-6.71899986	66586	0.218999997	200	0	0
-6.71999979	66586	0.245000005	200	0	0
-6.72399998	66586	0.256999999	200	0	0
-6.70800018	66586	0.157000005	200	0	0
-6.71299982	66586	0.208000004	200	0	0
-6.71700001	66586	0.194000006	200	0	0
-6.71999979	66586	0.180000007	200	0	0
-6.71299982	66587	0.221000001	200	0	0
-6.71899986	66586	0.140000001	200	0	0
-6.70900011	66587	0.209000006	200	0	0
-6.72599983	66587	0.256000012	200	0	0
-6.71299982	66587	0.246999994	200	0	0
-6.70900011	66587	0.143999994	200	0	0
-6.70800018	66587	0.157000005	200	0	0
-6.71500015	66587	0.194000006	200	0	0
-6.71500015	66587	0.180999994	200	0	0
-6.70599985	66588	0.223000005	200	0	0
-6.704	66588	0.145999998	200	0	0
-6.70599985	66588	0.209999993	200	0	0
-6.70300007	66588	0.158999994	200	0	0
-6.70100021	66588	0.199000001	200	0	0
-6.70200014	66588	0.186000004	200	0	0
-6.72399998	66588	0.282999992	200	0	0
-6.71199989	66588	0.246999994	200	0	0
-6.71400023	66588	0.25999999	200	0	0
-6.73000002	66588	0.26699999	200	0	0
-6.70200014	66588	0.133000001	200	0	0
-6.72300005	66589	0.244000003	200	0	0
-6.71299982	66589	0.181999996	200	0	0
-6.72200012	66589	0.192000002	200	0	0
-6.71299982	66589	0.221000001	200	0	0
-6.704	66589	0.210999995	200	0	0
-6.71600008	66589	0.141000003	200	0	0
-6.704	66589	0.158999994	200	0	0
-6.72599983	66589	0.256000012	200	0	0
-6.71299982	66590.0078	0.208000004	200	0	0
-6.71199989	66590.0078	0.222000003	200	0	0
-6.71999979	66590.0078	0.257999986	200	0	0
-6.72100019	66590.0078	0.245000005	200	0	0
-6.704	66590.0078	0.185000002	200	0	0
-6.71099997	66590.0078	0.156000003	200	0	0
-6.70900011	66590.0078	0.143999994	200	0	0
-6.70599985	66590.0078	0.196999997	200	0	0
-6.71299982	66591	0.156000003	200	0	0
-6.71600008	66591	0.194000006	200	0	0
-6.71199989	66591	0.222000003	200	0	0
-6.71099997	66591	0.247999996	200	0	0
-6.71999979	66591	0.257999986	200	0	0
-6.71500015	66592	0.180999994	200	0	0
-6.70699978	66591	0.144999996	200	0	0
-6.71400023	66591	0.208000004	200	0	0
-6.70699978	66591	0.184	200	0	0
-6.71000004	66592	0.222000003	200	0	0
-6.71000004	66592	0.157000005	200	0	0
-6.70900011	66593	0.184	200	0	0
-6.70499992	66592	0.144999996	200	0	0
-6.71400023	66592	0.208000004	200	0	0
-6.71400023	66592	0.194999993	200	0	0
-6.72399998	66593	0.245000005	200	0	0
-6.71799994	66592	0.246000007	200	0	0
-6.70699978	66594	0.158999994	200	0	0
-6.70800018	66593	0.197999999	200	0	0
-6.69399977	66593	0.150000006	200	0	0
-6.71299982	66593	0.157000005	200	0	0
-6.69799995	66594	0.214000002	200	0	0
-6.70699978	66593	0.224000007	200	0	0
-6.70699978	66593	0.210999995	200	0	0
-6.73000002	66593	0.256000012	200	0	0
-6.71099997	66594	0.248999998	200	0	0
-6.71000004	66594	0.184	200	0	0
-6.71000004	66594	0.223000005	200	0	0
-6.71000004	66594	0.144999996	200	0	0
-6.70599985	66594	0.263999999	200	0	0
-6.85599995	66586	0.344999999	200	0	0
-6.86100006	66586	0.330000013	200	0	0
-6.90399981	66577	0.224000007	200	0	0
-6.85400009	66586	0.305999994	200	0	0
-6.88199997	66578.0078	0.216999993	200	0	0
-6.86100006	66585	0.342999995	200	0	0
-6.85599995	66585	0.331999987	200	0	0
-6.89400005	66578.0078	0.226999998	200	0	0
-6.85099983	66584.0078	0.347000003	200	0	0
-6.85699987	66584.0078	0.331	200	0	0
-6.86100006	66583	0.342999995	200	0	0
-6.85400009	66584.0078	0.305999994	200	0	0
-6.84399986	66582	0.349000007	200	0	0
-6.8579998	66581	0.344000012	200	0	0
-6.84600019	66579	0.34799999	200	0	0
-6.87300014	66579	0.25999999	200	0	0
-6.86800003	66580	0.340999991	200	0	0
-6.86199999	66581	0.330000013	200	0	0
-6.87799978	66575	0.338	200	0	0
-6.85699987	66581	0.305000007	200	0	0
-6.86899996	66578.0078	0.340999991	200	0	0
-6.87200022	66576	0.340000004	200	0	0
-6.86600018	66577	0.342000008	200	0	0
-6.87200022	66579	0.273999989	200	0	0
-6.85699987	66579	0.331	200	0	0
-6.8579998	66578.0078	0.331	200	0	0
-6.87599993	66576	0.324999988	200	0	0
-6.86299992	66577	0.330000013	200	0	0
-6.85599995	66579	0.305000007	200	0	0
-6.86100006	66578.0078	0.291000009	200	0	0
-6.86199999	66578.0078	0.30399999	200	0	0
-6.94500017	66552	0.298000008	200	0	0
-6.94999981	66552	0.310000002	200	0	0
-6.94000006	66553.0078	0.300999999	200	0	0
-6.9460001	66553.0078	0.312000006	200	0	0
-6.94399977	66554	0.300999999	200	0	0
-6.94799995	66554	0.312999994	200	0	0
-6.94500017	66555	0.31400001	200	0	0
-6.95599985	66556	0.31099999	200	0	0
-6.96000004	66557	0.310000002	200	0	0
-6.94799995	66550	0.296000004	200	0	0
-6.95800018	66550	0.305999994	200	0	0
-6.92799997	66550	0.263000011	200	0	0
-6.92799997	66550	0.275999993	200	0	0
-6.96000004	66549	0.305999994	200	0	0
-6.95800018	66548	0.305999994	200	0	0
-6.94199991	66548	0.298000008	200	0	0
-6.94700003	66546	0.296000004	200	0	0
-6.95100021	66547	0.294999987	200	0	0
-6.72200012	66594	0.127000004	200	0	0
-6.69999981	66595	0.252999991	200	0	0
-6.71000004	66595	0.184	200	0	0
-6.70800018	66595	0.197999999	200	0	0
-6.69899988	66595	0.226999998	200	0	0
-6.70499992	66595	0.211999997	200	0	0
-6.71000004	66595	0.261999995	200	0	0
-6.70499992	66595	0.133000001	200	0	0
-6.70300007	66595	0.147	200	0	0
-6.70499992	66595	0.159999996	200	0	0
-6.71299982	66597	0.222000003	200	0	0
-6.71999979	66596	0.259000003	200	0	0
-6.71099997	66596	0.184	200	0	0
-6.71500015	66596	0.247999996	200	0	0
-6.71000004	66596	0.196999997	200	0	0
-6.71299982	66596	0.209000006	200	0	0
-6.70900011	66596	0.224000007	200	0	0
-6.70900011	66597	0.210999995	200	0	0
-6.71400023	66597	0.247999996	200	0	0
-6.71099997	66597	0.143999994	200	0	0
-6.71000004	66596	0.158000007	200	0	0
-6.71099997	66596	0.143999994	200	0	0
-6.71099997	66597	0.184	200	0	0
-6.71099997	66597	0.196999997	200	0	0
-6.68200016	66597	0.142000005	200	0	0
-6.71099997	66597	0.158000007	200	0	0
-6.70100021	66598	0.213	200	0	0
-6.70800018	66598	0.224000007	200	0	0
-6.71099997	66598	0.261999995	200	0	0
-6.70699978	66598	0.25	200	0	0
-6.70100021	66598	0.148000002	200	0	0
-6.70200014	66598	0.160999998	200	0	0
-6.71000004	66598	0.196999997	200	0	0
-6.71199989	66598	0.182999998	200	0	0
-6.69299984	66598	0.137999997	200	0	0
-6.70499992	66599	0.159999996	200	0	0
-6.71299982	66599	0.247999996	200	0	0
-6.69700003	66599	0.226999998	200	0	0
-6.70900011	66599	0.184	200	0	0
-6.71000004	66599	0.196999997	200	0	0
-6.70900011	66599	0.210999995	200	0	0
-6.71299982	66600	0.222000003	200	0	0
-6.72300005	66599	0.257999986	200	0	0
-6.71099997	66599	0.143999994	200	0	0
-6.70800018	66600	0.197999999	200	0	0
-6.71700001	66600	0.181999996	200	0	0
-6.70499992	66600	0.133000001	200	0	0
-6.70100021	66600	0.148000002	200	0	0
-6.70800018	66600	0.158999994	200	0	0
-6.704	66600	0.211999997	200	0	0
-6.70300007	66600	0.263999999	200	0	0
-6.69700003	66600	0.254000008	200	0	0
-6.82399988	66592	0.236000001	200	0	0
-6.83199978	66595	0.354000002	200	0	0
-6.84600019	66595	0.335999995	200	0	0
-6.82700014	66593	0.354999989	200	0	0
-6.82800007	66593	0.342000008	200	0	0
-6.83799982	66592	0.349999994	200	0	0
-6.85900021	66592	0.331	200	0	0
-6.829	66591	0.340000004	200	0	0
-6.83900023	66591	0.349999994	200	0	0
-6.83099985	66590.0078	0.352999985	200	0	0
-6.85599995	66589	0.331999987	200	0	0
-6.86299992	66589	0.342999995	200	0	0
-6.85200024	66588	0.333000004	200	0	0
-6.85099983	66588	0.345999986	200	0	0
-6.85500002	66587	0.331999987	200	0	0
-6.86199999	66586	0.356000006	200	0	0
-6.85099983	66587	0.345999986	200	0	0
-6.85500002	66600	0.280000001	200	0	0
-6.86199999	66599	0.277999997	200	0	0
-6.83699989	66600	0.273000002	200	0	0
-6.85200024	66599	0.268000007	200	0	0
-6.829	66600	0.248999998	200	0	0
-6.84499979	66597	0.284000009	200	0	0
-6.83099985	66598	0.275000006	200	0	0
-6.83799982	66599	0.232999995	200	0	0
-6.84200001	66597	0.272000015	200	0	0
-6.82999992	66598	0.248999998	200	0	0
-6.84399986	66596	0.270999998	200	0	0
-6.82000017	66600	0.370000005	200	0	0
-6.84200001	66600	0.337000012	200	0	0
-6.81799984	66600	0.35800001	200	0	0
-6.86199999	66599	0.344000012	200	0	0
-6.82200003	66599	0.368999988	200	0	0
-6.81599998	66598	0.358999997	200	0	0
-6.82499981	66598	0.368999988	200	0	0
-6.83699989	66598	0.338999987	200	0	0
-6.85200024	66597	0.347000003	200	0	0
-6.84200001	66597	0.337000012	200	0	0
-6.82399988	66596	0.356000006	200	0	0
