-12.7559996	69780	0.160999998	200	0	0
-12.7410002	69783	0.0700000003	200	0	0
-12.7320004	69789	0.140000001	200	0	0
-12.7419996	69782	0.0689999983	200	0	0
-12.7290001	69786	0.0949999988	200	0	0
-12.7410002	69789	0.160999998	200	0	0
-12.7510004	69780	0.0700000003	200	0	0
-12.7399998	69781	0.0719999969	200	0	0
-12.7290001	69785	0.0949999988	200	0	0
-12.7419996	69788	0.137999997	200	0	0
-12.7379999	69784.0078	0.0930000022	200	0	0
-12.7449999	69788	0.160999998	200	0	0
-12.7390003	69783	0.0930000022	200	0	0
-12.7349997	69787	0.140000001	200	0	0
-12.7460003	69782	0.0920000002	200	0	0
-12.7519999	69787	0.158999994	200	0	0
-12.7349997	69781	0.0960000008	200	0	0
-12.7480001	69780	0.0930000022	200	0	0
-12.7370005	69786	0.138999999	200	0	0
-12.7370005	69786	0.162	200	0	0
-12.7379999	69785	0.138999999	200	0	0
-12.7419996	69785	0.160999998	200	0	0
-12.7360001	69784.0078	0.140000001	200	0	0
-12.75	69784.0078	0.159999996	200	0	0
-12.7530003	69783	0.136000007	200	0	0
-12.7379999	69783	0.162	200	0	0
-12.7539997	69782	0.136000007	200	0	0
-12.7440004	69781	0.140000001	200	0	0
-12.7480001	69780	0.138999999	200	0	0
-12.7480001	69782	0.159999996	200	0	0
-12.7489996	69781	0.162	200	0	0
-12.7309999	69787	-0.0209999997	200	0	0
-12.7370005	69790.0078	0.138999999	200	0	0
-12.7440004	69786	-0.023	200	0	0
-12.7559996	69780	0.160999998	200	0	0
-12.7390003	69780	-0.0199999996	200	0	0
-12.7469997	69784.0078	-0.0240000002	200	0	0
-12.7390003	69785	-0.0219999999	200	0	0
-12.7290001	69792	0.0949999988	200	0	0
-12.7440004	69782	-0.023	200	0	0
-12.7440004	69781	-0.0209999997	200	0	0
-12.7440004	69792	0.0460000001	200	0	0
-12.7449999	69783	-0.023	200	0	0
-12.7449999	69791	0.023	200	0	0
-12.7340002	69792	0.0710000023	200	0	0
-12.7279997	69791	0.0949999988	200	0	0
-12.7399998	69790.0078	0.0240000002	200	0	0
-12.7370005	69791	0.0469999984	200	0	0
-12.7220001	69791	0.0729999989	200	0	0
-12.7360001	69789	0.0240000002	200	0	0
-12.7340002	69790.0078	0.0939999968	200	0	0
-12.7460003	69790.0078	0.0460000001	200	0	0
-12.7349997	69790.0078	0.0710000023	200	0	0
-12.7399998	69788	0.0240000002	200	0	0
-12.7340002	69789	0.0939999968	200	0	0
-12.7440004	69789	0.0460000001	200	0	0
-12.7399998	69787	0.0240000002	200	0	0
-12.7329998	69789	0.0710000023	200	0	0
-12.743	69788	0.0460000001	200	0	0
-12.7370005	69788	0.0930000022	200	0	0
-12.7340002	69786	0.0250000004	200	0	0
-12.743	69780	0.0250000004	200	0	0
-12.7550001	69781	0.023	200	0	0
-12.7449999	69785	0.023	200	0	0
-12.7360001	69788	0.0700000003	200	0	0
-12.7309999	69787	0.0939999968	200	0	0
-12.7379999	69782	0.0240000002	200	0	0
-12.7390003	69784.0078	0.0240000002	200	0	0
-12.7290001	69787	0.0489999987	200	0	0
-12.7349997	69783	0.0250000004	200	0	0
-12.7370005	69787	0.0700000003	200	0	0
-12.7410002	69786	0.0469999984	200	0	0
-12.7469997	69780	0.0480000004	200	0	0
-12.7460003	69785	0.0450000018	200	0	0
-12.7390003	69786	0.0700000003	200	0	0
-12.7410002	69781	0.0489999987	200	0	0
-12.7449999	69782	0.0460000001	200	0	0
-12.7489996	69783	0.0450000018	200	0	0
-12.7440004	69784.0078	0.0460000001	200	0	0
-12.7349997	69785	0.0710000023	200	0	0
-12.7360001	69784.0078	0.0710000023	200	0	0
-12.7390003	69796	0.0719999969	200	0	0
-12.7440004	69798	0.163000003	200	0	0
-12.7320004	69797	0.0960000008	200	0	0
-12.743	69798	0.140000001	200	0	0
-12.7259998	69795	0.074000001	200	0	0
-12.7349997	69797	0.165000007	200	0	0
-12.7360001	69796	0.0949999988	200	0	0
-12.7200003	69794	0.0759999976	200	0	0
-12.7390003	69797	0.141000003	200	0	0
-12.7299995	69793	0.0719999969	200	0	0
-12.743	69796	0.163000003	200	0	0
-12.7270002	69795	0.0970000029	200	0	0
-12.7279997	69796	0.143000007	200	0	0
-12.7229996	69794	0.0979999974	200	0	0
-12.7379999	69795	0.164000005	200	0	0
-12.7259998	69793	0.0949999988	200	0	0
-12.7349997	69795	0.142000005	200	0	0
-12.7290001	69794	0.165999994	200	0	0
-12.7410002	69794	0.141000003	200	0	0
-12.7299995	69793	0.163000003	200	0	0
-12.7299995	69793	0.140000001	200	0	0
-12.7320004	69792	0.163000003	200	0	0
-12.7449999	69792	0.137999997	200	0	0
-12.7469997	69791	0.159999996	200	0	0
-12.7329998	69790.0078	0.163000003	200	0	0
-12.7290001	69791	0.141000003	200	0	0
-12.7390003	69792	0.0240000002	200	0	0
-12.7379999	69794	0.0489999987	200	0	0
-12.7370005	69793	0.0469999984	200	0	0
-12.7320004	69795	0.0270000007	200	0	0
-12.7390003	69796	-0.0430000015	200	0	0
-12.7349997	69795	-0.0649999976	200	0	0
-12.7370005	69796	-0.0199999996	200	0	0
-12.7360001	69794	0.0260000005	200	0	0
-12.7370005	69794	-0.0659999996	200	0	0
-12.724	69795	-0.0399999991	200	0	0
-12.75	69795	-0.0219999999	200	0	0
-12.7309999	69793	-0.0670000017	200	0	0
-12.7370005	69793	0.0240000002	200	0	0
-12.724	69794	-0.0399999991	200	0	0
-12.7200003	69794	-0.0160000008	200	0	0
-12.7370005	69792	-0.0680000037	200	0	0
-12.7489996	69781	-0.0450000018	200	0	0
-12.7279997	69793	-0.0430000015	200	0	0
-12.7370005	69793	-0.0219999999	200	0	0
-12.7460003	69782	-0.0469999984	200	0	0
-12.7410002	69792	-0.0460000001	200	0	0
-12.7399998	69785	-0.0689999983	200	0	0
-12.7449999	69786	-0.0700000003	200	0	0
-12.7320004	69789	-0.0670000017	200	0	0
-12.7279997	69792	-0.0199999996	200	0	0
-12.7349997	69787	-0.0680000037	200	0	0
-12.7379999	69791	-0.0450000018	200	0	0
-12.7299995	69783	-0.0430000015	200	0	0
-12.7510004	69784.0078	-0.0480000004	200	0	0
-12.7580004	69785	-0.0489999987	200	0	0
-12.7349997	69791	-0.0209999997	200	0	0
-12.7340002	69790.0078	-0.0439999998	200	0	0
-12.7489996	69786	-0.0469999984	200	0	0
-12.7370005	69789	-0.0450000018	200	0	0
-12.724	69790.0078	-0.0189999994	200	0	0
-12.7390003	69788	-0.0450000018	200	0	0
-12.7410002	69787	-0.0460000001	200	0	0
-12.7320004	69789	-0.0209999997	200	0	0
-12.7419996	69788	-0.023	200	0	0
-12.7399998	69799	0.0970000029	200	0	0
-12.7320004	69797	0.0729999989	200	0	0
-12.7379999	69799	0.165999994	200	0	0
-12.7460003	69798	0.0939999968	200	0	0
-12.7370005	69799	0.143000007	200	0	0
-12.7320004	69801	0.0520000011	200	0	0
-12.7370005	69799	0.0280000009	200	0	0
-12.7410002	69800	0.143000007	200	0	0
-12.7320004	69801	0.075000003	200	0	0
-12.7379999	69800	0.050999999	200	0	0
-12.7410002	69801	0.0970000029	200	0	0
-12.7279997	69798	0.0280000009	200	0	0
-12.7329998	69797	0.0270000007	200	0	0
-12.7489996	69796	0.0240000002	200	0	0
-12.7379999	69799	0.050999999	200	0	0
-12.7309999	69800	0.075000003	200	0	0
-12.7360001	69800	0.0979999974	200	0	0
-12.7360001	69798	0.0500000007	200	0	0
-12.7379999	69799	0.074000001	200	0	0
-12.75	69797	0.0469999984	200	0	0
-12.7250004	69798	0.074000001	200	0	0
-12.7370005	69796	0.0489999987	200	0	0
-12.7419996	69795	0.0480000004	200	0	0
-12.7329998	69799	-0.0170000009	200	0	0
-12.7309999	69801	0.0299999993	200	0	0
-12.7270002	69798	-0.0179999992	200	0	0
-12.7419996	69797	-0.0209999997	200	0	0
-12.7320004	69800	0.0289999992	200	0	0
-12.7410002	69800	-0.0179999992	200	0	0
-12.7390003	69798	-0.0430000015	200	0	0
-12.7220001	69797	-0.0399999991	200	0	0
-12.7349997	69805	0.0309999995	200	0	0
-12.7259998	69805	0.101999998	200	0	0
-12.7340002	69802	0.145999998	200	0	0
-12.7469997	69805	0.0520000011	200	0	0
-12.7379999	69805	0.0759999976	200	0	0
-12.7340002	69804	0.0309999995	200	0	0
-12.7290001	69801	0.144999996	200	0	0
-12.7180004	69804	0.103	200	0	0
-12.7399998	69804	0.0529999994	200	0	0
-12.7309999	69803.0078	0.0320000015	200	0	0
-12.7410002	69804	0.0759999976	200	0	0
-12.7270002	69803.0078	0.101000004	200	0	0
-12.7189999	69803.0078	0.0799999982	200	0	0
-12.7360001	69802	0.0309999995	200	0	0
-12.7349997	69803.0078	0.0540000014	200	0	0
-12.7290001	69802	0.101000004	200	0	0
-12.7379999	69802	0.0529999994	200	0	0
-12.7279997	69802	0.0780000016	200	0	0
-12.7419996	69807	0.144999996	200	0	0
-12.7390003	69807	0.167999998	200	0	0
-12.7379999	69806	0.144999996	200	0	0
-12.743	69806	0.166999996	200	0	0
-12.7320004	69805	0.145999998	200	0	0
-12.7349997	69805	0.169	200	0	0
-12.7270002	69804	0.147	200	0	0
-12.7329998	69804	0.169	200	0	0
-12.7379999	69803.0078	0.144999996	200	0	0
-12.7270002	69803.0078	0.170000002	200	0	0
-12.7449999	69802	0.166999996	200	0	0
-12.7449999	69801	0.187999994	200	0	0
-12.7410002	69801	0.165999994	200	0	0
-12.7259998	69800	0.167999998	200	0	0
-12.7349997	69806	0.0540000014	200	0	0
-12.717	69806	0.0799999982	200	0	0
-12.7259998	69806	0.101999998	200	0	0
-12.7259998	69807	0.101999998	200	0	0
-12.7379999	69801	-0.0179999992	200	0	0
-12.7360001	69796	-0.0659999996	200	0	0
-12.7410002	69799	-0.0410000011	200	0	0
-12.7299995	69804	-0.0140000004	200	0	0
-12.7469997	69797	-0.0680000037	200	0	0
-12.7309999	69798	-0.0649999976	200	0	0
-12.7390003	69802	-0.0390000008	200	0	0
-12.743	69803.0078	-0.0170000009	200	0	0
-12.7370005	69801	-0.0410000011	200	0	0
-12.75	69802	-0.0179999992	200	0	0
-12.7460003	69805	-0.0170000009	200	0	0
-12.7309999	69805	-0.0599999987	200	0	0
-12.7419996	69805	-0.0399999991	200	0	0
-12.7329998	69804	-0.0610000007	200	0	0
-12.7290001	69804	-0.0370000005	200	0	0
-12.7419996	69803.0078	-0.063000001	200	0	0
-12.7379999	69803.0078	-0.0390000008	200	0	0
-12.7349997	69802	-0.0610000007	200	0	0
-12.7299995	69801	-0.061999999	200	0	0
-12.7370005	69795	-0.0890000015	200	0	0
-12.7410002	69800	-0.0649999976	200	0	0
-12.7290001	69808	0.0549999997	200	0	0
-12.7329998	69806	0.0309999995	200	0	0
-12.724	69808	0.0790000036	200	0	0
-12.7379999	69807	0.0529999994	200	0	0
-12.7360001	69808	0.100000001	200	0	0
-12.7290001	69807	0.0780000016	200	0	0
-12.7329998	69808	0.145999998	200	0	0
-12.7440004	69808	0.166999996	200	0	0
-12.7360001	69808	-0.0149999997	200	0	0
-12.7320004	69809.0078	0.101000004	200	0	0
-12.7270002	69810	0.0780000016	200	0	0
-12.7390003	69810	0.0299999993	200	0	0
-12.7410002	69807	-0.0160000008	200	0	0
-12.7399998	69810	0.0529999994	200	0	0
-12.7259998	69809.0078	0.0790000036	200	0	0
-12.7309999	69809.0078	0.0320000015	200	0	0
-12.7259998	69806	-0.0130000003	200	0	0
-12.7279997	69809.0078	0.0549999997	200	0	0
-12.7379999	69808	0.0299999993	200	0	0
-12.7370005	69807	0.0309999995	200	0	0
-12.7270002	69806	-0.0370000005	200	0	0
-12.7419996	69809.0078	0.167999998	200	0	0
-12.7290001	69809.0078	0.147	200	0	0
-12.7270002	69810	0.101000004	200	0	0
-12.7320004	69808	-0.0379999988	200	0	0
-12.7320004	69807	-0.0610000007	200	0	0
-12.7410002	69806	-0.061999999	200	0	0
-12.7379999	69807	-0.0390000008	200	0	0
-12.757	69809.0078	-0.0199999996	200	0	0
-12.7309999	69809.0078	-0.0599999987	200	0	0
-12.7539997	69808	-0.0649999976	200	0	0
-12.7360001	69809.0078	-0.0379999988	200	0	0
-12.7399998	69812	-0.0390000008	200	0	0
-12.7360001	69812	0.100000001	200	0	0
-12.7419996	69813	-0.0170000009	200	0	0
-12.743	69811	-0.0399999991	200	0	0
-12.7460003	69814	0.0520000011	200	0	0
-12.7290001	69813	0.0780000016	200	0	0
-12.7290001	69811	0.101000004	200	0	0
-12.7390003	69814	0.0299999993	200	0	0
-12.7379999	69810	-0.0390000008	200	0	0
-12.7349997	69812	-0.0149999997	200	0	0
-12.7309999	69813	0.0549999997	200	0	0
-12.7370005	69812	0.0759999976	200	0	0
-12.7250004	69813	0.0329999998	200	0	0
-12.7460003	69811	0.075000003	200	0	0
-12.7250004	69811	-0.0130000003	200	0	0
-12.743	69812	0.0520000011	200	0	0
-12.7360001	69812	0.0309999995	200	0	0
-12.7379999	69810	-0.0160000008	200	0	0
-12.7309999	69811	0.0549999997	200	0	0
-12.7329998	69811	0.0309999995	200	0	0
-12.7259998	69812	0.170000002	200	0	0
-12.7329998	69814	0.0769999996	200	0	0
-12.7329998	69813	0.145999998	200	0	0
-12.7349997	69814	0.100000001	200	0	0
-12.7360001	69811	0.167999998	200	0	0
-12.7250004	69810	0.170000002	200	0	0
-12.7349997	69812	0.145999998	200	0	0
-12.7399998	69813	0.0989999995	200	0	0
-12.7220001	69811	0.148000002	200	0	0
-12.7299995	69810	0.147	200	0	0
-12.7370005	69815.0078	0.0970000029	200	0	0
-12.7399998	69816	0.165000007	200	0	0
-12.7270002	69816	0.144999996	200	0	0
-12.7279997	69815.0078	0.167999998	200	0	0
-12.7309999	69815.0078	0.143999994	200	0	0
-12.7399998	69814	0.167999998	200	0	0
-12.7370005	69814	0.144999996	200	0	0
-12.7340002	69813	0.169	200	0	0
-12.743	69815.0078	0.0270000007	200	0	0
-12.7370005	69815.0078	0.074000001	200	0	0
-12.7399998	69815.0078	0.050999999	200	0	0
-12.7320004	69816	0.075000003	200	0	0
-12.7360001	69816	0.0970000029	200	0	0
-12.7449999	69813	-0.0399999991	200	0	0
-12.7410002	69812	-0.063000001	200	0	0
-12.7489996	69811	-0.064000003	200	0	0
-12.7390003	69810	-0.061999999	200	0	0
-12.7329998	69812	-0.0839999989	200	0	0
-12.7299995	69814	-0.0370000005	200	0	0
-12.7399998	69813	-0.061999999	200	0	0
-12.7460003	69814	-0.0170000009	200	0	0
-12.7309999	69817	0.0320000015	200	0	0
-12.7279997	69817	0.0780000016	200	0	0
-12.7349997	69817	0.0540000014	200	0	0
-12.75	69816	0.0260000005	200	0	0
-12.75	69816	0.0489999987	200	0	0
-12.7360001	69817	0.100000001	200	0	0
-12.7340002	69818	0.145999998	200	0	0
-12.7449999	69817	0.166999996	200	0	0
-12.7480001	69817	0.143000007	200	0	0
-12.7460003	69818	0.166999996	200	0	0
-12.7449999	69816	-0.0659999996	200	0	0
-12.7379999	69817	-0.0390000008	200	0	0
-12.7399998	69817	-0.0160000008	200	0	0
-12.743	69815.0078	-0.0649999976	200	0	0
-12.7489996	69816	-0.0430000015	200	0	0
-12.7390003	69816	-0.0179999992	200	0	0
-12.7259998	69815.0078	-0.0390000008	200	0	0
-12.7390003	69815.0078	-0.0179999992	200	0	0
-12.7419996	69818	0.075000003	200	0	0
-12.7329998	69818	0.100000001	200	0	0
-12.7390003	69819	0.0529999994	200	0	0
-12.7250004	69819	0.101999998	200	0	0
-12.7329998	69818	0.0309999995	200	0	0
-12.7440004	69819	0.075000003	200	0	0
-12.7489996	69818	0.050999999	200	0	0
-12.7440004	69818	-0.0170000009	200	0	0
-12.7360001	69819	0.0309999995	200	0	0
-12.7489996	69817	-0.064000003	200	0	0
-12.7449999	69818	-0.0399999991	200	0	0
-12.7349997	69819	-0.0610000007	200	0	0
-12.7440004	69818	-0.063000001	200	0	0
-12.75	69821	-0.0160000008	200	0	0
-12.7349997	69821	-0.0590000004	200	0	0
-12.7460003	69821	-0.0379999988	200	0	0
-12.7299995	69820	-0.0599999987	200	0	0
-12.7379999	69820	-0.0160000008	200	0	0
-12.7449999	69820	-0.0399999991	200	0	0
-12.7449999	69819	-0.0170000009	200	0	0
-12.743	69819	-0.0399999991	200	0	0
-12.757	69819	0.165000007	200	0	0
-12.7449999	69820	0.0520000011	200	0	0
-12.7440004	69821	0.0780000016	200	0	0
-12.7329998	69820	0.145999998	200	0	0
-12.7360001	69821	0.101999998	200	0	0
-12.7469997	69820	0.075000003	200	0	0
-12.7360001	69819	0.145999998	200	0	0
-12.7320004	69820	0.100000001	200	0	0
-12.7290001	69822	-0.0579999983	200	0	0
-12.7399998	69821	0.0320000015	200	0	0
-12.7379999	69822	-0.0140000004	200	0	0
-12.743	69820	0.0289999992	200	0	0
-12.7299995	69823	0.0799999982	200	0	0
-12.7379999	69822	0.101999998	200	0	0
-12.7329998	69823	0.0329999998	200	0	0
-12.75	69823	0.0529999994	200	0	0
-12.7220001	69822	0.0590000004	200	0	0
-12.7299995	69822	0.0340000018	200	0	0
-12.7440004	69821	0.0540000014	200	0	0
-12.7440004	69821	0.145999998	200	0	0
-12.7349997	69821	0.171000004	200	0	0
-12.7399998	69820	0.167999998	200	0	0
-12.7349997	69823	0.101999998	200	0	0
-12.75	69822	0.167999998	200	0	0
-12.7340002	69822	0.148000002	200	0	0
-12.7370005	69824	0.0560000017	200	0	0
-12.7440004	69824	0.0780000016	200	0	0
-12.7370005	69824	0.101999998	200	0	0
-12.7360001	69825	0.148000002	200	0	0
-12.7370005	69825	0.171000004	200	0	0
-12.7670002	69824	0.187999994	200	0	0
-12.7410002	69824	0.147	200	0	0
-12.7469997	69824	0.169	200	0	0
-12.7320004	69823	0.172000006	200	0	0
-12.7299995	69824	-0.0120000001	200	0	0
-12.743	69824	0.0320000015	200	0	0
-12.7390003	69823	-0.0140000004	200	0	0
-12.7360001	69825	0.101999998	200	0	0
-12.7360001	69825	0.0560000017	200	0	0
-12.7360001	69825	0.0790000036	200	0	0
-12.7469997	69823	-0.061999999	200	0	0
-12.7340002	69823	-0.0359999985	200	0	0
-12.7349997	69824	-0.0359999985	200	0	0
-12.7580004	69825	-0.0170000009	200	0	0
-12.7449999	69826	0.0540000014	200	0	0
-12.7390003	69826	0.0320000015	200	0	0
-12.743	69825	0.0320000015	200	0	0
-12.7410002	69826	0.101000004	200	0	0
-12.7360001	69826	0.0790000036	200	0	0
-12.7460003	69827	0.169	200	0	0
-12.7349997	69827	0.148000002	200	0	0
-12.7320004	69826	0.172000006	200	0	0
-12.7440004	69826	0.145999998	200	0	0
-12.7279997	69825	-0.0350000001	200	0	0
-12.7440004	69825	-0.0610000007	200	0	0
-12.7370005	69826	-0.0130000003	200	0	0
-12.7390003	69826	-0.0599999987	200	0	0
-12.7320004	69826	-0.0350000001	200	0	0
-12.7399998	69827	0.0320000015	200	0	0
-12.7379999	69827	0.101999998	200	0	0
-12.7469997	69827	0.0540000014	200	0	0
-12.7259998	69827	0.0810000002	200	0	0
-12.7390003	69828.0078	0.0780000016	200	0	0
-12.7379999	69828.0078	0.0329999998	200	0	0
-12.7419996	69828.0078	0.0549999997	200	0	0
-12.7469997	69828.0078	0.100000001	200	0	0
-12.7340002	69827	-0.0359999985	200	0	0
-12.7480001	69827	-0.0160000008	200	0	0
-12.7419996	69827	-0.0610000007	200	0	0
-12.743	69828.0078	-0.0379999988	200	0	0
-12.7489996	69828.0078	-0.061999999	200	0	0
-12.7399998	69830	-0.0579999983	200	0	0
-12.7349997	69829	0.0329999998	200	0	0
-12.7309999	69830	-0.0329999998	200	0	0
-12.7519999	69829	-0.061999999	200	0	0
-12.7410002	69830	-0.0120000001	200	0	0
-12.7480001	69829	-0.0390000008	200	0	0
-12.743	69829	-0.0149999997	200	0	0
-12.7550001	69828.0078	-0.0170000009	200	0	0
-12.7349997	69831	-0.057	200	0	0
-12.7460003	69831	-0.0359999985	200	0	0
-12.7399998	69828.0078	0.147	200	0	0
-12.7480001	69828.0078	0.169	200	0	0
-12.7379999	69829	0.0790000036	200	0	0
-12.743	69829	0.0549999997	200	0	0
-12.7270002	69830	0.105999999	200	0	0
-12.7489996	69830	0.0560000017	200	0	0
-12.7460003	69830	0.0790000036	200	0	0
-12.724	69829	0.104000002	200	0	0
-12.7460003	69829	0.169	200	0	0
-12.7469997	69829	0.145999998	200	0	0
-12.7299995	69831	-0.00999999978	200	0	0
-12.7440004	69830	0.148000002	200	0	0
-12.7510004	69832	0.0549999997	200	0	0
-12.7469997	69831	0.0329999998	200	0	0
-12.7390003	69832	0.103	200	0	0
-12.7390003	69832	0.0810000002	200	0	0
-12.7220001	69831	0.107000001	200	0	0
-12.7419996	69831	0.057	200	0	0
-12.7399998	69831	0.0799999982	200	0	0
-12.7489996	69832	0.0329999998	200	0	0
-12.7279997	69830	0.173999995	200	0	0
-12.7299995	69831	0.150999993	200	0	0
-12.7320004	69831	0.173999995	200	0	0
-12.7510004	69833	0.0320000015	200	0	0
-12.7320004	69833	0.0820000023	200	0	0
-12.7530003	69833	0.0549999997	200	0	0
-12.7320004	69833	0.104999997	200	0	0
-12.7290001	69832	0.150999993	200	0	0
-12.7559996	69834.0078	0.169	200	0	0
-12.7349997	69834.0078	0.150000006	200	0	0
-12.7460003	69833	0.171000004	200	0	0
-12.7449999	69833	0.148000002	200	0	0
-12.7580004	69832	0.169	200	0	0
-12.7390003	69833	-0.0350000001	200	0	0
-12.7390003	69832	-0.0579999983	200	0	0
-12.7379999	69833	-0.0109999999	200	0	0
-12.7360001	69832	-0.0109999999	200	0	0
-12.7379999	69834.0078	0.0810000002	200	0	0
-12.7419996	69834.0078	0.103	200	0	0
-12.75	69834.0078	0.0320000015	200	0	0
-12.7419996	69834.0078	0.057	200	0	0
-12.7370005	69833	-0.057	200	0	0
-12.7440004	69834.0078	-0.0359999985	200	0	0
-12.7440004	69834.0078	-0.0120000001	200	0	0
-12.7399998	69835	0.0799999982	200	0	0
-12.7539997	69835	0.0320000015	200	0	0
-12.7370005	69835	0.0579999983	200	0	0
-12.7329998	69835	-0.00999999978	200	0	0
-12.724	69835	0.105999999	200	0	0
-12.7360001	69836	0.0810000002	200	0	0
-12.7460003	69836	0.148000002	200	0	0
-12.7620001	69836	0.167999998	200	0	0
-12.7480001	69835	0.148000002	200	0	0
-12.7469997	69835	0.171000004	200	0	0
-12.743	69834.0078	-0.0579999983	200	0	0
-12.7449999	69835	-0.0359999985	200	0	0
-12.7469997	69835	-0.0590000004	200	0	0
-12.7399998	69836	0.057	200	0	0
-12.7469997	69836	0.0329999998	200	0	0
-12.7340002	69836	0.104000002	200	0	0
-12.743	69837	0.103	200	0	0
-12.743	69837	0.057	200	0	0
-12.7419996	69837	0.0799999982	200	0	0
-12.7419996	69837	0.0340000018	200	0	0
-12.7340002	69837	-0.0340000018	200	0	0
-12.7460003	69836	-0.0590000004	200	0	0
-12.7299995	69836	-0.0329999998	200	0	0
-12.7340002	69837	-0.0109999999	200	0	0
-12.7559996	69837	-0.0610000007	200	0	0
-12.7309999	69838	-0.00800000038	200	0	0
-12.7399998	69839	-0.0329999998	200	0	0
-12.7489996	69839	-0.057	200	0	0
-12.7320004	69838	-0.0309999995	200	0	0
-12.7480001	69838	-0.057	200	0	0
-12.7460003	69838	0.0579999983	200	0	0
-12.7469997	69838	0.0350000001	200	0	0
-12.7410002	69839	-0.00999999978	200	0	0
-12.7299995	69840.0078	-0.0309999995	200	0	0
-12.7519999	69840.0078	-0.0579999983	200	0	0
-12.7360001	69840.0078	-0.00899999961	200	0	0
-12.7469997	69837	0.171000004	200	0	0
-12.7469997	69837	0.148000002	200	0	0
-12.7480001	69838	0.172999993	200	0	0
-12.7399998	69838	0.104999997	200	0	0
-12.7390003	69838	0.0829999968	200	0	0
-12.7399998	69839	0.0820000023	200	0	0
-12.7329998	69838	0.152999997	200	0	0
-12.7379999	69839	0.105999999	200	0	0
-12.7559996	69839	0.0329999998	200	0	0
-12.7440004	69839	0.0590000004	200	0	0
-12.7419996	69839	0.173999995	200	0	0
-12.7370005	69839	0.151999995	200	0	0
-12.7399998	69840.0078	0.104999997	200	0	0
-12.7410002	69841	0.0820000023	200	0	0
-12.7519999	69841	0.0340000018	200	0	0
-12.7469997	69841	0.0579999983	200	0	0
-12.7410002	69840.0078	0.0820000023	200	0	0
-12.7489996	69840.0078	0.0350000001	200	0	0
-12.7480001	69840.0078	0.0579999983	200	0	0
-12.7349997	69840.0078	0.151999995	200	0	0
-12.7360001	69841	0.105999999	200	0	0
-12.75	69840.0078	0.172999993	200	0	0
-12.7379999	69842	-0.00899999961	200	0	0
-12.7379999	69842	0.0599999987	200	0	0
-12.7399998	69841	-0.00999999978	200	0	0
-12.7449999	69842	0.0350000001	200	0	0
-12.7370005	69842	0.105999999	200	0	0
-12.7329998	69842	0.0839999989	200	0	0
-12.7469997	69841	0.150000006	200	0	0
-12.7489996	69841	0.172999993	200	0	0
-12.7370005	69843	0.151999995	200	0	0
-12.7510004	69843	0.172000006	200	0	0
-12.7550001	69842	0.148000002	200	0	0
-12.75	69842	0.172999993	200	0	0
-12.7460003	69842	-0.057	200	0	0
-12.7390003	69842	-0.0329999998	200	0	0
-12.7469997	69841	-0.057	200	0	0
-12.7379999	69841	-0.0320000015	200	0	0
-12.7539997	69843	0.057	200	0	0
-12.7390003	69843	0.105999999	200	0	0
-12.7349997	69843	0.0829999968	200	0	0
-12.7480001	69843	-0.0109999999	200	0	0
-12.7449999	69843	0.0350000001	200	0	0
-12.7460003	69843	-0.057	200	0	0
-12.7259998	69843	-0.0299999993	200	0	0
-12.7379999	69844	0.105999999	200	0	0
-12.7489996	69844	0.0579999983	200	0	0
-12.7340002	69844	0.0839999989	200	0	0
-12.7449999	69844	0.0350000001	200	0	0
-12.7489996	69844	-0.0350000001	200	0	0
-12.7309999	69844	-0.00800000038	200	0	0
-12.7530003	69845	0.057	200	0	0
-12.7290001	69845	0.108000003	200	0	0
-12.7379999	69845	0.0829999968	200	0	0
-12.7379999	69845	0.174999997	200	0	0
-12.717	69844	0.178000003	200	0	0
-12.7410002	69845	0.150999993	200	0	0
-12.7440004	69844	0.150999993	200	0	0
-12.7460003	69844	-0.057	200	0	0
-12.7419996	69845	0.0359999985	200	0	0
-12.7510004	69846	0.0799999982	200	0	0
-12.7449999	69846	0.104000002	200	0	0
-12.7539997	69846	0.0340000018	200	0	0
-12.7489996	69846	0.0579999983	200	0	0
-12.7480001	69845	-0.0109999999	200	0	0
-12.7519999	69846	-0.0120000001	200	0	0
-12.7469997	69846	-0.057	200	0	0
-12.75	69846	-0.0350000001	200	0	0
-12.7519999	69845	-0.0579999983	200	0	0
-12.7390003	69845	-0.0329999998	200	0	0
-12.7650003	69847	-0.0149999997	200	0	0
-12.7419996	69847	-0.0329999998	200	0	0
-12.7489996	69848	-0.0579999983	200	0	0
-12.7419996	69848	-0.00999999978	200	0	0
-12.75	69848	-0.0350000001	200	0	0
-12.7600002	69847	-0.0599999987	200	0	0
-12.75	69849	-0.0579999983	200	0	0
-12.7370005	69847	0.0829999968	200	0	0
-12.7460003	69847	0.0350000001	200	0	0
-12.7530003	69847	0.057	200	0	0
-12.7399998	69849	-0.00999999978	200	0	0
-12.7530003	69849	-0.0350000001	200	0	0
-12.7550001	69850	-0.0590000004	200	0	0
-12.743	69848	0.0359999985	200	0	0
-12.7469997	69847	0.172999993	200	0	0
-12.7390003	69846	0.151999995	200	0	0
-12.7449999	69846	0.172999993	200	0	0
-12.7320004	69847	0.152999997	200	0	0
-12.7390003	69848	0.105999999	200	0	0
-12.7349997	69847	0.105999999	200	0	0
-12.75	69848	0.0579999983	200	0	0
-12.743	69848	0.0820000023	200	0	0
-12.7510004	69848	0.149000004	200	0	0
-12.7379999	69848	0.174999997	200	0	0
-12.7419996	69850	0.104999997	200	0	0
-12.7440004	69849	0.0820000023	200	0	0
-12.7410002	69849	0.104999997	200	0	0
-12.7480001	69849	0.0350000001	200	0	0
-12.7379999	69850	0.0599999987	200	0	0
-12.7510004	69850	0.0799999982	200	0	0
-12.7480001	69849	0.0579999983	200	0	0
-12.7469997	69850	0.0350000001	200	0	0
-12.75	69849	0.172999993	200	0	0
-12.7250004	69849	0.153999999	200	0	0
-12.7390003	69851	-0.00899999961	200	0	0
-12.7370005	69850	-0.0320000015	200	0	0
-12.7440004	69850	-0.00999999978	200	0	0
-12.75	69851	0.0340000018	200	0	0
-12.7530003	69851	0.0799999982	200	0	0
-12.7419996	69851	0.0590000004	200	0	0
-12.7530003	69850	0.149000004	200	0	0
-12.7379999	69851	0.105999999	200	0	0
-12.757	69850	0.171000004	200	0	0
-12.757	69852	0.150999993	200	0	0
-12.7609997	69851	0.171000004	200	0	0
-12.75	69851	0.150000006	200	0	0
-12.7370005	69852	0.0850000009	200	0	0
-12.7550001	69852	0.0359999985	200	0	0
-12.7440004	69852	0.0610000007	200	0	0
-12.7379999	69852	0.108000003	200	0	0
-12.7410002	69852	-0.0309999995	200	0	0
-12.7320004	69853.0078	0.0860000029	200	0	0
-12.75	69853.0078	0.105999999	200	0	0
-12.7410002	69853.0078	0.0379999988	200	0	0
-12.7399998	69853.0078	0.061999999	200	0	0
-12.7360001	69853.0078	-0.00700000022	200	0	0
-12.7559996	69853.0078	-0.057	200	0	0
-12.7449999	69853.0078	-0.0320000015	200	0	0
-12.75	69854	0.0829999968	200	0	0
-12.7379999	69854	0.0390000008	200	0	0
-12.7629995	69854	0.057	200	0	0
-12.7510004	69853.0078	0.151999995	200	0	0
-12.7320004	69854	0.108999997	200	0	0
-12.7589998	69854	0.150000006	200	0	0
-12.7449999	69854	0.175999999	200	0	0
-12.743	69853.0078	0.175999999	200	0	0
-12.7349997	69855	0.108999997	200	0	0
-12.75	69855	0.0599999987	200	0	0
-12.7449999	69855	0.0839999989	200	0	0
-12.7489996	69855	-0.00899999961	200	0	0
-12.7480001	69854	-0.00899999961	200	0	0
-12.7530003	69855	0.0359999985	200	0	0
-12.743	69855	-0.0309999995	200	0	0
-12.7489996	69854	-0.0549999997	200	0	0
-12.7620001	69855	-0.0579999983	200	0	0
-12.7519999	69856	-0.0560000017	200	0	0
-12.75	69856	-0.00899999961	200	0	0
-12.7480001	69857	-0.0320000015	200	0	0
-12.7419996	69857	-0.0540000014	200	0	0
-12.75	69856	0.0370000005	200	0	0
-12.7480001	69857	-0.00899999961	200	0	0
-12.7410002	69858	-0.0309999995	200	0	0
-12.7589998	69858	-0.057	200	0	0
-12.7659998	69856	0.057	200	0	0
-12.75	69856	0.105999999	200	0	0
-12.7460003	69856	0.0829999968	200	0	0
-12.7519999	69857	0.0359999985	200	0	0
-12.7440004	69858	-0.00800000038	200	0	0
-12.7519999	69859.0078	-0.0329999998	200	0	0
-12.7489996	69859.0078	-0.0560000017	200	0	0
-12.7449999	69857	0.0610000007	200	0	0
-12.7550001	69856	0.150999993	200	0	0
-12.7670002	69856	0.171000004	200	0	0
-12.757	69855	0.150000006	200	0	0
-12.7480001	69855	0.174999997	200	0	0
-12.7460003	69857	0.0829999968	200	0	0
-12.7550001	69857	0.104999997	200	0	0
-12.7589998	69857	0.172999993	200	0	0
-12.75	69857	0.151999995	200	0	0
-12.7419996	69860	0.107000001	200	0	0
-12.7519999	69858	0.0590000004	200	0	0
-12.7510004	69858	0.150999993	200	0	0
-12.7440004	69859.0078	0.0839999989	200	0	0
-12.7489996	69859.0078	0.105999999	200	0	0
-12.7530003	69858	0.0820000023	200	0	0
-12.7480001	69858	0.105999999	200	0	0
-12.7519999	69858	0.0359999985	200	0	0
-12.75	69859.0078	0.0599999987	200	0	0
-12.7550001	69858	0.173999995	200	0	0
-12.7449999	69860	-0.0320000015	200	0	0
-12.75	69860	-0.00999999978	200	0	0
-12.7510004	69859.0078	-0.00999999978	200	0	0
-12.7530003	69860	0.0590000004	200	0	0
-12.7550001	69860	0.0350000001	200	0	0
-12.7480001	69860	0.0829999968	200	0	0
-12.7530003	69859.0078	0.173999995	200	0	0
-12.7589998	69859.0078	0.150000006	200	0	0
-12.7550001	69862	0.150999993	200	0	0
-12.7620001	69861	0.172000006	200	0	0
-12.7589998	69861	0.150000006	200	0	0
-12.7550001	69860	0.173999995	200	0	0
-12.7449999	69860	0.151999995	200	0	0
-12.7559996	69861	0.0579999983	200	0	0
-12.75	69861	0.104999997	200	0	0
-12.75	69861	0.0820000023	200	0	0
-12.7510004	69861	0.0359999985	200	0	0
-12.7550001	69861	-0.057	200	0	0
-12.757	69861	-0.0109999999	200	0	0
-12.7620001	69861	-0.0350000001	200	0	0
-12.7659998	69860	-0.0590000004	200	0	0
-12.7639999	69862	0.057	200	0	0
-12.7580004	69862	0.0810000002	200	0	0
-12.7309999	69862	0.108999997	200	0	0
-12.75	69862	0.0359999985	200	0	0
-12.7449999	69862	-0.0320000015	200	0	0
-12.7550001	69862	-0.0109999999	200	0	0
-12.7600002	69863	-0.0579999983	200	0	0
-12.7460003	69862	-0.0549999997	200	0	0
-12.7530003	69861	-0.0799999982	200	0	0
-12.7519999	69863	0.0590000004	200	0	0
-12.7600002	69863	0.103	200	0	0
-12.7440004	69863	0.0829999968	200	0	0
-12.7580004	69863	0.0350000001	200	0	0
-12.7410002	69862	0.175999999	200	0	0
-12.7550001	69863	0.172999993	200	0	0
-12.7580004	69863	0.150000006	200	0	0
-12.7629995	69864	0.103	200	0	0
-12.743	69864	0.0839999989	200	0	0
-12.7480001	69864	0.0370000005	200	0	0
-12.7620001	69864	0.057	200	0	0
-12.7550001	69864	-0.0340000018	200	0	0
-12.7519999	69864	-0.00999999978	200	0	0
-12.7620001	69863	-0.0350000001	200	0	0
-12.7510004	69863	-0.00999999978	200	0	0
-12.7480001	69865.0078	-0.0560000017	200	0	0
-12.7510004	69866	-0.00999999978	200	0	0
-12.7550001	69865.0078	-0.0109999999	200	0	0
-12.757	69866	-0.057	200	0	0
-12.7539997	69866	-0.0340000018	200	0	0
-12.7519999	69865.0078	0.0590000004	200	0	0
-12.7539997	69865.0078	0.0350000001	200	0	0
-12.7620001	69867	-0.0579999983	200	0	0
-12.7510004	69867	-0.00999999978	200	0	0
-12.7539997	69865.0078	0.0820000023	200	0	0
-12.7559996	69864	0.150000006	200	0	0
-12.75	69865.0078	0.104999997	200	0	0
-12.7419996	69866	0.0610000007	200	0	0
-12.7460003	69866	0.0370000005	200	0	0
-12.7559996	69869	-0.0340000018	200	0	0
-12.7519999	69868	-0.0560000017	200	0	0
-12.757	69868	-0.0109999999	200	0	0
-12.7580004	69868	-0.0340000018	200	0	0
-12.7489996	69869	-0.0560000017	200	0	0
-12.7410002	69866	0.0839999989	200	0	0
-12.7510004	69865.0078	0.173999995	200	0	0
-12.7700005	69865.0078	0.148000002	200	0	0
-12.7530003	69864	0.173999995	200	0	0
-12.7519999	69866	0.104999997	200	0	0
-12.7589998	69866	0.150000006	200	0	0
-12.75	69866	0.173999995	200	0	0
-12.7510004	69867	0.150999993	200	0	0
-12.7510004	69867	0.173999995	200	0	0
-12.7550001	69868	0.0579999983	200	0	0
-12.7550001	69869	0.0810000002	200	0	0
-12.7550001	69868	0.150999993	200	0	0
-12.7469997	69869	0.105999999	200	0	0
-12.7519999	69867	0.0590000004	200	0	0
-12.7539997	69868	0.0820000023	200	0	0
-12.7410002	69868	0.107000001	200	0	0
-12.7489996	69867	0.0829999968	200	0	0
-12.7449999	69867	0.105999999	200	0	0
-12.7609997	69867	0.0340000018	200	0	0
-12.7530003	69868	0.0359999985	200	0	0
-12.75	69869	0.0590000004	200	0	0
-12.7559996	69868	0.172999993	200	0	0
-12.7779999	69867	0.192000002	200	0	0
-12.7449999	69869	-0.00899999961	200	0	0
-12.75	69869	0.0359999985	200	0	0
-12.7659998	69871	0.171000004	200	0	0
-12.743	69870	0.107000001	200	0	0
-12.7559996	69871	0.150000006	200	0	0
-12.75	69870	0.173999995	200	0	0
-12.7510004	69870	0.150999993	200	0	0
-12.7659998	69869	0.171000004	200	0	0
-12.7639999	69869	0.149000004	200	0	0
-12.75	69870	0.0820000023	200	0	0
-12.7539997	69870	0.0350000001	200	0	0
-12.7489996	69870	0.0590000004	200	0	0
-12.7650003	69870	-0.0359999985	200	0	0
-12.7530003	69870	-0.057	200	0	0
-12.7469997	69870	-0.00899999961	200	0	0
-12.7460003	69871	0.0370000005	200	0	0
-12.7550001	69871	0.0810000002	200	0	0
-12.7620001	69871	0.057	200	0	0
-12.7489996	69871	0.104999997	200	0	0
-12.7580004	69871	-0.0579999983	200	0	0
-12.7469997	69871	-0.00899999961	200	0	0
-12.7519999	69871	-0.0329999998	200	0	0
-12.7580004	69873	-0.0579999983	200	0	0
-12.7419996	69872	-0.0309999995	200	0	0
-12.7609997	69872	-0.0810000002	200	0	0
-12.7589998	69872	-0.0579999983	200	0	0
-12.7440004	69871	-0.0780000016	200	0	0
-12.7419996	69872	0.0839999989	200	0	0
-12.7410002	69872	0.0379999988	200	0	0
-12.7390003	69872	0.0610000007	200	0	0
-12.7460003	69872	0.105999999	200	0	0
-12.7580004	69873	0.0350000001	200	0	0
-12.7519999	69872	0.150999993	200	0	0
-12.75	69872	0.173999995	200	0	0
-12.75	69873	0.0820000023	200	0	0
-12.7469997	69873	0.105999999	200	0	0
-12.7580004	69873	0.0579999983	200	0	0
-12.7620001	69872	-0.0120000001	200	0	0
-12.7629995	69874	0.057	200	0	0
-12.7550001	69874	-0.0340000018	200	0	0
-12.7550001	69873	-0.0109999999	200	0	0
-12.757	69873	-0.0340000018	200	0	0
-12.7550001	69872	-0.126000002	200	0	0
-12.7600002	69871	-0.127000004	200	0	0
-12.7550001	69874	-0.0799999982	200	0	0
-12.7639999	69874	-0.0590000004	200	0	0
-12.7580004	69873	-0.0810000002	200	0	0
-12.7559996	69875	-0.0340000018	200	0	0
-12.7629995	69874	0.0340000018	200	0	0
-12.7589998	69875	-0.0120000001	200	0	0
-12.7550001	69874	-0.0109999999	200	0	0
-12.7530003	69875	-0.0799999982	200	0	0
-12.7550001	69875	-0.057	200	0	0
-12.75	69875	0.0590000004	200	0	0
-12.7539997	69874	0.0820000023	200	0	0
-12.7580004	69875	0.0350000001	200	0	0
-12.7609997	69876	-0.0350000001	200	0	0
-12.7670002	69876	-0.0599999987	200	0	0
-12.7580004	69876	-0.0109999999	200	0	0
-12.75	69875	0.0820000023	200	0	0
-12.75	69874	0.104999997	200	0	0
-12.7530003	69873	0.173999995	200	0	0
-12.7550001	69873	0.150000006	200	0	0
-12.7559996	69879	-0.0340000018	200	0	0
-12.7589998	69876	0.0340000018	200	0	0
-12.7489996	69878.0078	-0.00999999978	200	0	0
-12.757	69878.0078	-0.0579999983	200	0	0
-12.75	69878.0078	-0.0329999998	200	0	0
-12.7510004	69877	-0.00999999978	200	0	0
-12.7559996	69877	-0.057	200	0	0
-12.7580004	69877	-0.0350000001	200	0	0
-12.7550001	69875	0.104000002	200	0	0
-12.7539997	69875	0.173999995	200	0	0
-12.7609997	69874	0.149000004	200	0	0
-12.7550001	69874	0.172999993	200	0	0
-12.7919998	69874	0.189999998	200	0	0
-12.7559996	69875	0.150000006	200	0	0
-12.7530003	69876	0.173999995	200	0	0
-12.7620001	69876	0.149000004	200	0	0
-12.757	69877	0.0810000002	200	0	0
-12.7550001	69877	0.0350000001	200	0	0
-12.7519999	69876	0.104999997	200	0	0
-12.7609997	69877	0.057	200	0	0
-12.7510004	69876	0.0820000023	200	0	0
-12.7639999	69876	0.0560000017	200	0	0
-12.7580004	69878.0078	0.104000002	200	0	0
-12.7489996	69878.0078	0.0590000004	200	0	0
-12.7530003	69878.0078	0.0820000023	200	0	0
-12.7580004	69877	0.104000002	200	0	0
-12.7609997	69877	0.172000006	200	0	0
-12.7620001	69877	0.149000004	200	0	0
-12.757	69878.0078	0.0350000001	200	0	0
-12.7510004	69880	0.150999993	200	0	0
-12.7639999	69880	0.172000006	200	0	0
-12.7539997	69879	0.150000006	200	0	0
-12.7639999	69879	0.172000006	200	0	0
-12.7629995	69878.0078	0.149000004	200	0	0
-12.7629995	69878.0078	0.172000006	200	0	0
-12.75	69879	0.0820000023	200	0	0
-12.7550001	69879	0.104000002	200	0	0
-12.7600002	69879	0.057	200	0	0
-12.7629995	69879	0.0340000018	200	0	0
-12.7600002	69879	-0.0120000001	200	0	0
-12.7580004	69879	-0.0579999983	200	0	0
-12.757	69880	0.0579999983	200	0	0
-12.7600002	69880	0.0340000018	200	0	0
-12.7530003	69880	0.104999997	200	0	0
-12.7580004	69880	0.0810000002	200	0	0
-12.7480001	69881	0.105999999	200	0	0
-12.7620001	69880	-0.0350000001	200	0	0
-12.7700005	69880	-0.0599999987	200	0	0
-12.7480001	69881	-0.00999999978	200	0	0
-12.7559996	69880	-0.0109999999	200	0	0
-12.7519999	69881	-0.0329999998	200	0	0
-12.7550001	69881	-0.057	200	0	0
-12.75	69881	0.173999995	200	0	0
-12.757	69885	-0.0599999987	200	0	0
-12.7550001	69885	-0.0130000003	200	0	0
-12.7489996	69885	-0.0350000001	200	0	0
-12.7620001	69886	0.0320000015	200	0	0
-12.7559996	69888	-0.0599999987	200	0	0
-12.7519999	69888	-0.0130000003	200	0	0
-12.7510004	69885	0.0340000018	200	0	0
-12.7539997	69888	-0.0359999985	200	0	0
-12.7620001	69887	-0.0610000007	200	0	0
-12.7580004	69887	-0.0140000004	200	0	0
-12.75	69887	-0.0350000001	200	0	0
-12.7580004	69886	-0.0599999987	200	0	0
-12.7550001	69886	-0.0130000003	200	0	0
-12.7539997	69886	-0.0359999985	200	0	0
-12.7550001	69885	0.0560000017	200	0	0
-12.7539997	69885	0.148000002	200	0	0
-12.757	69885	0.170000002	200	0	0
-12.7510004	69886	0.057	200	0	0
-12.7510004	69886	0.103	200	0	0
-12.7539997	69886	0.0790000036	200	0	0
-12.7519999	69885	0.103	200	0	0
-12.7580004	69885	0.0780000016	200	0	0
-12.7550001	69887	0.0790000036	200	0	0
-12.7600002	69886	0.147	200	0	0
-12.7539997	69887	0.101999998	200	0	0
-12.7679996	69887	0.0299999993	200	0	0
-12.7519999	69887	0.0560000017	200	0	0
-12.7449999	69886	0.172999993	200	0	0
-12.7559996	69888	0.0329999998	200	0	0
-12.75	69888	0.103	200	0	0
-12.7779999	69888	0.189999998	200	0	0
-12.7539997	69888	0.171000004	200	0	0
-12.7600002	69888	0.147	200	0	0
-12.7559996	69887	0.171000004	200	0	0
-12.7559996	69887	0.148000002	200	0	0
-12.7550001	69888	0.0560000017	200	0	0
-12.7609997	69888	0.0780000016	200	0	0
-12.7489996	69893	-0.0120000001	200	0	0
-12.7620001	69892	-0.0149999997	200	0	0
-12.7550001	69893	-0.0599999987	200	0	0
-12.7550001	69891	-0.0130000003	200	0	0
-12.7600002	69892	-0.0370000005	200	0	0
-12.7639999	69892	-0.0610000007	200	0	0
-12.7589998	69891	-0.0370000005	200	0	0
-12.7670002	69891	-0.061999999	200	0	0
-12.7550001	69892	0.0560000017	200	0	0
-12.7620001	69893	0.0320000015	200	0	0
-12.7629995	69891	0.0540000014	200	0	0
-12.7639999	69892	0.0309999995	200	0	0
-12.7600002	69891	0.0320000015	200	0	0
-12.7559996	69893	0.101999998	200	0	0
-12.7460003	69892	0.104000002	200	0	0
-12.7550001	69891	0.101999998	200	0	0
-12.75	69893	0.0799999982	200	0	0
-12.7650003	69892	0.0769999996	200	0	0
-12.7620001	69893	0.0549999997	200	0	0
-12.7580004	69891	0.0780000016	200	0	0
-12.7550001	69898	-0.0599999987	200	0	0
-12.7729998	69892	0.191	200	0	0
-12.7519999	69893	0.171000004	200	0	0
-12.7559996	69893	0.148000002	200	0	0
-12.7849998	69891	0.187999994	200	0	0
-12.7510004	69892	0.172000006	200	0	0
-12.757	69892	0.148000002	200	0	0
-12.7550001	69891	0.171000004	200	0	0
-12.7580004	69891	0.147	200	0	0
-12.7550001	69898	0.171000004	200	0	0
-12.7600002	69898	0.147	200	0	0
-12.7609997	69900	0.0549999997	200	0	0
-12.7559996	69902	-0.0370000005	200	0	0
-12.7550001	69901	-0.0599999987	200	0	0
-12.757	69901	0.0320000015	200	0	0
-12.7419996	69899	-0.0799999982	200	0	0
-12.7609997	69899	0.0549999997	200	0	0
-12.757	69902	-0.0140000004	200	0	0
-12.7519999	69900	-0.0590000004	200	0	0
-12.7589998	69898	0.0549999997	200	0	0
-12.7589998	69900	0.0320000015	200	0	0
-12.7489996	69901	-0.0350000001	200	0	0
-12.7460003	69901	-0.0120000001	200	0	0
-12.7550001	69899	-0.0599999987	200	0	0
-12.7550001	69899	0.0329999998	200	0	0
-12.7480001	69900	-0.0350000001	200	0	0
-12.7469997	69900	-0.0120000001	200	0	0
-12.7580004	69898	0.0320000015	200	0	0
-12.7639999	69899	-0.0379999988	200	0	0
-12.75	69899	-0.0120000001	200	0	0
-12.75	69898	-0.0350000001	200	0	0
-12.7609997	69898	-0.0140000004	200	0	0
-12.7559996	69902	-0.0829999968	200	0	0
-12.757	69902	-0.0599999987	200	0	0
-12.7539997	69901	-0.0820000023	200	0	0
-12.7299995	69900	0.107000001	200	0	0
-12.7559996	69901	0.0790000036	200	0	0
-12.7620001	69901	0.0549999997	200	0	0
-12.75	69899	0.103	200	0	0
-12.7469997	69900	0.0799999982	200	0	0
-12.743	69898	0.104000002	200	0	0
-12.7589998	69899	0.0780000016	200	0	0
-12.757	69898	0.0790000036	200	0	0
-12.7530003	69902	0.0560000017	200	0	0
-12.7620001	69902	0.0320000015	200	0	0
-12.7489996	69900	0.172000006	200	0	0
-12.7489996	69902	0.0799999982	200	0	0
-12.757	69901	0.148000002	200	0	0
-12.7519999	69899	0.171000004	200	0	0
-12.7539997	69902	0.101999998	200	0	0
-12.7550001	69900	0.148000002	200	0	0
-12.7519999	69901	0.103	200	0	0
-12.7489996	69899	0.149000004	200	0	0
-12.75	69907	-0.0359999985	200	0	0
-12.7519999	69906	-0.0130000003	200	0	0
-12.7679996	69907	-0.061999999	200	0	0
-12.7559996	69905	-0.0140000004	200	0	0
-12.7609997	69906	-0.0610000007	200	0	0
-12.7580004	69904	-0.0140000004	200	0	0
-12.75	69905	-0.0350000001	200	0	0
-12.7609997	69905	-0.0839999989	200	0	0
-12.7639999	69905	-0.0610000007	200	0	0
-12.7580004	69903.0078	-0.0140000004	200	0	0
-12.7620001	69904	-0.0379999988	200	0	0
-12.7609997	69904	-0.0610000007	200	0	0
-12.7550001	69903.0078	-0.0359999985	200	0	0
-12.7600002	69903.0078	-0.0610000007	200	0	0
-12.7519999	69901	0.171000004	200	0	0
-12.7629995	69901	0.192000002	200	0	0
-12.776	69900	0.189999998	200	0	0
-12.7790003	69899	0.189999998	200	0	0
-12.7860003	69902	0.187999994	200	0	0
-12.7410002	69902	0.150000006	200	0	0
-12.757	69902	0.170000002	200	0	0
-12.7510004	69905	0.103	200	0	0
-12.75	69907	0.149000004	200	0	0
-12.7539997	69904	0.101999998	200	0	0
-12.7609997	69903.0078	0.101000004	200	0	0
-12.7580004	69906	0.147	200	0	0
-12.7609997	69906	0.170000002	200	0	0
-12.7620001	69905	0.193000004	200	0	0
-12.7539997	69905	0.148000002	200	0	0
-12.7519999	69905	0.171000004	200	0	0
-12.7539997	69904	0.148000002	200	0	0
-12.757	69904	0.170000002	200	0	0
-12.7519999	69903.0078	0.148000002	200	0	0
-12.7589998	69903.0078	0.170000002	200	0	0
-12.7489996	69905	0.0799999982	200	0	0
-12.7519999	69906	0.103	200	0	0
-12.7469997	69904	0.0799999982	200	0	0
-12.7550001	69903.0078	0.0790000036	200	0	0
-12.7480001	69907	-0.0120000001	200	0	0
-12.7600002	69909.0078	0.0299999993	200	0	0
-12.7559996	69909.0078	0.0759999976	200	0	0
-12.7580004	69908	0.101000004	200	0	0
-12.7559996	69909.0078	0.0529999994	200	0	0
-12.7559996	69907	0.101999998	200	0	0
-12.7530003	69908	0.0790000036	200	0	0
-12.7580004	69908	0.0320000015	200	0	0
-12.7600002	69908	0.0549999997	200	0	0
-12.7539997	69907	0.0790000036	200	0	0
-12.7600002	69907	0.0320000015	200	0	0
-12.757	69907	0.0549999997	200	0	0
-12.7519999	69906	0.0329999998	200	0	0
-12.757	69906	0.0780000016	200	0	0
-12.7700005	69906	0.0529999994	200	0	0
-12.7559996	69905	0.0329999998	200	0	0
-12.7550001	69905	0.0560000017	200	0	0
-12.7550001	69904	0.0329999998	200	0	0
-12.7460003	69904	0.0579999983	200	0	0
-12.757	69903.0078	0.0320000015	200	0	0
-12.7530003	69903.0078	0.0560000017	200	0	0
-12.7620001	69911	-0.063000001	200	0	0
-12.7589998	69910	-0.0860000029	200	0	0
-12.75	69911	-0.0149999997	200	0	0
-12.7600002	69911	-0.0399999991	200	0	0
-12.7449999	69910	-0.0140000004	200	0	0
-12.7530003	69910	-0.0610000007	200	0	0
-12.7510004	69910	-0.0379999988	200	0	0
-12.7720003	69908	-0.0860000029	200	0	0
-12.7559996	69909.0078	-0.061999999	200	0	0
-12.7530003	69909.0078	-0.0149999997	200	0	0
-12.7620001	69909.0078	-0.0399999991	200	0	0
-12.7670002	69908	-0.061999999	200	0	0
-12.7600002	69908	-0.0140000004	200	0	0
-12.743	69908	-0.0340000018	200	0	0
-12.7600002	69910	0.0529999994	200	0	0
-12.7530003	69910	0.0309999995	200	0	0
-12.7609997	69908	0.147	200	0	0
-12.7489996	69909.0078	0.101000004	200	0	0
-12.7519999	69910	0.100000001	200	0	0
-12.7589998	69910	0.0759999976	200	0	0
-12.7440004	69911	0.0329999998	200	0	0
-12.7609997	69911	0.075000003	200	0	0
-12.7530003	69911	0.0540000014	200	0	0
-12.7530003	69909.0078	0.145999998	200	0	0
-12.7559996	69909.0078	0.167999998	200	0	0
-12.7639999	69908	0.192000002	200	0	0
-12.7639999	69908	0.169	200	0	0
-12.743	69911	0.101999998	200	0	0
-12.7659998	69910	0.189999998	200	0	0
-12.757	69910	0.167999998	200	0	0
-12.7519999	69910	0.145999998	200	0	0
-12.7609997	69914	0.0289999992	200	0	0
-12.7589998	69915.0078	-0.0860000029	200	0	0
-12.7360001	69916	-0.0579999983	200	0	0
-12.7510004	69916	-0.0149999997	200	0	0
-12.7489996	69916	-0.0379999988	200	0	0
-12.7559996	69913	0.0299999993	200	0	0
-12.7589998	69915.0078	-0.063000001	200	0	0
-12.7589998	69912	0.0299999993	200	0	0
-12.7469997	69915.0078	-0.0140000004	200	0	0
-12.7410002	69915.0078	-0.0359999985	200	0	0
-12.7550001	69913	-0.0850000009	200	0	0
-12.75	69914	-0.0610000007	200	0	0
-12.7600002	69914	-0.0170000009	200	0	0
-12.7629995	69912	-0.0869999975	200	0	0
-12.7399998	69914	-0.0359999985	200	0	0
-12.7519999	69913	-0.0610000007	200	0	0
-12.7440004	69913	-0.0140000004	200	0	0
-12.7639999	69913	-0.0410000011	200	0	0
-12.7639999	69912	-0.064000003	200	0	0
-12.7550001	69912	-0.0160000008	200	0	0
-12.7419996	69912	-0.0359999985	200	0	0
-12.7559996	69915.0078	0.0299999993	200	0	0
-12.7390003	69913	0.057	200	0	0
-12.7600002	69912	0.0529999994	200	0	0
-12.7550001	69911	0.169	200	0	0
-12.7519999	69911	0.145999998	200	0	0
-12.757	69912	0.167999998	200	0	0
-12.7550001	69914	0.144999996	200	0	0
-12.7419996	69914	0.0790000036	200	0	0
-12.75	69913	0.145999998	200	0	0
-12.75	69914	0.100000001	200	0	0
-12.7519999	69913	0.0769999996	200	0	0
-12.7589998	69912	0.144999996	200	0	0
-12.7539997	69913	0.100000001	200	0	0
-12.7559996	69912	0.0759999976	200	0	0
-12.7469997	69912	0.101000004	200	0	0
-12.7659998	69916	0.188999996	200	0	0
-12.7449999	69915.0078	0.101000004	200	0	0
-12.7580004	69916	0.167999998	200	0	0
-12.757	69915.0078	0.191	200	0	0
-12.7440004	69916	0.147	200	0	0
-12.7729998	69914	0.187999994	200	0	0
-12.7589998	69915.0078	0.167999998	200	0	0
-12.7609997	69915.0078	0.143999994	200	0	0
-12.7629995	69913	0.189999998	200	0	0
-12.7609997	69914	0.166999996	200	0	0
-12.75	69913	0.169	200	0	0
-12.7539997	69914	0.0540000014	200	0	0
-12.7440004	69915.0078	0.0780000016	200	0	0
-12.7550001	69916	0.0299999993	200	0	0
-12.7539997	69917	0.0769999996	200	0	0
-12.7559996	69918	0.0529999994	200	0	0
-12.7550001	69917	-0.0160000008	200	0	0
-12.7550001	69918	0.0299999993	200	0	0
-12.7580004	69916	0.0759999976	200	0	0
-12.7629995	69917	0.0520000011	200	0	0
-12.7580004	69917	0.0299999993	200	0	0
-12.7559996	69916	0.0529999994	200	0	0
-12.75	69915.0078	0.0540000014	200	0	0
-12.7460003	69918	0.101000004	200	0	0
-12.7519999	69918	0.0769999996	200	0	0
-12.7519999	69917	0.100000001	200	0	0
-12.7480001	69916	0.101000004	200	0	0
-12.7550001	69920	-0.0390000008	200	0	0
-12.7530003	69919	-0.0160000008	200	0	0
-12.7469997	69920	-0.0599999987	200	0	0
-12.7530003	69919	-0.0390000008	200	0	0
-12.7580004	69918	-0.0170000009	200	0	0
-12.7440004	69919	-0.0599999987	200	0	0
-12.7700005	69918	-0.0419999994	200	0	0
-12.7440004	69917	-0.0370000005	200	0	0
-12.7550001	69917	-0.061999999	200	0	0
-12.7530003	69919	0.0309999995	200	0	0
-12.7550001	69920	-0.0160000008	200	0	0
-12.7609997	69919	0.075000003	200	0	0
-12.7469997	69919	0.0549999997	200	0	0
-12.7679996	69917	0.188999996	200	0	0
-12.7530003	69917	0.169	200	0	0
-12.7559996	69917	0.144999996	200	0	0
-12.7419996	69918	0.148000002	200	0	0
-12.7410002	69919	0.101999998	200	0	0
-12.7600002	69920	0.0520000011	200	0	0
-12.7559996	69920	0.0299999993	200	0	0
-12.7510004	69920	0.100000001	200	0	0
-12.7539997	69920	0.0769999996	200	0	0
-12.75	69919	0.145999998	200	0	0
-12.75	69918	0.169	200	0	0
-12.7539997	69919	0.169	200	0	0
-12.7530003	69919	0.192000002	200	0	0
-12.7360001	69922	0.0799999982	200	0	0
-12.7449999	69921	-0.0370000005	200	0	0
-12.7370005	69923	0.0340000018	200	0	0
-12.7449999	69922	-0.0140000004	200	0	0
-12.743	69921	0.0790000036	200	0	0
-12.743	69921	-0.0130000003	200	0	0
-12.7589998	69922	0.0529999994	200	0	0
-12.7559996	69922	0.0299999993	200	0	0
-12.7480001	69921	0.0549999997	200	0	0
-12.757	69921	0.0299999993	200	0	0
-12.743	69923	-0.0370000005	200	0	0
-12.7589998	69924	-0.063000001	200	0	0
-12.7370005	69924	-0.0820000023	200	0	0
-12.743	69922	-0.0370000005	200	0	0
-12.7449999	69923	-0.0599999987	200	0	0
-12.7620001	69923	-0.0869999975	200	0	0
-12.7489996	69922	-0.0610000007	200	0	0
-12.7550001	69922	-0.0850000009	200	0	0
-12.7419996	69921	-0.0590000004	200	0	0
-12.7589998	69925	-0.063000001	200	0	0
-12.7460003	69925	-0.0370000005	200	0	0
-12.7530003	69924	-0.0160000008	200	0	0
-12.7530003	69924	-0.0390000008	200	0	0
-12.7469997	69923	-0.0140000004	200	0	0
-12.7419996	69924	0.0329999998	200	0	0
-12.7390003	69925	-0.0130000003	200	0	0
-12.7480001	69923	0.0780000016	200	0	0
-12.7480001	69921	0.101000004	200	0	0
-12.7589998	69924	0.0520000011	200	0	0
-12.7530003	69920	0.145999998	200	0	0
-12.7559996	69920	0.167999998	200	0	0
-12.7580004	69921	0.144999996	200	0	0
-12.7530003	69921	0.169	200	0	0
-12.7539997	69924	0.144999996	200	0	0
-12.743	69923	0.171000004	200	0	0
-12.7729998	69922	0.187999994	200	0	0
-12.7410002	69922	0.101999998	200	0	0
-12.7399998	69923	0.148000002	200	0	0
-12.75	69922	0.169	200	0	0
-12.7539997	69922	0.145999998	200	0	0
-12.7489996	69923	0.100000001	200	0	0
-12.7449999	69925	0.170000002	200	0	0
-12.776	69925	0.209999993	200	0	0
-12.7770004	69925	0.187000006	200	0	0
-12.7469997	69924	0.170000002	200	0	0
-12.7589998	69924	0.191	200	0	0
-12.7580004	69923	0.191	200	0	0
-12.7510004	69924	0.0769999996	200	0	0
-12.7449999	69924	0.101000004	200	0	0
-12.75	69925	0.145999998	200	0	0
-12.7410002	69925	0.0790000036	200	0	0
-12.7489996	69925	0.0540000014	200	0	0
-12.7510004	69925	0.0309999995	200	0	0
-12.7399998	69926	0.100000001	200	0	0
-12.7489996	69926	0.0520000011	200	0	0
-12.7299995	69926	0.0790000036	200	0	0
-12.7519999	69925	0.100000001	200	0	0
-12.7370005	69927	0.0309999995	200	0	0
-12.743	69927	0.0759999976	200	0	0
-12.7519999	69927	0.0520000011	200	0	0
-12.7410002	69926	0.0309999995	200	0	0
-12.7440004	69926	-0.0390000008	200	0	0
-12.743	69926	-0.0160000008	200	0	0
-12.7519999	69926	0.143999994	200	0	0
-12.7379999	69927	0.100000001	200	0	0
-12.7659998	69929	-0.0670000017	200	0	0
-12.7399998	69928.0078	-0.0839999989	200	0	0
-12.7629995	69929	-0.0199999996	200	0	0
-12.7629995	69929	-0.0430000015	200	0	0
-12.7609997	69927	-0.0890000015	200	0	0
-12.7399998	69928.0078	-0.0610000007	200	0	0
-12.7460003	69928.0078	-0.0160000008	200	0	0
-12.7469997	69928.0078	-0.0399999991	200	0	0
-12.7410002	69926	-0.0850000009	200	0	0
-12.7379999	69927	-0.0149999997	200	0	0
-12.7469997	69927	-0.063000001	200	0	0
-12.7530003	69927	-0.0410000011	200	0	0
-12.7419996	69926	-0.061999999	200	0	0
-12.7539997	69929	-0.0869999975	200	0	0
-12.7370005	69928.0078	0.0540000014	200	0	0
-12.7370005	69928.0078	0.0309999995	200	0	0
-12.7650003	69929	0.0260000005	200	0	0
-12.7309999	69928.0078	0.0790000036	200	0	0
-12.743	69928.0078	0.0989999995	200	0	0
-12.7469997	69929	0.0529999994	200	0	0
-12.7519999	69926	0.166999996	200	0	0
-12.7609997	69926	0.187999994	200	0	0
-12.7519999	69927	0.189999998	200	0	0
-12.7460003	69927	0.167999998	200	0	0
-12.7410002	69927	0.145999998	200	0	0
-12.7460003	69928.0078	0.144999996	200	0	0
-12.7489996	69929	0.075000003	200	0	0
-12.7620001	69929	0.142000005	200	0	0
-12.7550001	69929	0.0970000029	200	0	0
-12.7530003	69928.0078	0.188999996	200	0	0
-12.7399998	69928.0078	0.169	200	0	0
-12.757	69929	-0.134000003	200	0	0
-12.7440004	69928.0078	-0.131999999	200	0	0
-12.7510004	69927	-0.133000001	200	0	0
-12.7670002	69929	-0.159999996	200	0	0
-12.7469997	69928.0078	-0.155000001	200	0	0
-12.7539997	69929	0.165999994	200	0	0
-12.7510004	69928.0078	-0.179000005	200	0	0
