-2.85100007	68549	0.204999998	200	0	0
-2.83599997	68551	0.296999991	200	0	0
-2.83599997	68550	0.296999991	200	0	0
-2.83200002	68557	0.163000003	200	0	0
-2.83800006	68557	0.247999996	200	0	0
-2.84800005	68553.0078	0.287	200	0	0
-2.83599997	68557	0.240999997	200	0	0
-2.83200002	68557	0.171000004	200	0	0
-2.83599997	68551	0.289000005	200	0	0
-2.83200002	68557	0.180000007	200	0	0
-2.83200002	68557	0.228	200	0	0
-2.84800005	68553.0078	0.279000014	200	0	0
-2.83100009	68557	0.187999994	200	0	0
-2.83299994	68556	0.162	200	0	0
-2.83899999	68550	0.287	200	0	0
-2.83200002	68557	0.203999996	200	0	0
-2.83599997	68557	0.209000006	200	0	0
-2.83699989	68556	0.166999996	200	0	0
-2.83699989	68551	0.280000001	200	0	0
-2.84899998	68553.0078	0.270999998	200	0	0
-2.83100009	68556	0.180000007	200	0	0
-2.83400011	68556	0.186000004	200	0	0
-2.84100008	68550	0.27700001	200	0	0
-2.83599997	68556	0.201000005	200	0	0
-2.83899999	68556	0.206	200	0	0
-2.8499999	68553.0078	0.254000008	200	0	0
-2.83200002	68550	0.147	200	0	0
-2.84699988	68553.0078	0.248999998	200	0	0
-2.85100007	68552	0.252999991	200	0	0
-2.84500003	68552	0.160999998	200	0	0
-2.852	68553.0078	0.237000003	200	0	0
-2.83400011	68551	0.162	200	0	0
-2.84899998	68553.0078	0.231000006	200	0	0
-2.84200001	68552	0.171000004	200	0	0
-2.84800005	68552	0.239999995	200	0	0
-2.83800006	68550	0.246999994	200	0	0
-2.83500004	68551	0.169	200	0	0
-2.84599996	68553.0078	0.216999993	200	0	0
-2.84299994	68552	0.179000005	200	0	0
-2.84800005	68552	0.231999993	200	0	0
-2.83200002	68550	0.171000004	200	0	0
-2.83800006	68550	0.238999993	200	0	0
-2.8269999	68551	0.184	200	0	0
-2.84500003	68552	0.217999995	200	0	0
-2.84800005	68552	0.191	200	0	0
-2.82999992	68551	0.188999996	200	0	0
-2.84299994	68552	0.211999997	200	0	0
-2.84599996	68552	0.201000005	200	0	0
-2.83100009	68550	0.188999996	200	0	0
-2.83400011	68551	0.202000007	200	0	0
-2.83599997	68550	0.216999993	200	0	0
-2.83500004	68550	0.202000007	200	0	0
-2.83699989	68550	0.208000004	200	0	0
-2.85500002	68549	0.194000006	200	0	0
-2.84800005	68551	0.395999998	200	0	0
-2.85800004	68554	0.388000011	200	0	0
-2.83599997	68557	0.374000013	200	0	0
-2.84299994	68550	0.39199999	200	0	0
-2.83200002	68558	0.361999989	200	0	0
-2.85100007	68549	0.204999998	200	0	0
-2.85299993	68554	0.384000003	200	0	0
-2.84800005	68551	0.388000011	200	0	0
-2.84100008	68557	0.363000005	200	0	0
-2.84200001	68557	0.354000002	200	0	0
-2.83899999	68550	0.379000008	200	0	0
-2.85100007	68554	0.370000005	200	0	0
-2.84299994	68551	0.377000004	200	0	0
-2.83400011	68557	0.344000012	200	0	0
-2.83999991	68551	0.370999992	200	0	0
-2.84100008	68550	0.370000005	200	0	0
-2.852	68554	0.361000001	200	0	0
-2.83699989	68557	0.335000008	200	0	0
-2.83999991	68557	0.324999988	200	0	0
-2.84299994	68550	0.361000001	200	0	0
-2.84299994	68551	0.361000001	200	0	0
-2.83899999	68557	0.317000002	200	0	0
-2.83400011	68557	0.305999994	200	0	0
-2.84299994	68550	0.354000002	200	0	0
-2.84100008	68551	0.354999989	200	0	0
-2.852	68553.0078	0.347000003	200	0	0
-2.84800005	68554	0.333999991	200	0	0
-2.83800006	68550	0.342000008	200	0	0
-2.83800006	68551	0.342000008	200	0	0
-2.8499999	68553.0078	0.333000004	200	0	0
-2.85100007	68554	0.324000001	200	0	0
-2.85400009	68554	0.31400001	200	0	0
-2.84500003	68553.0078	0.328999996	200	0	0
-2.83800006	68550	0.333999991	200	0	0
-2.83699989	68551	0.335000008	200	0	0
-2.852	68553.0078	0.316000015	200	0	0
-2.83800006	68551	0.326000005	200	0	0
-2.84200001	68550	0.323000014	200	0	0
-2.84899998	68553.0078	0.310000002	200	0	0
-2.83899999	68550	0.317999989	200	0	0
-2.84500003	68553.0078	0.298000008	200	0	0
-2.83800006	68551	0.317999989	200	0	0
-2.83400011	68550	0.305999994	200	0	0
-2.83400011	68551	0.305999994	200	0	0
-2.829	68556	0.0649999976	200	0	0
-2.8269999	68553.0078	0.0839999989	200	0	0
-2.829	68556	0.0820000023	200	0	0
-2.8269999	68555	0.0839999989	200	0	0
-2.85899997	68559.0078	0.222000003	200	0	0
-2.852	68559.0078	0.202999994	200	0	0
-2.85400009	68559.0078	0.193000004	200	0	0
-2.84899998	68559.0078	0.189999998	200	0	0
-2.8440001	68559.0078	0.136000007	200	0	0
-2.84599996	68559.0078	0.174999997	200	0	0
-2.8440001	68559.0078	0.167999998	200	0	0
-2.83800006	68558	0.372000009	200	0	0
-2.83299994	68558	0.368999988	200	0	0
-2.84800005	68558	0.463	200	0	0
-2.84599996	68557	0.472000003	200	0	0
-2.85700011	68555	0.479000002	200	0	0
-2.84500003	68557	0.465999991	200	0	0
-2.84599996	68550	0.486999989	200	0	0
-2.84800005	68551	0.486000001	200	0	0
-2.84599996	68558	0.449000001	200	0	0
-2.84200001	68558	0.444999993	200	0	0
-2.85700011	68555	0.470999986	200	0	0
-2.84599996	68550	0.479999989	200	0	0
-2.84500003	68551	0.479999989	200	0	0
-2.84200001	68557	0.453000009	200	0	0
-2.84699988	68558	0.433999985	200	0	0
-2.85800004	68555	0.463999987	200	0	0
-2.8440001	68551	0.474000007	200	0	0
-2.84200001	68557	0.444999993	200	0	0
-2.84599996	68558	0.426999986	200	0	0
-2.84699988	68550	0.470999986	200	0	0
-2.84299994	68558	0.377000004	200	0	0
-2.8440001	68557	0.43599999	200	0	0
-2.84500003	68558	0.412999988	200	0	0
-2.84299994	68558	0.407000005	200	0	0
-2.86199999	68555	0.453000009	200	0	0
-2.84200001	68558	0.39199999	200	0	0
-2.84500003	68558	0.397000015	200	0	0
-2.84699988	68550	0.463999987	200	0	0
-2.84500003	68557	0.428000003	200	0	0
-2.85100007	68551	0.460999995	200	0	0
-2.84100008	68557	0.416000009	200	0	0
-2.83800006	68557	0.379999995	200	0	0
-2.83800006	68557	0.411000013	200	0	0
-2.85800004	68555	0.441000015	200	0	0
-2.84100008	68557	0.400000006	200	0	0
-2.8440001	68557	0.391000003	200	0	0
-2.84200001	68550	0.453000009	200	0	0
-2.85500002	68555	0.43599999	200	0	0
-2.85599995	68554	0.442000002	200	0	0
-2.84599996	68551	0.449999988	200	0	0
-2.84100008	68550	0.44600001	200	0	0
-2.8599999	68555	0.425000012	200	0	0
-2.85500002	68554	0.43599999	200	0	0
-2.8440001	68551	0.444000006	200	0	0
-2.85700011	68555	0.419	200	0	0
-2.85899997	68554	0.425000012	200	0	0
-2.85500002	68555	0.405000001	200	0	0
-2.84500003	68550	0.43599999	200	0	0
-2.85700011	68554	0.419	200	0	0
-2.8499999	68551	0.432000011	200	0	0
-2.85299993	68554	0.407000005	200	0	0
-2.84800005	68550	0.425999999	200	0	0
-2.84599996	68551	0.426999986	200	0	0
-2.85599995	68554	0.397000015	200	0	0
-2.84100008	68550	0.416000009	200	0	0
-2.8440001	68551	0.414000005	200	0	0
-2.84299994	68550	0.407000005	200	0	0
-2.84299994	68551	0.407000005	200	0	0
-2.84599996	68550	0.397000015	200	0	0
-2.84299994	68557	0.481000006	200	0	0
-2.85100007	68558	0.467999995	200	0	0
-2.82299995	68560	0.0520000011	200	0	0
-2.82599998	68556	0.0590000004	200	0	0
-2.84599996	68550	0.515999973	200	0	0
-2.84500003	68551	0.523999989	200	0	0
-2.84800005	68550	0.508000016	200	0	0
-2.86100006	68556	0.550000012	200	0	0
-2.8499999	68550	0.499000013	200	0	0
-2.84800005	68551	0.514999986	200	0	0
-2.85100007	68558	0.549000025	200	0	0
-2.86400008	68555	0.540000021	200	0	0
-2.85100007	68551	0.505999982	200	0	0
-2.84800005	68551	0.5	200	0	0
-2.86400008	68555	0.532999992	200	0	0
-2.86100006	68555	0.52700001	200	0	0
-2.85400009	68558	0.532999992	200	0	0
-2.85800004	68555	0.514999986	200	0	0
-2.84800005	68558	0.522000015	200	0	0
-2.85700011	68555	0.509000003	200	0	0
-2.84599996	68558	0.515999973	200	0	0
-2.8599999	68556	0.505999982	200	0	0
-2.86100006	68555	0.499000013	200	0	0
-2.84699988	68557	0.508000016	200	0	0
-2.8499999	68558	0.505999982	200	0	0
-2.8599999	68555	0.490999997	200	0	0
-2.84599996	68557	0.501999974	200	0	0
-2.8499999	68558	0.499000013	200	0	0
-2.8440001	68557	0.488000005	200	0	0
-2.84800005	68558	0.486000001	200	0	0
-2.84500003	68558	0.479999989	200	0	0
-2.8499999	68550	0.542999983	200	0	0
-2.85299993	68558	0.569000006	200	0	0
-2.85100007	68551	0.549000025	200	0	0
-2.8499999	68550	0.536000013	200	0	0
-2.8499999	68551	0.542999983	200	0	0
-2.86299992	68556	0.561999977	200	0	0
-2.8499999	68551	0.535000026	200	0	0
-2.84699988	68550	0.523000002	200	0	0
-2.86199999	68556	0.578000009	200	0	0
-2.852	68551	0.569999993	200	0	0
-2.84800005	68550	0.558000028	200	0	0
-2.86100006	68556	0.57099998	200	0	0
-2.84699988	68550	0.551999986	200	0	0
-2.8499999	68551	0.556999981	200	0	0
-2.84899998	68551	0.586000025	200	0	0
-2.84899998	68550	0.586000025	200	0	0
-2.85299993	68551	0.577000022	200	0	0
-2.852	68550	0.577000022	200	0	0
-2.852	68550	0.569999993	200	0	0
-2.85100007	68557	0.578000009	200	0	0
-2.85299993	68558	0.575999975	200	0	0
-2.85100007	68550	0.612999976	200	0	0
-2.85599995	68551	0.610000014	200	0	0
-2.86100006	68556	0.584999979	200	0	0
-2.852	68550	0.606000006	200	0	0
-2.85400009	68551	0.605000019	200	0	0
-2.8499999	68550	0.592999995	200	0	0
-2.852	68551	0.592000008	200	0	0
-2.8499999	68550	0.621999979	200	0	0
-2.85100007	68558	0.592000008	200	0	0
-2.86599994	68556	0.603999972	200	0	0
-2.85299993	68551	0.619000018	200	0	0
-2.84599996	68557	0.595000029	200	0	0
-2.852	68558	0.583999991	200	0	0
-2.86500001	68556	0.597000003	200	0	0
-2.84699988	68557	0.588	200	0	0
-2.852	68557	0.648000002	200	0	0
-2.85100007	68550	0.628000021	200	0	0
-2.85700011	68558	0.644999981	200	0	0
-2.85100007	68557	0.640999973	200	0	0
-2.85700011	68558	0.638000011	200	0	0
-2.85700011	68551	0.624000013	200	0	0
-2.86800003	68556	0.637000024	200	0	0
-2.86500001	68556	0.632000029	200	0	0
-2.85299993	68558	0.625999987	200	0	0
-2.852	68557	0.626999974	200	0	0
-2.8499999	68557	0.620999992	200	0	0
-2.85400009	68558	0.617999971	200	0	0
-2.86199999	68556	0.620000005	200	0	0
-2.85800004	68556	0.615999997	200	0	0
-2.85299993	68558	0.611999989	200	0	0
-2.85400009	68557	0.611000001	200	0	0
-2.852	68558	0.605000019	200	0	0
-2.852	68557	0.605000019	200	0	0
-2.85500002	68550	0.638999999	200	0	0
-2.85800004	68551	0.637000024	200	0	0
-2.85100007	68557	0.662	200	0	0
-2.85599995	68558	0.658999979	200	0	0
-2.852	68557	0.653999984	200	0	0
-2.85599995	68558	0.65200001	200	0	0
-2.85500002	68550	0.646000028	200	0	0
-2.85599995	68551	0.646000028	200	0	0
-2.852	68550	0.654999971	200	0	0
-2.85299993	68557	0.675000012	200	0	0
-2.85700011	68558	0.672999978	200	0	0
-2.85500002	68551	0.660000026	200	0	0
-2.85400009	68551	0.653999984	200	0	0
-2.85299993	68550	0.661000013	200	0	0
-2.85500002	68550	0.680999994	200	0	0
-2.85800004	68551	0.67900002	200	0	0
-2.85599995	68550	0.672999978	200	0	0
-2.85700011	68551	0.672999978	200	0	0
-2.85400009	68557	0.680999994	200	0	0
-2.85400009	68550	0.708999991	200	0	0
-2.8599999	68551	0.70599997	200	0	0
-2.852	68550	0.697000027	200	0	0
-2.85400009	68551	0.694999993	200	0	0
-2.85400009	68551	0.68900001	200	0	0
-2.85400009	68550	0.68900001	200	0	0
-2.852	68557	0.68900001	200	0	0
-2.85800004	68558	0.67900002	200	0	0
-2.85700011	68557	0.693000019	200	0	0
-2.85899997	68551	0.720000029	200	0	0
-2.85599995	68550	0.714999974	200	0	0
-2.85899997	68551	0.713	200	0	0
-2.85599995	68558	0.686999977	200	0	0
-2.85700011	68558	0.693000019	200	0	0
-2.85899997	68551	0.726999998	200	0	0
-2.85899997	68557	0.746999979	200	0	0
-2.8599999	68558	0.745999992	200	0	0
-2.85700011	68557	0.740999997	200	0	0
-2.85899997	68558	0.74000001	200	0	0
-2.85599995	68558	0.727999985	200	0	0
-2.85500002	68557	0.727999985	200	0	0
-2.85400009	68558	0.722000003	200	0	0
-2.85400009	68557	0.722000003	200	0	0
-2.85899997	68558	0.713	200	0	0
-2.85599995	68557	0.713999987	200	0	0
-2.8599999	68558	0.704999983	200	0	0
-2.85800004	68557	0.70599997	200	0	0
-2.85299993	68550	0.72299999	200	0	0
-2.85299993	68550	0.730000019	200	0	0
-2.86100006	68551	0.739000022	200	0	0
-2.8599999	68558	0.759000003	200	0	0
-2.85400009	68557	0.755999982	200	0	0
-2.85899997	68558	0.753000021	200	0	0
-2.85800004	68550	0.740999997	200	0	0
-2.85899997	68551	0.754000008	200	0	0
-2.85700011	68550	0.748000026	200	0	0
-2.8599999	68551	0.745999992	200	0	0
-2.8599999	68557	0.773000002	200	0	0
-2.86299992	68558	0.771000028	200	0	0
-2.85599995	68557	0.762000024	200	0	0
-2.85400009	68550	0.757000029	200	0	0
-2.85899997	68551	0.75999999	200	0	0
-2.86100006	68550	0.779999971	200	0	0
-2.86299992	68551	0.777999997	200	0	0
-2.85899997	68550	0.773999989	200	0	0
-2.86100006	68551	0.773000002	200	0	0
-2.85899997	68550	0.760999978	200	0	0
-2.86199999	68558	0.777999997	200	0	0
-2.8599999	68550	0.806999981	200	0	0
-2.86100006	68551	0.805999994	200	0	0
-2.8599999	68551	0.79400003	200	0	0
-2.85899997	68550	0.79400003	200	0	0
-2.85599995	68550	0.788999975	200	0	0
-2.85800004	68551	0.787999988	200	0	0
-2.85700011	68557	0.781000018	200	0	0
-2.85899997	68558	0.787	200	0	0
-2.85899997	68557	0.787	200	0	0
-2.86299992	68551	0.818000019	200	0	0
-2.8599999	68550	0.81400001	200	0	0
-2.8599999	68557	0.792999983	200	0	0
-2.86500001	68551	0.81099999	200	0	0
-2.86199999	68557	0.805000007	200	0	0
-2.86100006	68558	0.792999983	200	0	0
-2.85899997	68550	0.82099998	200	0	0
-2.86299992	68557	0.843999982	200	0	0
-2.86500001	68558	0.842999995	200	0	0
-2.8599999	68557	0.838999987	200	0	0
-2.86500001	68558	0.836000025	200	0	0
-2.86299992	68558	0.824999988	200	0	0
-2.86199999	68557	0.824999988	200	0	0
-2.85899997	68558	0.82099998	200	0	0
-2.85899997	68557	0.819999993	200	0	0
-2.86100006	68557	0.813000023	200	0	0
-2.86599994	68558	0.810000002	200	0	0
-2.86500001	68558	0.80400002	200	0	0
-2.85899997	68550	0.827000022	200	0	0
-2.86299992	68550	0.838	200	0	0
-2.85400009	68551	0.83099997	200	0	0
-2.86299992	68558	0.85799998	200	0	0
-2.86500001	68557	0.856999993	200	0	0
-2.85800004	68557	0.853999972	200	0	0
-2.8599999	68558	0.852999985	200	0	0
-2.86100006	68550	0.852999985	200	0	0
-2.86299992	68550	0.845000029	200	0	0
-2.86400008	68551	0.843999982	200	0	0
-2.85500002	68551	0.842999995	200	0	0
-2.86100006	68557	0.871999979	200	0	0
-2.86599994	68558	0.869000018	200	0	0
-2.86199999	68550	0.859000027	200	0	0
-2.86400008	68551	0.856999993	200	0	0
-2.85400009	68551	0.856999993	200	0	0
-2.86199999	68550	0.878000021	200	0	0
-2.86599994	68551	0.875999987	200	0	0
-2.86400008	68551	0.870000005	200	0	0
-2.86400008	68550	0.870000005	200	0	0
-2.86500001	68557	0.875999987	200	0	0
-2.8670001	68558	0.875	200	0	0
-2.86400008	68550	0.902999997	200	0	0
-2.8670001	68551	0.90200001	200	0	0
-2.85899997	68550	0.893000007	200	0	0
-2.86299992	68551	0.890999973	200	0	0
-2.86199999	68550	0.88499999	200	0	0
-2.86299992	68551	0.884000003	200	0	0
-2.85899997	68557	0.885999978	200	0	0
-2.86400008	68558	0.883000016	200	0	0
-2.86199999	68550	0.916999996	200	0	0
-2.87599993	68556	0.90200001	200	0	0
-2.86599994	68551	0.915000021	200	0	0
-2.86199999	68557	0.890999973	200	0	0
-2.875	68556	0.896000028	200	0	0
-2.86800003	68550	0.907000005	200	0	0
-2.86800003	68551	0.907000005	200	0	0
-2.86400008	68558	0.889999986	200	0	0
-2.86500001	68557	0.90200001	200	0	0
-2.8670001	68558	0.901000023	200	0	0
-2.86599994	68551	0.921000004	200	0	0
-2.86599994	68557	0.939999998	200	0	0
-2.86999989	68558	0.938000023	200	0	0
-2.87700009	68556	0.934000015	200	0	0
-2.86899996	68557	0.931999981	200	0	0
-2.87100005	68558	0.930999994	200	0	0
-2.87700009	68556	0.927999973	200	0	0
-2.8599999	68557	0.924000025	200	0	0
-2.8670001	68558	0.920000017	200	0	0
-2.875	68556	0.916000009	200	0	0
-2.86299992	68557	0.916000009	200	0	0
-2.8670001	68558	0.913999975	200	0	0
-2.87800002	68556	0.907999992	200	0	0
-2.86400008	68557	0.908999979	200	0	0
-2.8670001	68558	0.907999992	200	0	0
-2.86299992	68550	0.922999978	200	0	0
-2.86800003	68551	0.933000028	200	0	0
-2.86800003	68550	0.933000028	200	0	0
-2.87100005	68558	0.949999988	200	0	0
-2.87599993	68556	0.947000027	200	0	0
-2.86599994	68557	0.94599998	200	0	0
-2.87299991	68556	0.943000019	200	0	0
-2.86999989	68558	0.944000006	200	0	0
-2.86400008	68551	0.948000014	200	0	0
-2.86500001	68550	0.947000027	200	0	0
-2.86599994	68551	0.939999998	200	0	0
-2.8670001	68550	0.939999998	200	0	0
-2.87199998	68558	0.968999982	200	0	0
-2.88100004	68556	0.963999987	200	0	0
-2.87199998	68558	0.963	200	0	0
-2.88199997	68556	0.957000017	200	0	0
-2.86500001	68550	0.953999996	200	0	0
-2.8670001	68551	0.953000009	200	0	0
-2.86899996	68551	0.971000016	200	0	0
-2.86800003	68550	0.971000016	200	0	0
-2.86800003	68551	0.964999974	200	0	0
-2.87100005	68550	0.963	200	0	0
-2.88100004	68556	0.970000029	200	0	0
-2.86899996	68551	1.00199997	200	0	0
-2.87100005	68550	1.00100005	200	0	0
-2.87899995	68556	0.977999985	200	0	0
-2.86899996	68551	0.995999992	200	0	0
-2.86999989	68550	0.995999992	200	0	0
-2.86299992	68555	0.980000019	200	0	0
-2.86599994	68550	0.985000014	200	0	0
-2.86800003	68551	0.984000027	200	0	0
-2.86500001	68551	0.978999972	200	0	0
-2.86800003	68550	0.977999985	200	0	0
-2.88199997	68555	0.989000022	200	0	0
-2.8670001	68558	0.984000027	200	0	0
-2.86800003	68558	0.976999998	200	0	0
-2.86800003	68550	1.01600003	200	0	0
-2.87100005	68551	1.01400006	200	0	0
-2.88400006	68555	0.994000018	200	0	0
-2.86800003	68551	1.00899994	200	0	0
-2.86800003	68550	1.00899994	200	0	0
-2.87100005	68558	0.995000005	200	0	0
-2.87800002	68555	1.00399995	200	0	0
-2.87299991	68558	1	200	0	0
-2.88000011	68555	1.00899994	200	0	0
-2.87100005	68558	1.03900003	200	0	0
-2.88199997	68555	1.03299999	200	0	0
-2.87100005	68558	1.03199995	200	0	0
-2.87199998	68557	1.03199995	200	0	0
-2.88199997	68555	1.02699995	200	0	0
-2.875	68558	1.02400005	200	0	0
-2.88499999	68555	1.01900005	200	0	0
-2.87100005	68558	1.01300001	200	0	0
-2.87100005	68558	1.00699997	200	0	0
-2.87199998	68551	1.03199995	200	0	0
-2.87100005	68550	1.02600002	200	0	0
-2.87299991	68551	1.02499998	200	0	0
-2.88199997	68555	1.03900003	200	0	0
-2.87299991	68558	1.04400003	200	0	0
-2.86999989	68550	1.046	200	0	0
-2.86999989	68551	1.04499996	200	0	0
-2.86800003	68550	1.03999996	200	0	0
-2.87100005	68551	1.03900003	200	0	0
-2.87100005	68550	1.03299999	200	0	0
-2.88599992	68555	1.06200004	200	0	0
-2.86999989	68557	1.06400001	200	0	0
-2.88599992	68555	1.05599999	200	0	0
-2.875	68558	1.06099999	200	0	0
-2.87100005	68557	1.05700004	200	0	0
-2.88800001	68555	1.04900002	200	0	0
-2.875	68558	1.05499995	200	0	0
-2.87100005	68551	1.07000005	200	0	0
-2.87299991	68550	1.06900001	200	0	0
-2.87299991	68550	1.06299996	200	0	0
-2.87400007	68551	1.06200004	200	0	0
-2.86899996	68550	1.05799997	200	0	0
-2.87199998	68551	1.05700004	200	0	0
-2.87199998	68557	1.06900001	200	0	0
-2.88899994	68555	1.09099996	200	0	0
-2.87100005	68551	1.10099995	200	0	0
-2.875	68550	1.09899998	200	0	0
-2.88700008	68554	1.09300005	200	0	0
-2.87199998	68558	1.06900001	200	0	0
-2.87100005	68557	1.07500005	200	0	0
-2.8900001	68555	1.08500004	200	0	0
-2.875	68550	1.09300005	200	0	0
-2.875	68551	1.09300005	200	0	0
-2.88899994	68554	1.08500004	200	0	0
-2.88899994	68555	1.079	200	0	0
-2.87299991	68550	1.08700001	200	0	0
-2.87400007	68551	1.08700001	200	0	0
-2.8829999	68555	1.07000005	200	0	0
-2.87100005	68550	1.07599998	200	0	0
-2.87299991	68551	1.07500005	200	0	0
-2.87400007	68558	1.074	200	0	0
-2.87400007	68557	1.08700001	200	0	0
-2.8829999	68554	1.10099995	200	0	0
-2.87100005	68550	1.10699999	200	0	0
-2.87299991	68551	1.10500002	200	0	0
-2.87400007	68557	1.09300005	200	0	0
-2.87400007	68558	1.08599997	200	0	0
-2.875	68558	1.09200001	200	0	0
-2.87100005	68557	1.10000002	200	0	0
-2.87700009	68558	1.097	200	0	0
-2.87599993	68558	1.10399997	200	0	0
-2.87100005	68557	1.10599995	200	0	0
-2.88599992	68554	1.12899995	200	0	0
-2.87400007	68557	1.13499999	200	0	0
-2.87700009	68558	1.13399994	200	0	0
-2.88499999	68554	1.12399995	200	0	0
-2.87400007	68557	1.12899995	200	0	0
-2.87700009	68558	1.12800002	200	0	0
-2.88700008	68554	1.11699998	200	0	0
-2.87400007	68557	1.12300003	200	0	0
-2.88700008	68554	1.11099994	200	0	0
-2.88000011	68558	1.12	200	0	0
-2.87599993	68557	1.11600006	200	0	0
-2.87800002	68558	1.11500001	200	0	0
-2.875	68550	1.11699998	200	0	0
-2.87700009	68551	1.12199998	200	0	0
-2.87599993	68551	1.11699998	200	0	0
-2.87400007	68550	1.13	200	0	0
-2.875	68551	1.12899995	200	0	0
-2.875	68550	1.12300003	200	0	0
-2.87400007	68550	1.13600004	200	0	0
-2.875	68551	1.13499999	200	0	0
-2.87899995	68558	1.15699995	200	0	0
-2.87599993	68557	1.15900004	200	0	0
-2.87599993	68550	1.14699996	200	0	0
-2.88100004	68551	1.15100002	200	0	0
-2.89100003	68554	1.15799999	200	0	0
-2.875	68551	1.14699996	200	0	0
-2.88000011	68558	1.15100002	200	0	0
-2.88899994	68554	1.153	200	0	0
-2.87899995	68557	1.15100002	200	0	0
-2.87800002	68558	1.14499998	200	0	0
-2.87700009	68557	1.14600003	200	0	0
-2.89199996	68554	1.14499998	200	0	0
-2.8900001	68554	1.13999999	200	0	0
-2.87400007	68551	1.16600001	200	0	0
-2.875	68550	1.16499996	200	0	0
-2.87400007	68551	1.15999997	200	0	0
-2.87599993	68550	1.15900004	200	0	0
-2.87800002	68550	1.15199995	200	0	0
-2.875	68557	1.16499996	200	0	0
-2.87800002	68558	1.16400003	200	0	0
-2.87800002	68550	1.176	200	0	0
-2.87899995	68558	1.18099999	200	0	0
-2.88700008	68553.0078	1.18400002	200	0	0
-2.87700009	68557	1.18200004	200	0	0
-2.88000011	68551	1.17499995	200	0	0
-2.88800001	68554	1.18299997	200	0	0
-2.88000011	68558	1.17499995	200	0	0
-2.875	68557	1.17700005	200	0	0
-2.8900001	68553.0078	1.17700005	200	0	0
-2.89199996	68554	1.17499995	200	0	0
-2.87700009	68551	1.19500005	200	0	0
-2.87899995	68550	1.19299996	200	0	0
-2.88700008	68553.0078	1.19000006	200	0	0
-2.875	68550	1.18900001	200	0	0
-2.87599993	68551	1.18900001	200	0	0
-2.87800002	68551	1.18200004	200	0	0
-2.88100004	68550	1.18099999	200	0	0
-2.875	68557	1.19500005	200	0	0
-2.88000011	68558	1.18700004	200	0	0
-2.875	68557	1.18900001	200	0	0
-2.88100004	68551	1.20500004	200	0	0
-2.87899995	68550	1.20500004	200	0	0
-2.8900001	68553.0078	1.20099998	200	0	0
-2.88000011	68558	1.19299996	200	0	0
-2.88000011	68558	1.20500004	200	0	0
-2.87800002	68557	1.22399998	200	0	0
-2.87899995	68551	1.22399998	200	0	0
-2.87599993	68550	1.21899998	200	0	0
-2.88100004	68558	1.21599996	200	0	0
-2.87599993	68557	1.21800005	200	0	0
-2.87700009	68551	1.21800005	200	0	0
-2.88000011	68550	1.21099997	200	0	0
-2.8900001	68553.0078	1.21800005	200	0	0
-2.88400006	68558	1.20899999	200	0	0
-2.87599993	68557	1.21200001	200	0	0
-2.88100004	68551	1.21000004	200	0	0
-2.88899994	68553.0078	1.21300006	200	0	0
-2.87700009	68557	1.20599997	200	0	0
-2.8900001	68553.0078	1.20700002	200	0	0
-2.88400006	68558	1.23300004	200	0	0
-2.88100004	68558	1.222	200	0	0
-2.87800002	68550	1.22399998	200	0	0
-2.89400005	68553.0078	1.22899997	200	0	0
-2.87800002	68551	1.23500001	200	0	0
-2.87899995	68550	1.23500001	200	0	0
-2.89400005	68553.0078	1.24100006	200	0	0
-2.87899995	68557	1.25199997	200	0	0
-2.88199997	68558	1.25100005	200	0	0
-2.89299989	68553.0078	1.23500001	200	0	0
-2.87700009	68557	1.24699998	200	0	0
-2.88100004	68558	1.24600005	200	0	0
-2.87899995	68557	1.24100006	200	0	0
-2.88400006	68558	1.23800004	200	0	0
-2.87800002	68557	1.23500001	200	0	0
-2.89400005	68553.0078	1.24699998	200	0	0
-2.88100004	68550	1.24600005	200	0	0
-2.87899995	68551	1.24100006	200	0	0
-2.88000011	68550	1.24000001	200	0	0
-2.88000011	68551	1.25199997	200	0	0
-2.88100004	68550	1.26400006	200	0	0
-2.8829999	68551	1.26300001	200	0	0
-2.89499998	68553.0078	1.25800002	200	0	0
-2.87800002	68550	1.25300002	200	0	0
-2.8829999	68557	1.26300001	200	0	0
-2.88400006	68558	1.26199996	200	0	0
-2.88100004	68550	1.27499998	200	0	0
-2.88400006	68551	1.27400005	200	0	0
-2.89100003	68552	1.27100003	200	0	0
-2.898	68553.0078	1.26300001	200	0	0
-2.8829999	68550	1.26900005	200	0	0
-2.88499999	68551	1.26800001	200	0	0
-2.8829999	68558	1.27999997	200	0	0
-2.88100004	68557	1.27499998	200	0	0
-2.88199997	68558	1.27499998	200	0	0
-2.88199997	68557	1.26900005	200	0	0
-2.88599992	68558	1.26699996	200	0	0
-2.89299989	68552	1.27699995	200	0	0
-2.898	68553.0078	1.27400005	200	0	0
-2.89499998	68553.0078	1.26999998	200	0	0
-2.898	68552	1.29200006	200	0	0
-2.8829999	68550	1.29200006	200	0	0
-2.89400005	68552	1.28799999	200	0	0
-2.9000001	68553.0078	1.28499997	200	0	0
-2.8829999	68550	1.27999997	200	0	0
-2.88400006	68557	1.29100001	200	0	0
-2.88700008	68558	1.28999996	200	0	0
-2.87899995	68557	1.28199995	200	0	0
-2.8829999	68550	1.30400002	200	0	0
-2.89499998	68552	1.29900002	200	0	0
-2.88199997	68550	1.29799998	200	0	0
-2.90199995	68553.0078	1.28999996	200	0	0
-2.88100004	68557	1.30400002	200	0	0
-2.88400006	68558	1.30299997	200	0	0
-2.8829999	68557	1.29799998	200	0	0
-2.88499999	68558	1.29700005	200	0	0
-2.87899995	68557	1.32299995	200	0	0
-2.88599992	68558	1.32000005	200	0	0
-2.89400005	68552	1.30499995	200	0	0
-2.87800002	68557	1.31099999	200	0	0
-2.88499999	68558	1.30900002	200	0	0
-2.89499998	68552	1.32200003	200	0	0
-2.88599992	68550	1.32000005	200	0	0
-2.89599991	68552	1.31599998	200	0	0
-2.88100004	68550	1.31099999	200	0	0
-2.88400006	68558	1.33200002	200	0	0
-2.88199997	68557	1.32700002	200	0	0
-2.88700008	68558	1.32500005	200	0	0
-2.89499998	68552	1.32799995	200	0	0
-2.88199997	68550	1.33299994	200	0	0
-2.88199997	68550	1.32700002	200	0	0
-2.89599991	68552	1.33399999	200	0	0
-2.88899994	68558	1.34800005	200	0	0
-2.88800001	68557	1.34800005	200	0	0
-2.88199997	68557	1.33899999	200	0	0
-2.88599992	68558	1.33700001	200	0	0
-2.88199997	68557	1.33299994	200	0	0
-2.9000001	68552	1.34300005	200	0	0
-2.8829999	68550	1.33800006	200	0	0
-2.9000001	68552	1.34899998	200	0	0
-2.88599992	68551	1.34899998	200	0	0
-2.88800001	68550	1.34800005	200	0	0
-2.88599992	68550	1.36099994	200	0	0
-2.88700008	68551	1.35399997	200	0	0
-2.88700008	68550	1.35399997	200	0	0
-2.88400006	68557	1.36099994	200	0	0
-2.88599992	68558	1.36000001	200	0	0
-2.88700008	68558	1.35399997	200	0	0
-2.88599992	68557	1.35399997	200	0	0
-2.88599992	68551	1.36600006	200	0	0
-2.88700008	68550	1.36600006	200	0	0
-2.8829999	68557	1.37800002	200	0	0
-2.89100003	68558	1.375	200	0	0
-2.88599992	68557	1.36600006	200	0	0
-2.88800001	68558	1.36500001	200	0	0
-2.8900001	68552	1.37600005	200	0	0
-2.88599992	68551	1.38900006	200	0	0
-2.88700008	68550	1.38300002	200	0	0
-2.88700008	68551	1.37699997	200	0	0
-2.88599992	68557	1.38900006	200	0	0
-2.88899994	68558	1.38800001	200	0	0
-2.8829999	68557	1.38399994	200	0	0
-2.8900001	68558	1.38100004	200	0	0
-2.88599992	68551	1.39499998	200	0	0
-2.88499999	68557	1.39499998	200	0	0
-2.88899994	68558	1.39300001	200	0	0
-2.88700008	68557	1.42200005	200	0	0
-2.89299989	68558	1.41999996	200	0	0
-2.88599992	68557	1.41700006	200	0	0
-2.88899994	68558	1.41600001	200	0	0
-2.88400006	68557	1.41199994	200	0	0
-2.8900001	68558	1.40999997	200	0	0
-2.89100003	68558	1.40400004	200	0	0
-2.88800001	68557	1.40499997	200	0	0
-2.88599992	68550	1.41700006	200	0	0
-2.88899994	68551	1.41600001	200	0	0
-2.88899994	68550	1.41100001	200	0	0
-2.88899994	68551	1.41100001	200	0	0
-2.88899994	68550	1.40499997	200	0	0
-2.88899994	68551	1.40499997	200	0	0
-2.88800001	68550	1.42200005	200	0	0
-2.88800001	68551	1.42200005	200	0	0
-2.88700008	68557	1.44500005	200	0	0
-2.8900001	68558	1.44400001	200	0	0
-2.88800001	68557	1.43900001	200	0	0
-2.89299989	68558	1.43700004	200	0	0
-2.88800001	68557	1.43299997	200	0	0
-2.89199996	68558	1.43200004	200	0	0
-2.89100003	68550	1.43799996	200	0	0
-2.88899994	68551	1.43900001	200	0	0
-2.89100003	68550	1.43299997	200	0	0
-2.88800001	68551	1.43400002	200	0	0
-2.88700008	68551	1.44500005	200	0	0
-2.88599992	68550	1.44599998	200	0	0
-2.89199996	68550	1.46000004	200	0	0
-2.88800001	68551	1.45099998	200	0	0
-2.88899994	68550	1.45000005	200	0	0
-2.88800001	68557	1.45000005	200	0	0
-2.89100003	68558	1.449	200	0	0
-2.88800001	68551	1.46200001	200	0	0
-2.89199996	68558	1.477	200	0	0
-2.89100003	68557	1.477	200	0	0
-2.88800001	68557	1.47300005	200	0	0
-2.89199996	68558	1.47099996	200	0	0
-2.89100003	68557	1.46599996	200	0	0
-2.89299989	68558	1.46500003	200	0	0
-2.89100003	68558	1.46099997	200	0	0
-2.8900001	68557	1.46099997	200	0	0
-2.89100003	68550	1.472	200	0	0
-2.89100003	68551	1.472	200	0	0
-2.89299989	68550	1.46599996	200	0	0
-2.8900001	68551	1.46700001	200	0	0
-2.89199996	68550	1.48800004	200	0	0
-2.89299989	68551	1.48800004	200	0	0
-2.89100003	68550	1.47800004	200	0	0
-2.89199996	68551	1.477	200	0	0
-2.89400005	68558	1.48800004	200	0	0
-2.89199996	68550	1.49399996	200	0	0
-2.89199996	68551	1.49399996	200	0	0
-2.89100003	68557	1.49399996	200	0	0
-2.89400005	68558	1.49300003	200	0	0
-2.88800001	68557	1.48899996	200	0	0
-2.89199996	68557	1.52100003	200	0	0
-2.89599991	68558	1.51999998	200	0	0
-2.8900001	68551	1.5	200	0	0
-2.89199996	68557	1.51600003	200	0	0
-2.89599991	68558	1.51400006	200	0	0
-2.88899994	68557	1.50600004	200	0	0
-2.89299989	68558	1.50399995	200	0	0
-2.88899994	68557	1.5	200	0	0
-2.89299989	68558	1.49899995	200	0	0
-2.89299989	68551	1.51600003	200	0	0
-2.89400005	68550	1.51499999	200	0	0
-2.89199996	68551	1.505	200	0	0
-2.89100003	68550	1.505	200	0	0
-2.89100003	68550	1.5	200	0	0
-2.89299989	68551	1.52100003	200	0	0
-2.89299989	68550	1.52100003	200	0	0
-2.89400005	68557	1.54299998	200	0	0
-2.89700007	68558	1.54200006	200	0	0
-2.89100003	68557	1.53299999	200	0	0
-2.89499998	68558	1.53199995	200	0	0
-2.89299989	68558	1.52699995	200	0	0
-2.89400005	68557	1.52600002	200	0	0
-2.89299989	68551	1.53299999	200	0	0
-2.89199996	68550	1.53299999	200	0	0
-2.89299989	68550	1.52699995	200	0	0
-2.89499998	68551	1.52600002	200	0	0
-2.89299989	68550	1.54400003	200	0	0
-2.89700007	68551	1.54200006	200	0	0
-2.89299989	68551	1.55499995	200	0	0
-2.89499998	68550	1.55400002	200	0	0
-2.89299989	68551	1.54900002	200	0	0
-2.89499998	68550	1.54900002	200	0	0
-2.89199996	68557	1.54900002	200	0	0
-2.89700007	68558	1.54799998	200	0	0
-2.89400005	68550	1.55999994	200	0	0
-2.89199996	68551	1.55999994	200	0	0
-2.89499998	68557	1.57599998	200	0	0
-2.898	68558	1.57500005	200	0	0
-2.89400005	68557	1.57099998	200	0	0
-2.89599991	68558	1.57000005	200	0	0
-2.89299989	68557	1.55999994	200	0	0
-2.89899993	68558	1.55799997	200	0	0
-2.89199996	68557	1.55499995	200	0	0
-2.89700007	68558	1.55299997	200	0	0
-2.89700007	68551	1.57000005	200	0	0
-2.89599991	68550	1.57000005	200	0	0
-2.89599991	68551	1.58700001	200	0	0
-2.898	68550	1.58599997	200	0	0
-2.89499998	68551	1.58200002	200	0	0
-2.89499998	68550	1.58200002	200	0	0
-2.89599991	68551	1.57599998	200	0	0
-2.89499998	68550	1.57599998	200	0	0
-2.89400005	68557	1.58700001	200	0	0
-2.898	68558	1.58599997	200	0	0
-2.89299989	68557	1.58200002	200	0	0
-2.89599991	68558	1.58099997	200	0	0
-2.9000001	68551	1.597	200	0	0
-2.89599991	68558	1.61399996	200	0	0
-2.89599991	68557	1.61399996	200	0	0
-2.89400005	68557	1.60899997	200	0	0
-2.89499998	68558	1.60800004	200	0	0
-2.89700007	68557	1.60300004	200	0	0
-2.89700007	68558	1.602	200	0	0
-2.898	68558	1.597	200	0	0
-2.89700007	68557	1.597	200	0	0
-2.898	68550	1.597	200	0	0
-2.89499998	68551	1.61399996	200	0	0
-2.898	68550	1.61300004	200	0	0
-2.89599991	68550	1.60899997	200	0	0
-2.898	68551	1.60800004	200	0	0
-2.89599991	68550	1.60300004	200	0	0
-2.89499998	68551	1.60300004	200	0	0
-2.91199994	68552	1.62600005	200	0	0
-2.89499998	68557	1.64100003	200	0	0
-2.90100002	68558	1.63900006	200	0	0
-2.89899993	68558	1.63499999	200	0	0
-2.89899993	68557	1.63499999	200	0	0
-2.898	68557	1.62899995	200	0	0
-2.90100002	68558	1.62800002	200	0	0
-2.89899993	68558	1.62399995	200	0	0
-2.898	68557	1.62399995	200	0	0
-2.898	68550	1.63	200	0	0
-2.9000001	68551	1.62899995	200	0	0
-2.89700007	68551	1.625	200	0	0
-2.9000001	68550	1.62399995	200	0	0
-2.89599991	68551	1.64100003	200	0	0
-2.90100002	68550	1.63999999	200	0	0
-2.91300011	68552	1.63600004	200	0	0
-2.89700007	68551	1.63600004	200	0	0
-2.898	68550	1.63499999	200	0	0
-2.91100001	68552	1.63100004	200	0	0
-2.91499996	68552	1.65199995	200	0	0
-2.89899993	68551	1.65100002	200	0	0
-2.90199995	68550	1.64999998	200	0	0
-2.91300011	68552	1.64699996	200	0	0
-2.89899993	68550	1.65699995	200	0	0
-2.90100002	68551	1.65600002	200	0	0
-2.89400005	68557	1.66799998	200	0	0
-2.90199995	68558	1.66600001	200	0	0
-2.89499998	68557	1.66299999	200	0	0
-2.89899993	68558	1.66199994	200	0	0
-2.89499998	68557	1.65699995	200	0	0
-2.90199995	68558	1.65499997	200	0	0
-2.89499998	68557	1.65199995	200	0	0
-2.9000001	68558	1.64999998	200	0	0
-2.9000001	68550	1.66700006	200	0	0
-2.90100002	68551	1.66700006	200	0	0
-2.91599989	68552	1.66299999	200	0	0
-2.898	68550	1.66199994	200	0	0
-2.90100002	68551	1.66100001	200	0	0
-2.9000001	68550	1.68299997	200	0	0
-2.90199995	68551	1.68299997	200	0	0
-2.90799999	68552	1.68099999	200	0	0
-2.9000001	68550	1.67799997	200	0	0
-2.91199994	68552	1.67499995	200	0	0
-2.90199995	68558	1.68200004	200	0	0
-2.90400004	68557	1.68200004	200	0	0
-2.89899993	68557	1.67799997	200	0	0
-2.90199995	68558	1.67700005	200	0	0
-2.90100002	68550	1.69400001	200	0	0
-2.90300012	68551	1.69299996	200	0	0
-2.91199994	68552	1.69099998	200	0	0
-2.90300012	68550	1.68799996	200	0	0
-2.90100002	68551	1.68799996	200	0	0
-2.91000009	68552	1.68599999	200	0	0
-2.9000001	68557	1.71000004	200	0	0
-2.9000001	68558	1.71000004	200	0	0
-2.90100002	68557	1.704	200	0	0
-2.90100002	68558	1.704	200	0	0
-2.89700007	68557	1.69400001	200	0	0
-2.90199995	68558	1.69299996	200	0	0
-2.89899993	68557	1.68900001	200	0	0
-2.90199995	68558	1.68799996	200	0	0
-2.90199995	68550	1.71000004	200	0	0
-2.91300011	68552	1.70700002	200	0	0
-2.90100002	68551	1.70500004	200	0	0
-2.90300012	68550	1.704	200	0	0
-2.91300011	68552	1.70099998	200	0	0
-2.9000001	68550	1.71500003	200	0	0
-2.91499996	68552	1.71700001	200	0	0
-2.91400003	68552	1.71200001	200	0	0
-2.91700006	68553.0078	1.71099997	200	0	0
-2.91700006	68553.0078	1.727	200	0	0
-2.90300012	68558	1.73599994	200	0	0
-2.90100002	68557	1.73599994	200	0	0
-2.9059999	68558	1.73000002	200	0	0
-2.89899993	68557	1.73099995	200	0	0
-2.898	68557	1.72099996	200	0	0
-2.90199995	68558	1.72000003	200	0	0
-2.898	68557	1.71599996	200	0	0
-2.90199995	68558	1.71500003	200	0	0
-2.90499997	68550	1.73599994	200	0	0
-2.91700006	68553.0078	1.73199999	200	0	0
-2.90199995	68551	1.73099995	200	0	0
-2.90499997	68550	1.73000002	200	0	0
-2.91499996	68552	1.72800004	200	0	0
-2.9059999	68550	1.74600005	200	0	0
-2.90400004	68551	1.74600005	200	0	0
-2.90300012	68550	1.74100006	200	0	0
-2.90300012	68551	1.74100006	200	0	0
-2.91599989	68553.0078	1.73800004	200	0	0
-2.9059999	68557	1.76699996	200	0	0
-2.92199993	68553.0078	1.75300002	200	0	0
-2.9000001	68557	1.76300001	200	0	0
-2.90400004	68558	1.76199996	200	0	0
-2.90199995	68557	1.75699997	200	0	0
-2.90499997	68558	1.75600004	200	0	0
-2.89899993	68557	1.74699998	200	0	0
-2.90300012	68558	1.74600005	200	0	0
-2.89700007	68557	1.74300003	200	0	0
-2.90400004	68558	1.74100006	200	0	0
-2.92000008	68553.0078	1.75899994	200	0	0
-2.90400004	68551	1.76199996	200	0	0
-2.91499996	68550	1.75999999	200	0	0
-2.90400004	68551	1.75699997	200	0	0
-2.90499997	68550	1.75699997	200	0	0
-2.91599989	68553.0078	1.76999998	200	0	0
-2.90499997	68551	1.773	200	0	0
-2.90499997	68550	1.773	200	0	0
-2.91499996	68553.0078	1.76499999	200	0	0
-2.90499997	68550	1.76800001	200	0	0
-2.9059999	68551	1.76699996	200	0	0
-2.898	68557	1.77400005	200	0	0
-2.90499997	68558	1.77199996	200	0	0
-2.90499997	68558	1.76699996	200	0	0
-2.91000009	68550	1.79299998	200	0	0
-2.91700006	68553.0078	1.78600001	200	0	0
-2.90799999	68551	1.78799999	200	0	0
-2.90700006	68550	1.78799999	200	0	0
-2.91499996	68553.0078	1.78100002	200	0	0
-2.90799999	68550	1.78299999	200	0	0
-2.91100001	68558	1.80799997	200	0	0
-2.91700006	68553.0078	1.79700005	200	0	0
-2.91499996	68553.0078	1.79200006	200	0	0
-2.90300012	68557	1.79900002	200	0	0
-2.90799999	68558	1.79799998	200	0	0
-2.90100002	68557	1.79499996	200	0	0
-2.90799999	68558	1.79299998	200	0	0
-2.90799999	68558	1.78799999	200	0	0
-2.90799999	68557	1.78799999	200	0	0
-2.90799999	68558	1.78299999	200	0	0
-2.9000001	68557	1.78400004	200	0	0
-2.90799999	68551	1.80900002	200	0	0
-2.90799999	68550	1.80900002	200	0	0
-2.90499997	68551	1.79900002	200	0	0
-2.90899992	68550	1.79799998	200	0	0
-2.90400004	68551	1.79400003	200	0	0
-2.91199994	68550	1.81299996	200	0	0
-2.91899991	68553.0078	1.80700004	200	0	0
-2.90700006	68551	1.81500006	200	0	0
-2.92000008	68553.0078	1.81200004	200	0	0
-2.90300012	68557	1.81500006	200	0	0
-2.91199994	68550	1.81900001	200	0	0
-2.90899992	68551	1.82000005	200	0	0
-2.92199993	68554	1.82099998	200	0	0
-2.90100002	68557	1.81099999	200	0	0
-2.92000008	68554	1.81700003	200	0	0
-2.92000008	68553.0078	1.81700003	200	0	0
-2.90899992	68558	1.83500004	200	0	0
-2.90400004	68557	1.82599998	200	0	0
-2.9059999	68558	1.82500005	200	0	0
-2.9059999	68557	1.82000005	200	0	0
-2.91000009	68558	1.81900001	200	0	0
-2.90799999	68558	1.81400001	200	0	0
-2.91499996	68550	1.83399999	200	0	0
-2.90899992	68551	1.82500005	200	0	0
-2.91000009	68550	1.82500005	200	0	0
-2.92199993	68554	1.83200002	200	0	0
-2.90700006	68551	1.84099996	200	0	0
-2.91300011	68550	1.84000003	200	0	0
-2.90700006	68551	1.83599997	200	0	0
-2.921	68554	1.83700001	200	0	0
-2.90899992	68551	1.84599996	200	0	0
-2.91899991	68554	1.85899997	200	0	0
-2.91000009	68558	1.86099994	200	0	0
-2.90899992	68557	1.86099994	200	0	0
-2.92199993	68554	1.84800005	200	0	0
-2.90700006	68558	1.85099995	200	0	0
-2.9059999	68557	1.85099995	200	0	0
-2.92199993	68554	1.84300005	200	0	0
-2.90799999	68558	1.84599996	200	0	0
-2.90499997	68557	1.84599996	200	0	0
-2.90700006	68557	1.84099996	200	0	0
-2.90899992	68558	1.84000003	200	0	0
-2.9059999	68557	1.83599997	200	0	0
-2.91499996	68550	1.85000002	200	0	0
-2.91000009	68551	1.85099995	200	0	0
-2.91000009	68550	1.86099994	200	0	0
-2.91100001	68551	1.86099994	200	0	0
-2.92199993	68554	1.86899996	200	0	0
-2.91100001	68551	1.86600006	200	0	0
-2.9230001	68554	1.86300004	200	0	0
-2.91199994	68550	1.87199998	200	0	0
-2.90899992	68551	1.87199998	200	0	0
-2.91100001	68550	1.86600006	200	0	0
-2.91000009	68558	1.87199998	200	0	0
-2.90700006	68557	1.87199998	200	0	0
-2.9059999	68558	1.86699998	200	0	0
-2.90899992	68557	1.86699998	200	0	0
-2.91199994	68551	1.89199996	200	0	0
-2.9289999	68550	1.88900006	200	0	0
-2.90899992	68551	1.88800001	200	0	0
-2.92199993	68554	1.87399995	200	0	0
-2.91000009	68551	1.87699997	200	0	0
-2.90799999	68557	1.87699997	200	0	0
-2.921	68554	1.88499999	200	0	0
-2.92400002	68555	1.89999998	200	0	0
-2.91899991	68554	1.89600003	200	0	0
-2.91000009	68557	1.903	200	0	0
-2.91199994	68558	1.903	200	0	0
-2.92000008	68554	1.88999999	200	0	0
-2.90899992	68557	1.898	200	0	0
-2.91199994	68558	1.89699996	200	0	0
-2.90899992	68557	1.89300001	200	0	0
-2.91000009	68558	1.89300001	200	0	0
-2.91100001	68557	1.88699996	200	0	0
-2.90899992	68558	1.87699997	200	0	0
-2.92199993	68554	1.89999998	200	0	0
-2.91100001	68551	1.903	200	0	0
-2.93700004	68550	1.89300001	200	0	0
-2.91100001	68551	1.898	200	0	0
-2.91300011	68551	1.91299999	200	0	0
-2.91400003	68558	1.91299999	200	0	0
-2.91199994	68557	1.91299999	200	0	0
-2.91300011	68551	1.91799998	200	0	0
-2.92400002	68555	1.91600001	200	0	0
-2.9230001	68554	1.91600001	200	0	0
-2.92700005	68555	1.90999997	200	0	0
-2.92400002	68555	1.926	200	0	0
-2.91000009	68557	1.92900002	200	0	0
-2.91499996	68558	1.92799997	200	0	0
-2.9230001	68555	1.921	200	0	0
-2.90899992	68557	1.92400002	200	0	0
-2.91400003	68558	1.92299998	200	0	0
-2.90899992	68557	1.91900003	200	0	0
-2.91199994	68558	1.91799998	200	0	0
-2.91400003	68551	1.92900002	200	0	0
-2.91199994	68551	1.92400002	200	0	0
-2.91300011	68551	1.93900001	200	0	0
-2.92700005	68555	1.93599999	200	0	0
-2.91300011	68551	1.94400001	200	0	0
-2.91499996	68551	1.954	200	0	0
-2.91499996	68558	1.949	200	0	0
-2.91000009	68557	1.95000005	200	0	0
-2.91599989	68551	1.949	200	0	0
-2.91400003	68558	1.94400001	200	0	0
-2.92499995	68555	1.95200002	200	0	0
-2.91400003	68557	1.94400001	200	0	0
-2.9230001	68555	1.94700003	200	0	0
-2.91499996	68558	1.93799996	200	0	0
-2.91199994	68557	1.93900001	200	0	0
-2.92700005	68555	1.94099998	200	0	0
-2.91199994	68557	1.95500004	200	0	0
-2.91300011	68558	1.954	200	0	0
-2.91700006	68557	1.96399999	200	0	0
-2.92499995	68555	1.96800005	200	0	0
-2.92499995	68555	1.96300006	200	0	0
-2.91300011	68551	1.96500003	200	0	0
-2.91599989	68551	1.97000003	200	0	0
-2.91300011	68557	1.97000003	200	0	0
-2.91400003	68558	1.97000003	200	0	0
-2.91599989	68558	1.96399999	200	0	0
-2.91599989	68551	1.99000001	200	0	0
-2.9230001	68555	1.97899997	200	0	0
-2.92499995	68555	1.97300005	200	0	0
-2.91599989	68551	1.98000002	200	0	0
-2.91499996	68551	1.97500002	200	0	0
-2.91599989	68558	1.97500002	200	0	0
-2.91400003	68557	1.98000002	200	0	0
-2.91799998	68558	1.995	200	0	0
-2.9289999	68555	1.99800003	200	0	0
-2.91599989	68558	1.99000001	200	0	0
-2.92499995	68555	1.99399996	200	0	0
-2.91400003	68557	1.99100006	200	0	0
-2.92600012	68555	1.98800004	200	0	0
-2.91599989	68558	1.98000002	200	0	0
-2.91599989	68558	2	200	0	0
-2.91599989	68551	2.00099993	200	0	0
-2.91599989	68551	1.99600005	200	0	0
-2.91599989	68551	2.00600004	200	0	0
-2.92799997	68556	2.00399995	200	0	0
-2.91499996	68558	2.00600004	200	0	0
-2.91700006	68557	2.00500011	200	0	0
-2.92000008	68551	2.01600003	200	0	0
-2.91599989	68558	2.02099991	200	0	0
-2.92799997	68556	2.02399993	200	0	0
-2.91799998	68558	2.01600003	200	0	0
-2.93000007	68556	2.01900005	200	0	0
-2.91599989	68558	2.02600002	200	0	0
-2.91899991	68551	2.02600002	200	0	0
-2.91799998	68551	2.02099991	200	0	0
-2.91700006	68551	2.03200006	200	0	0
-2.91700006	68557	2.0309999	200	0	0
-2.93000007	68556	2.02900004	200	0	0
-2.91700006	68551	2.04200006	200	0	0
-2.91799998	68551	2.05200005	200	0	0
-2.91899991	68551	2.04699993	200	0	0
-2.92799997	68556	2.04500008	200	0	0
-2.921	68558	2.046	200	0	0
-2.92799997	68556	2.03999996	200	0	0
-2.91700006	68557	2.04200006	200	0	0
-2.91799998	68558	2.04099989	200	0	0
-2.91700006	68558	2.0309999	200	0	0
-2.93000007	68556	2.04999995	200	0	0
-2.91499996	68558	2.05200005	200	0	0
-2.91799998	68558	2.05699992	200	0	0
-2.92799997	68556	2.05500007	200	0	0
-2.92000008	68551	2.05699992	200	0	0
-2.92199993	68551	2.06699991	200	0	0
-2.921	68558	2.06699991	200	0	0
-2.93000007	68556	2.0710001	200	0	0
-2.921	68551	2.08200002	200	0	0
-2.921	68551	2.0769999	200	0	0
-2.92000008	68551	2.07200003	200	0	0
-2.93000007	68556	2.07599998	200	0	0
-2.92199993	68558	2.07200003	200	0	0
-2.92000008	68557	2.07200003	200	0	0
-2.91899991	68558	2.0769999	200	0	0
-2.91799998	68557	2.0769999	200	0	0
-2.93099999	68556	2.09100008	200	0	0
-2.91899991	68557	2.09299994	200	0	0
-2.92199993	68558	2.09200001	200	0	0
-2.93300009	68556	2.08100009	200	0	0
-2.91799998	68557	2.08299994	200	0	0
-2.92000008	68558	2.08200002	200	0	0
-2.93700004	68556	2.09500003	200	0	0
-2.92000008	68557	2.09800005	200	0	0
-2.92000008	68558	2.09800005	200	0	0
-2.92000008	68551	2.09800005	200	0	0
-2.92000008	68551	2.09299994	200	0	0
-2.9230001	68551	2.10299993	200	0	0
-2.91799998	68557	2.10299993	200	0	0
-2.92000008	68558	2.10299993	200	0	0
-2.92199993	68551	2.10800004	200	0	0
-2.91899991	68557	2.11800003	200	0	0
-2.921	68558	2.11800003	200	0	0
-2.91899991	68557	2.10800004	200	0	0
-2.921	68558	2.10800004	200	0	0
-2.92000008	68557	2.12299991	200	0	0
-2.92000008	68558	2.12299991	200	0	0
-2.92400002	68551	2.12299991	200	0	0
-2.92000008	68551	2.11800003	200	0	0
-2.9230001	68551	2.12800002	200	0	0
-2.92000008	68558	2.12800002	200	0	0
-2.92000008	68557	2.12800002	200	0	0
-2.92199993	68551	2.13400006	200	0	0
-2.9230001	68551	2.14899993	200	0	0
-2.92400002	68551	2.14400005	200	0	0
-2.92199993	68557	2.14299989	200	0	0
-2.921	68558	2.1329999	200	0	0
-2.92000008	68557	2.1329999	200	0	0
-2.9230001	68558	2.14299989	200	0	0
-2.921	68557	2.14899993	200	0	0
-2.9230001	68558	2.148	200	0	0
-2.91899991	68557	2.15400004	200	0	0
-2.92199993	68558	2.15400004	200	0	0
-2.92199993	68551	2.15400004	200	0	0
-2.92499995	68551	2.15899992	200	0	0
-2.921	68557	2.15899992	200	0	0
-2.92400002	68558	2.15799999	200	0	0
-2.921	68557	2.16899991	200	0	0
-2.92400002	68551	2.1789999	200	0	0
-2.92600012	68551	2.17400002	200	0	0
-2.92400002	68551	2.16899991	200	0	0
-2.92600012	68557	2.17400002	200	0	0
-2.92400002	68558	2.16899991	200	0	0
-2.92400002	68558	2.17400002	200	0	0
-2.92499995	68558	2.18400002	200	0	0
-2.921	68557	2.18400002	200	0	0
-2.92499995	68558	2.1789999	200	0	0
-2.92400002	68557	2.1789999	200	0	0
-2.92600012	68558	2.19400001	200	0	0
-2.92400002	68557	2.19400001	200	0	0
-2.92600012	68551	2.19400001	200	0	0
-2.92400002	68551	2.18400002	200	0	0
-2.92799997	68551	2.19899988	200	0	0
-2.921	68557	2.19899988	200	0	0
-2.92799997	68551	2.204	200	0	0
-2.9230001	68558	2.20900011	200	0	0
-2.92400002	68557	2.20900011	200	0	0
-2.92499995	68558	2.204	200	0	0
-2.9230001	68557	2.204	200	0	0
-2.92199993	68557	2.22000003	200	0	0
-2.92499995	68558	2.2190001	200	0	0
-2.92499995	68551	2.22000003	200	0	0
-2.92700005	68551	2.21000004	200	0	0
-2.92700005	68551	2.2249999	200	0	0
-2.92600012	68557	2.22399998	200	0	0
-2.92600012	68558	2.22399998	200	0	0
-2.92799997	68551	2.23000002	200	0	0
-2.92799997	68551	2.24499989	200	0	0
-2.92700005	68551	2.2349999	200	0	0
-2.92700005	68558	2.2349999	200	0	0
-2.92700005	68557	2.2349999	200	0	0
-2.92600012	68558	2.23000002	200	0	0
-2.92400002	68557	2.23000002	200	0	0
-2.92700005	68558	2.24499989	200	0	0
-2.92700005	68557	2.24499989	200	0	0
-2.92799997	68558	2.25	200	0	0
-2.92400002	68557	2.25	200	0	0
-2.92799997	68551	2.25	200	0	0
-2.92799997	68551	2.25500011	200	0	0
-2.92700005	68558	2.25500011	200	0	0
-2.92199993	68557	2.25500011	200	0	0
-2.9289999	68558	2.25999999	200	0	0
-2.9230001	68557	2.25999999	200	0	0
-2.93000007	68551	2.2750001	200	0	0
-2.92799997	68551	2.26999998	200	0	0
-2.92799997	68551	2.25999999	200	0	0
-2.92799997	68558	2.26999998	200	0	0
-2.92700005	68557	2.26999998	200	0	0
-2.92799997	68557	2.27999997	200	0	0
-2.92799997	68558	2.27999997	200	0	0
-2.9289999	68557	2.2750001	200	0	0
-2.9289999	68558	2.2750001	200	0	0
-2.92700005	68557	2.28500009	200	0	0
-2.92799997	68558	2.28500009	200	0	0
-2.92700005	68551	2.28600001	200	0	0
-2.9289999	68551	2.27999997	200	0	0
-2.93099999	68551	2.296	200	0	0
-2.9289999	68558	2.29500008	200	0	0
-2.9289999	68557	2.29500008	200	0	0
-2.93099999	68551	2.30100012	200	0	0
-2.92799997	68558	2.30599999	200	0	0
-2.93000007	68557	2.30500007	200	0	0
-2.92600012	68558	2.30100012	200	0	0
-2.92799997	68557	2.29999995	200	0	0
-2.9289999	68557	2.31100011	200	0	0
-2.93099999	68558	2.30999994	200	0	0
-2.93300009	68551	2.31100011	200	0	0
-2.93000007	68551	2.30599999	200	0	0
-2.93099999	68551	2.3210001	200	0	0
-2.9289999	68558	2.3210001	200	0	0
-2.93000007	68557	2.3210001	200	0	0
-2.93199992	68551	2.32599998	200	0	0
-2.94300008	68556	2.32999992	200	0	0
-2.93400002	68551	2.33599997	200	0	0
-2.93199992	68551	2.33100009	200	0	0
-2.93099999	68557	2.33100009	200	0	0
-2.93099999	68558	2.33100009	200	0	0
-2.93099999	68557	2.32599998	200	0	0
-2.93099999	68558	2.32599998	200	0	0
-2.94300008	68556	2.33500004	200	0	0
-2.93099999	68557	2.33599997	200	0	0
-2.9289999	68558	2.33599997	200	0	0
-2.94400001	68556	2.34500003	200	0	0
-2.93000007	68557	2.34599996	200	0	0
-2.93400002	68558	2.34599996	200	0	0
-2.93199992	68551	2.34599996	200	0	0
-2.93300009	68551	2.35100007	200	0	0
-2.94499993	68556	2.3499999	200	0	0
-2.93000007	68558	2.35100007	200	0	0
-2.94400001	68556	2.35500002	200	0	0
-2.93199992	68557	2.35599995	200	0	0
-2.93400002	68558	2.35599995	200	0	0
-2.94499993	68556	2.3599999	200	0	0
-2.93199992	68551	2.37199998	200	0	0
-2.93400002	68551	2.36100006	200	0	0
-2.93499994	68551	2.35599995	200	0	0
-2.93199992	68558	2.36100006	200	0	0
-2.94499993	68556	2.37599993	200	0	0
-2.93300009	68558	2.37599993	200	0	0
-2.94400001	68556	2.37100005	200	0	0
-2.93400002	68558	2.37100005	200	0	0
-2.93099999	68558	2.38100004	200	0	0
-2.93499994	68551	2.38199997	200	0	0
-2.93400002	68551	2.37700009	200	0	0
-2.93600011	68551	2.38700008	200	0	0
-2.93400002	68557	2.38599992	200	0	0
-2.93400002	68558	2.38599992	200	0	0
-2.93400002	68551	2.39700007	200	0	0
-2.93300009	68558	2.40100002	200	0	0
-2.94499993	68556	2.39599991	200	0	0
-2.93199992	68558	2.39599991	200	0	0
-2.93600011	68558	2.4059999	200	0	0
-2.93600011	68551	2.40700006	200	0	0
-2.93499994	68551	2.40199995	200	0	0
-2.93700004	68551	2.41199994	200	0	0
-2.94700003	68556	2.41100001	200	0	0
-2.93499994	68557	2.41199994	200	0	0
-2.93400002	68558	2.41199994	200	0	0
-2.93600011	68551	2.42199993	200	0	0
-2.93400002	68558	2.42700005	200	0	0
-2.93600011	68557	2.42700005	200	0	0
-2.94799995	68555	2.42600012	200	0	0
-2.94799995	68556	2.42600012	200	0	0
-2.93300009	68558	2.42199993	200	0	0
-2.93600011	68557	2.42199993	200	0	0
-2.94799995	68555	2.421	200	0	0
-2.94799995	68556	2.421	200	0	0
-2.93799996	68551	2.43199992	200	0	0
-2.93700004	68551	2.42700005	200	0	0
-2.93400002	68558	2.43199992	200	0	0
-2.94799995	68555	2.43199992	200	0	0
-2.95099998	68556	2.43199992	200	0	0
-2.93600011	68558	2.43700004	200	0	0
-2.93700004	68557	2.43700004	200	0	0
-2.94899988	68555	2.43700004	200	0	0
-2.93700004	68551	2.43700004	200	0	0
-2.93899989	68551	2.44700003	200	0	0
-2.93799996	68558	2.44700003	200	0	0
-2.93799996	68557	2.44700003	200	0	0
-2.95000005	68555	2.44700003	200	0	0
-2.93600011	68558	2.4519999	200	0	0
-2.93700004	68557	2.4519999	200	0	0
-2.95000005	68555	2.4519999	200	0	0
-2.93899989	68551	2.45700002	200	0	0
-2.93799996	68551	2.4519999	200	0	0
-2.93799996	68557	2.477	200	0	0
-2.93700004	68558	2.477	200	0	0
-2.94000006	68551	2.47799993	200	0	0
-2.9519999	68555	2.477	200	0	0
-2.93899989	68551	2.48300004	200	0	0
-2.95099998	68555	2.48200011	200	0	0
-2.94199991	68558	2.48200011	200	0	0
-2.93799996	68557	2.48200011	200	0	0
-2.94000006	68551	2.48799992	200	0	0
-2.94099998	68557	2.49799991	200	0	0
-2.93899989	68558	2.49799991	200	0	0
-2.95300007	68555	2.48799992	200	0	0
-2.93899989	68557	2.48699999	200	0	0
-2.93799996	68558	2.48699999	200	0	0
-2.95300007	68555	2.49799991	200	0	0
-2.93799996	68557	2.50300002	200	0	0
-2.94000006	68558	2.50300002	200	0	0
-2.93899989	68551	2.50300002	200	0	0
-2.94000006	68551	2.49799991	200	0	0
-2.94099998	68551	2.5079999	200	0	0
-2.94099998	68558	2.5079999	200	0	0
-2.94000006	68557	2.5079999	200	0	0
-2.954	68555	2.5079999	200	0	0
-2.9519999	68555	2.50300002	200	0	0
-2.94199991	68551	2.51300001	200	0	0
-2.94000006	68557	2.523	200	0	0
-2.93700004	68558	2.523	200	0	0
-2.95300007	68555	2.51300001	200	0	0
-2.94000006	68557	2.51300001	200	0	0
-2.93899989	68558	2.51300001	200	0	0
-2.954	68555	2.523	200	0	0
-2.95300007	68554	2.523	200	0	0
-2.94000006	68551	2.52800012	200	0	0
-2.93799996	68551	2.523	200	0	0
-2.93899989	68557	2.52800012	200	0	0
-2.93799996	68558	2.52800012	200	0	0
-2.95300007	68554	2.52800012	200	0	0
-2.95300007	68555	2.52800012	200	0	0
-2.94000006	68557	2.53299999	200	0	0
-2.94000006	68558	2.53299999	200	0	0
-2.954	68554	2.53299999	200	0	0
-2.94000006	68551	2.53399992	200	0	0
-2.9519999	68554	2.53800011	200	0	0
-2.94099998	68551	2.53900003	200	0	0
-2.94099998	68557	2.53800011	200	0	0
-2.94199991	68558	2.53800011	200	0	0
-2.94099998	68557	2.5480001	200	0	0
-2.94099998	68558	2.5480001	200	0	0
-2.954	68554	2.54900002	200	0	0
-2.94400001	68551	2.5539999	200	0	0
-2.94400001	68551	2.54900002	200	0	0
-2.93799996	68558	2.57399988	200	0	0
-2.94099998	68557	2.57399988	200	0	0
-2.95700002	68554	2.56399989	200	0	0
-2.95700002	68554	2.55900002	200	0	0
-2.94000006	68558	2.56399989	200	0	0
-2.94199991	68557	2.56399989	200	0	0
-2.95700002	68554	2.5539999	200	0	0
-2.94099998	68558	2.55800009	200	0	0
-2.94199991	68557	2.55800009	200	0	0
-2.94300008	68558	2.55299997	200	0	0
-2.94199991	68557	2.55299997	200	0	0
-2.94400001	68551	2.57399988	200	0	0
-2.94300008	68551	2.56399989	200	0	0
-2.94199991	68551	2.55900002	200	0	0
-2.95499992	68554	2.57399988	200	0	0
-2.9460001	68551	2.579	200	0	0
-2.94199991	68557	2.579	200	0	0
-2.954	68554	2.579	200	0	0
-2.94199991	68558	2.579	200	0	0
-2.94499993	68551	2.58400011	200	0	0
-2.95600009	68554	2.58899999	200	0	0
-2.95700002	68554	2.58400011	200	0	0
-2.94199991	68558	2.58899999	200	0	0
-2.94300008	68557	2.58899999	200	0	0
-2.94099998	68558	2.58400011	200	0	0
-2.94300008	68557	2.58400011	200	0	0
-2.94199991	68558	2.59899998	200	0	0
-2.94199991	68557	2.59899998	200	0	0
-2.94199991	68551	2.5999999	200	0	0
-2.94499993	68551	2.58999991	200	0	0
-2.95700002	68554	2.5999999	200	0	0
-2.94499993	68551	2.60500002	200	0	0
-2.94400001	68557	2.60400009	200	0	0
-2.94199991	68558	2.60400009	200	0	0
-2.95600009	68554	2.60500002	200	0	0
-2.94499993	68551	2.6099999	200	0	0
-2.96000004	68553.0078	2.61100006	200	0	0
-2.95700002	68554	2.61500001	200	0	0
-2.95900011	68554	2.6099999	200	0	0
-2.94400001	68558	2.61400008	200	0	0
-2.94300008	68557	2.61400008	200	0	0
-2.94199991	68558	2.60899997	200	0	0
-2.94300008	68557	2.60899997	200	0	0
-2.95900011	68553.0078	2.61599994	200	0	0
-2.94400001	68551	2.61500001	200	0	0
-2.9460001	68551	2.625	200	0	0
-2.94300008	68558	2.625	200	0	0
-2.9460001	68557	2.625	200	0	0
-2.95900011	68553.0078	2.62599993	200	0	0
-2.95900011	68554	2.625	200	0	0
-2.94499993	68558	2.63000011	200	0	0
-2.94400001	68557	2.63000011	200	0	0
-2.96000004	68553.0078	2.63100004	200	0	0
-2.9460001	68551	2.63000011	200	0	0
-2.95900011	68553.0078	2.63599992	200	0	0
-2.94700003	68551	2.63499999	200	0	0
-2.94499993	68558	2.63499999	200	0	0
-2.94499993	68557	2.63499999	200	0	0
-2.9460001	68558	2.6400001	200	0	0
-2.94799995	68557	2.6400001	200	0	0
-2.94700003	68551	2.64100003	200	0	0
-2.96099997	68553.0078	2.64100003	200	0	0
-2.94700003	68551	2.65100002	200	0	0
-2.96000004	68553.0078	2.65700006	200	0	0
-2.95900011	68553.0078	2.65199995	200	0	0
-2.94700003	68557	2.66599989	200	0	0
-2.94400001	68558	2.66499996	200	0	0
-2.9460001	68557	2.66000009	200	0	0
-2.9460001	68558	2.66000009	200	0	0
-2.94700003	68557	2.65499997	200	0	0
-2.94899988	68558	2.65499997	200	0	0
-2.9460001	68557	2.6500001	200	0	0
-2.94400001	68558	2.6500001	200	0	0
-2.96000004	68553.0078	2.66199994	200	0	0
-2.94499993	68551	2.6559999	200	0	0
-2.95700002	68553.0078	2.66700006	200	0	0
-2.94700003	68551	2.66599989	200	0	0
-2.94899988	68551	2.66100001	200	0	0
-2.94899988	68551	2.67600012	200	0	0
-2.9460001	68558	2.67600012	200	0	0
-2.9460001	68557	2.67600012	200	0	0
-2.96099997	68553.0078	2.67700005	200	0	0
-2.9460001	68551	2.68099999	200	0	0
-2.96099997	68553.0078	2.68799996	200	0	0
-2.94499993	68557	2.68099999	200	0	0
-2.95799994	68553.0078	2.68199992	200	0	0
-2.94899988	68557	2.68600011	200	0	0
-2.94799995	68558	2.68600011	200	0	0
-2.94499993	68558	2.68099999	200	0	0
-2.94799995	68557	2.69099998	200	0	0
-2.94700003	68558	2.69099998	200	0	0
-2.95799994	68553.0078	2.69199991	200	0	0
-2.94799995	68551	2.69199991	200	0	0
-2.94899988	68551	2.68700004	200	0	0
-2.95000005	68551	2.7019999	200	0	0
-2.94700003	68558	2.70099998	200	0	0
-2.94700003	68557	2.70099998	200	0	0
-2.96000004	68553.0078	2.70300007	200	0	0
-2.95000005	68551	2.70700002	200	0	0
-2.96399999	68552	2.70799994	200	0	0
-2.96199989	68553.0078	2.70799994	200	0	0
-2.96199989	68553.0078	2.71300006	200	0	0
-2.94799995	68557	2.70700002	200	0	0
-2.94899988	68557	2.71199989	200	0	0
-2.94799995	68558	2.71199989	200	0	0
-2.9460001	68558	2.70600009	200	0	0
-2.94899988	68551	2.71199989	200	0	0
-2.96099997	68552	2.71300006	200	0	0
-2.96499991	68553.0078	2.7190001	200	0	0
-2.95499992	68552	2.71799994	200	0	0
-2.95099998	68551	2.71700001	200	0	0
-2.94899988	68557	2.71700001	200	0	0
-2.9460001	68558	2.71700001	200	0	0
-2.94899988	68557	2.727	200	0	0
-2.94799995	68558	2.727	200	0	0
-2.95099998	68551	2.72799993	200	0	0
-2.94899988	68552	2.72799993	200	0	0
-2.94899988	68551	2.73300004	200	0	0
-2.95700002	68552	2.73300004	200	0	0
-2.94899988	68557	2.73200011	200	0	0
-2.94799995	68558	2.73200011	200	0	0
-2.94899988	68557	2.73699999	200	0	0
-2.95000005	68558	2.73699999	200	0	0
-2.95099998	68552	2.73799992	200	0	0
-2.95099998	68551	2.73799992	200	0	0
-2.96300006	68552	2.74399996	200	0	0
-2.95300007	68551	2.74300003	200	0	0
-2.95099998	68558	2.74300003	200	0	0
-2.94899988	68551	2.75300002	200	0	0
-2.954	68552	2.75399995	200	0	0
-2.95099998	68557	2.74300003	200	0	0
-2.95099998	68558	2.76300001	200	0	0
-2.95099998	68557	2.76300001	200	0	0
-2.95099998	68558	2.7579999	200	0	0
-2.9519999	68557	2.7579999	200	0	0
-2.94899988	68558	2.75300002	200	0	0
-2.95000005	68557	2.75300002	200	0	0
-2.9519999	68551	2.75900006	200	0	0
-2.96300006	68552	2.75999999	200	0	0
-2.95300007	68551	2.76399994	200	0	0
-2.96700001	68552	2.7650001	200	0	0
-2.95799994	68552	2.76999998	200	0	0
-2.95499992	68551	2.76900005	200	0	0
-2.95300007	68557	2.76799989	200	0	0
-2.95099998	68558	2.76799989	200	0	0
-2.9519999	68551	2.77900004	200	0	0
-2.95300007	68557	2.77900004	200	0	0
-2.95300007	68551	2.78399992	200	0	0
-2.96199989	68552	2.78500009	200	0	0
-2.96499991	68552	2.7809999	200	0	0
-2.95000005	68558	2.77800012	200	0	0
-2.95000005	68558	2.78399992	200	0	0
-2.954	68557	2.78399992	200	0	0
-2.95000005	68558	2.78900003	200	0	0
-2.95000005	68557	2.78900003	200	0	0
-2.9519999	68551	2.78900003	200	0	0
-2.95499992	68552	2.78999996	200	0	0
-2.95799994	68552	2.79500008	200	0	0
-2.95600009	68551	2.79500008	200	0	0
-2.9519999	68557	2.79399991	200	0	0
-2.95300007	68558	2.79399991	200	0	0
-2.95799994	68552	2.80599999	200	0	0
-2.95300007	68551	2.80500007	200	0	0
-2.95300007	68557	2.8039999	200	0	0
-2.954	68551	2.80999994	200	0	0
-2.95900011	68552	2.81100011	200	0	0
-2.9519999	68558	2.8039999	200	0	0
-2.95300007	68557	2.80999994	200	0	0
-2.95099998	68558	2.80900002	200	0	0
-2.95600009	68551	2.81599998	200	0	0
-2.95799994	68552	2.81599998	200	0	0
-2.9519999	68558	2.81500006	200	0	0
-2.95600009	68557	2.81500006	200	0	0
-2.95300007	68558	2.81999993	200	0	0
-2.95300007	68557	2.81999993	200	0	0
-2.95600009	68552	2.8210001	200	0	0
-2.95499992	68551	2.8210001	200	0	0
-2.95600009	68552	2.83100009	200	0	0
-2.95300007	68551	2.83100009	200	0	0
-2.95300007	68558	2.82999992	200	0	0
-2.954	68557	2.82999992	200	0	0
-2.954	68557	2.83599997	200	0	0
-2.95099998	68558	2.83500004	200	0	0
-2.95600009	68551	2.83599997	200	0	0
-2.95700002	68552	2.83599997	200	0	0
-2.95600009	68552	2.84200001	200	0	0
-2.954	68551	2.84100008	200	0	0
-2.95600009	68557	2.84100008	200	0	0
-2.95600009	68558	2.84100008	200	0	0
-2.95600009	68552	2.84699988	200	0	0
-2.954	68551	2.84599996	200	0	0
-2.954	68557	2.86100006	200	0	0
-2.95300007	68558	2.86100006	200	0	0
-2.95499992	68557	2.85599995	200	0	0
-2.954	68558	2.85599995	200	0	0
-2.954	68557	2.84599996	200	0	0
-2.95499992	68558	2.84599996	200	0	0
-2.95799994	68552	2.85700011	200	0	0
-2.95799994	68551	2.85700011	200	0	0
-2.954	68552	2.86199999	200	0	0
-2.95700002	68551	2.86199999	200	0	0
-2.95900011	68551	2.86800003	200	0	0
-2.95799994	68552	2.86800003	200	0	0
-2.95600009	68558	2.8670001	200	0	0
-2.95600009	68557	2.8670001	200	0	0
-2.95900011	68552	2.87299991	200	0	0
-2.95700002	68551	2.87299991	200	0	0
-2.95600009	68558	2.87199998	200	0	0
-2.95799994	68557	2.87199998	200	0	0
-2.95700002	68552	2.8829999	200	0	0
-2.95700002	68551	2.8829999	200	0	0
-2.95700002	68557	2.8829999	200	0	0
-2.95700002	68557	2.88800001	200	0	0
-2.95499992	68558	2.88800001	200	0	0
-2.95900011	68551	2.88899994	200	0	0
-2.95799994	68552	2.88899994	200	0	0
-2.95900011	68551	2.89400005	200	0	0
-2.95799994	68552	2.89400005	200	0	0
-2.95900011	68558	2.89299989	200	0	0
-2.95799994	68557	2.89299989	200	0	0
-2.95799994	68551	2.89899993	200	0	0
-2.95799994	68552	2.89899993	200	0	0
-2.95700002	68558	2.898	200	0	0
-2.95700002	68557	2.898	200	0	0
-2.95900011	68551	2.90899992	200	0	0
-2.96000004	68552	2.91000009	200	0	0
-2.95799994	68558	2.90899992	200	0	0
-2.95900011	68557	2.90899992	200	0	0
-2.95900011	68552	2.91499996	200	0	0
-2.95900011	68551	2.91499996	200	0	0
-2.95700002	68557	2.91400003	200	0	0
-2.95700002	68558	2.91400003	200	0	0
-2.95900011	68557	2.91899991	200	0	0
-2.95900011	68558	2.91899991	200	0	0
-2.96099997	68551	2.92000008	200	0	0
-2.95900011	68552	2.92000008	200	0	0
-2.96099997	68551	2.92499995	200	0	0
-2.95900011	68557	2.92499995	200	0	0
-2.95900011	68558	2.92499995	200	0	0
-2.95900011	68557	2.93499994	200	0	0
-2.95600009	68558	2.93400002	200	0	0
-2.95799994	68551	2.93499994	200	0	0
-2.96000004	68551	2.94099998	200	0	0
-2.95799994	68552	2.94099998	200	0	0
-2.95900011	68552	2.93600011	200	0	0
-2.96000004	68558	2.94000006	200	0	0
-2.96000004	68551	2.9460001	200	0	0
-2.96099997	68552	2.9460001	200	0	0
-2.96399999	68558	2.9519999	200	0	0
-2.95700002	68557	2.95000005	200	0	0
-2.96300006	68558	2.9460001	200	0	0
-2.96000004	68557	2.9460001	200	0	0
-2.96099997	68557	2.94099998	200	0	0
-2.96300006	68551	2.9519999	200	0	0
-2.96099997	68552	2.9519999	200	0	0
-2.96099997	68552	2.96700001	200	0	0
-2.96199989	68551	2.96700001	200	0	0
-2.96000004	68552	2.96199989	200	0	0
-2.96199989	68551	2.96199989	200	0	0
-2.95799994	68558	2.96600008	200	0	0
-2.95900011	68557	2.96099997	200	0	0
-2.95900011	68558	2.96099997	200	0	0
-2.96199989	68557	2.96700001	200	0	0
-2.96399999	68551	2.97799993	200	0	0
-2.96399999	68552	2.97799993	200	0	0
-2.96199989	68551	2.97300005	200	0	0
-2.96199989	68552	2.97300005	200	0	0
-2.96099997	68558	2.977	200	0	0
-2.96000004	68557	2.977	200	0	0
-2.96199989	68558	2.97199988	200	0	0
-2.96199989	68557	2.97199988	200	0	0
-2.95499992	68558	2.98699999	200	0	0
-2.96199989	68551	2.98799992	200	0	0
-2.96199989	68552	2.98900008	200	0	0
-2.96199989	68557	2.98799992	200	0	0
-2.96300006	68552	2.99399996	200	0	0
-2.96199989	68551	2.99399996	200	0	0
-2.96099997	68557	2.99300003	200	0	0
-2.96000004	68558	2.99300003	200	0	0
-2.96499991	68551	3.00500011	200	0	0
-2.96300006	68552	3.00399995	200	0	0
-2.96600008	68552	3	200	0	0
-2.96300006	68551	2.99900007	200	0	0
-2.96099997	68557	3.00399995	200	0	0
-2.96199989	68558	3.00399995	200	0	0
-2.96199989	68557	2.99900007	200	0	0
-2.96099997	68558	2.99799991	200	0	0
-2.96199989	68558	3.01399994	200	0	0
-2.96199989	68557	3.01399994	200	0	0
-2.96399999	68552	3.0150001	200	0	0
-2.96199989	68551	3.0150001	200	0	0
-2.96399999	68552	3.02099991	200	0	0
-2.96499991	68551	3.02099991	200	0	0
-2.96399999	68558	3.01999998	200	0	0
-2.96099997	68557	3.01900005	200	0	0
-2.96399999	68557	3.0309999	200	0	0
-2.95900011	68558	3.02900004	200	0	0
-2.96399999	68557	3.0250001	200	0	0
-2.96300006	68552	3.0309999	200	0	0
-2.96399999	68551	3.0309999	200	0	0
-2.96399999	68552	3.02600002	200	0	0
-2.96600008	68551	3.02600002	200	0	0
-2.96399999	68551	3.04200006	200	0	0
-2.96199989	68557	3.046	200	0	0
-2.95900011	68558	3.04500008	200	0	0
-2.96300006	68557	3.04099989	200	0	0
-2.96199989	68558	3.04099989	200	0	0
-2.96399999	68552	3.04699993	200	0	0
-2.98000002	68552	3.04500008	200	0	0
-2.96300006	68551	3.04699993	200	0	0
-2.96499991	68557	3.05200005	200	0	0
-2.96799994	68551	3.05800009	200	0	0
-2.96700001	68552	3.05800009	200	0	0
-2.96700001	68551	3.05299997	200	0	0
-2.96799994	68552	3.05299997	200	0	0
-2.96499991	68557	3.05699992	200	0	0
-2.96300006	68558	3.05699992	200	0	0
-2.96399999	68558	3.05200005	200	0	0
-2.96600008	68552	3.07399988	200	0	0
-2.96600008	68551	3.07399988	200	0	0
-2.96499991	68552	3.06800008	200	0	0
-2.96499991	68551	3.06800008	200	0	0
-2.9690001	68558	3.07399988	200	0	0
-2.96399999	68557	3.07299995	200	0	0
-2.96499991	68557	3.06800008	200	0	0
-2.96199989	68558	3.06699991	200	0	0
-2.96399999	68557	3.08400011	200	0	0
-2.96000004	68558	3.08299994	200	0	0
-2.96600008	68557	3.079	200	0	0
-2.96099997	68558	3.07800007	200	0	0
-2.98000002	68553.0078	3.08200002	200	0	0
-2.9690001	68552	3.08500004	200	0	0
-2.97000003	68551	3.08500004	200	0	0
-2.9690001	68552	3.07999992	200	0	0
-2.9690001	68551	3.07999992	200	0	0
-2.98000002	68553.0078	3.08800006	200	0	0
-2.96600008	68552	3.10100007	200	0	0
-2.97799993	68553.0078	3.09800005	200	0	0
-2.96700001	68551	3.10100007	200	0	0
-2.96700001	68552	3.09599996	200	0	0
-2.96700001	68551	3.09599996	200	0	0
-2.95499992	68558	3.10299993	200	0	0
-2.96600008	68557	3.0999999	200	0	0
-2.96300006	68558	3.09899998	200	0	0
-2.96700001	68558	3.09500003	200	0	0
-2.96600008	68557	3.09500003	200	0	0
-2.96700001	68557	3.11100006	200	0	0
-2.96700001	68558	3.11100006	200	0	0
-2.96600008	68557	3.10500002	200	0	0
-2.97900009	68553.0078	3.10299993	200	0	0
-2.9690001	68551	3.11199999	200	0	0
-2.98000002	68553.0078	3.10899997	200	0	0
-2.96600008	68551	3.10599995	200	0	0
-2.96700001	68552	3.10599995	200	0	0
-2.97799993	68553.0078	3.11400008	200	0	0
-2.96600008	68558	3.12700009	200	0	0
-2.96700001	68557	3.12700009	200	0	0
-2.9690001	68558	3.12199998	200	0	0
-2.96700001	68557	3.12199998	200	0	0
-2.97000003	68551	3.12800002	200	0	0
-2.96799994	68552	3.12800002	200	0	0
-2.97900009	68553.0078	3.125	200	0	0
-2.96799994	68551	3.12199998	200	0	0
-2.96700001	68552	3.12199998	200	0	0
-2.98300004	68553.0078	3.13700008	200	0	0
-2.97000003	68552	3.13899994	200	0	0
-2.97000003	68551	3.13899994	200	0	0
-2.97099996	68551	3.13400006	200	0	0
-2.96799994	68552	3.1329999	200	0	0
-2.977	68553.0078	3.13000011	200	0	0
-2.97000003	68558	3.13800001	200	0	0
-2.97000003	68557	3.13800001	200	0	0
-2.9690001	68558	3.1329999	200	0	0
-2.96799994	68557	3.1329999	200	0	0
-2.98300004	68553.0078	3.14199996	200	0	0
-2.96700001	68557	3.14899993	200	0	0
-2.96600008	68558	3.148	200	0	0
-2.97199988	68552	3.1559999	200	0	0
-2.97099996	68551	3.15499997	200	0	0
-2.98000002	68553.0078	3.15199995	200	0	0
-2.97099996	68552	3.1500001	200	0	0
-2.97099996	68551	3.1500001	200	0	0
-2.96799994	68558	3.15400004	200	0	0
-2.96799994	68557	3.15400004	200	0	0
-2.97099996	68557	3.16000009	200	0	0
-2.98399997	68554	3.16899991	200	0	0
-2.98000002	68553.0078	3.16799998	200	0	0
-2.9749999	68552	3.16700006	200	0	0
-2.97199988	68551	3.16599989	200	0	0
-2.98300004	68553.0078	3.16400003	200	0	0
-2.97000003	68551	3.16100001	200	0	0
-2.97300005	68552	3.16100001	200	0	0
-2.97799993	68553.0078	3.15700006	200	0	0
-2.9690001	68557	3.16499996	200	0	0
-2.96799994	68558	3.16499996	200	0	0
-2.95799994	68558	3.15700006	200	0	0
-2.9690001	68558	3.18099999	200	0	0
-2.9690001	68557	3.18099999	200	0	0
-2.97000003	68557	3.17600012	200	0	0
-2.96099997	68558	3.17400002	200	0	0
-2.98200011	68554	3.1789999	200	0	0
-2.97199988	68551	3.17700005	200	0	0
-2.97099996	68552	3.17700005	200	0	0
-2.97199988	68551	3.18300009	200	0	0
-2.97099996	68552	3.18300009	200	0	0
-2.97000003	68553.0078	3.18199992	200	0	0
-2.98300004	68554	3.18499994	200	0	0
-2.97199988	68557	3.18700004	200	0	0
-2.98399997	68554	3.1960001	200	0	0
-2.97300005	68551	3.19400001	200	0	0
-2.98300004	68554	3.19000006	200	0	0
-2.97099996	68552	3.19300008	200	0	0
-2.97099996	68551	3.18799996	200	0	0
-2.97099996	68552	3.18799996	200	0	0
-2.96000004	68558	3.20099998	200	0	0
-2.97000003	68557	3.19300008	200	0	0
-2.95000005	68558	3.18799996	200	0	0
-2.97099996	68557	3.204	200	0	0
-2.97399998	68552	3.20499992	200	0	0
-2.97399998	68551	3.20499992	200	0	0
-2.9849999	68554	3.20700002	200	0	0
-2.977	68558	3.22099996	200	0	0
-2.97300005	68557	3.22000003	200	0	0
-2.96799994	68557	3.21399999	200	0	0
-2.97099996	68558	3.21399999	200	0	0
-2.9849999	68554	3.21799994	200	0	0
-2.97399998	68552	3.22099996	200	0	0
-2.97399998	68551	3.22099996	200	0	0
-2.97099996	68552	3.21499991	200	0	0
-2.97300005	68551	3.21499991	200	0	0
-2.98600006	68554	3.22399998	200	0	0
-2.98699999	68554	3.2349999	200	0	0
-2.97399998	68551	3.23200011	200	0	0
-2.977	68552	3.23300004	200	0	0
-2.97300005	68557	3.23099995	200	0	0
-2.97300005	68558	3.23099995	200	0	0
-2.97300005	68557	3.24799991	200	0	0
-2.97399998	68558	3.24300003	200	0	0
-2.97099996	68557	3.2420001	200	0	0
-2.98699999	68554	3.25099993	200	0	0
-2.9749999	68551	3.24900007	200	0	0
-2.97399998	68552	3.24900007	200	0	0
-2.9849999	68554	3.24499989	200	0	0
-2.97399998	68551	3.24300003	200	0	0
-2.9749999	68552	3.24300003	200	0	0
-2.97300005	68558	3.25900006	200	0	0
-2.97099996	68557	3.2579999	200	0	0
-2.9749999	68551	3.25999999	200	0	0
-2.97799993	68552	3.26099992	200	0	0
-2.98600006	68555	3.26200008	200	0	0
-2.9849999	68554	3.26200008	200	0	0
-2.98799992	68555	3.27399993	200	0	0
-2.97600007	68557	3.27600002	200	0	0
-2.977	68558	3.27600002	200	0	0
-2.97399998	68557	3.26999998	200	0	0
-2.97399998	68558	3.26999998	200	0	0
-2.98399997	68554	3.273	200	0	0
-2.97399998	68551	3.26999998	200	0	0
-2.97399998	68552	3.27099991	200	0	0
-2.977	68552	3.27699995	200	0	0
-2.97799993	68551	3.27699995	200	0	0
-2.98699999	68555	3.27900004	200	0	0
-2.97399998	68558	3.28600001	200	0	0
-2.9749999	68557	3.28699994	200	0	0
-2.9749999	68551	3.28699994	200	0	0
-2.9749999	68552	3.28800011	200	0	0
-2.9849999	68555	3.28900003	200	0	0
-2.9749999	68557	3.2980001	200	0	0
-2.9749999	68558	3.2980001	200	0	0
-2.97600007	68557	3.30299997	200	0	0
-2.97600007	68551	3.29900002	200	0	0
-2.97600007	68552	3.29900002	200	0	0
-2.98600006	68555	3.30599999	200	0	0
-2.98900008	68555	3.30200005	200	0	0
-2.9749999	68557	3.31399989	200	0	0
-2.97300005	68558	3.31399989	200	0	0
-2.97799993	68552	3.30500007	200	0	0
-2.98000002	68551	3.30500007	200	0	0
-2.97900009	68552	3.31599998	200	0	0
-2.97600007	68551	3.31500006	200	0	0
-2.99000001	68555	3.31900001	200	0	0
-2.97600007	68551	3.32599998	200	0	0
-2.97399998	68557	3.32500005	200	0	0
-2.99099994	68555	3.32999992	200	0	0
-2.97799993	68552	3.3269999	200	0	0
-2.97199988	68558	3.32999992	200	0	0
-2.98099995	68558	3.3269999	200	0	0
-2.98099995	68552	3.33299994	200	0	0
-2.977	68558	3.34299994	200	0	0
-2.977	68557	3.34299994	200	0	0
-2.99000001	68555	3.33500004	200	0	0
-2.97799993	68557	3.33200002	200	0	0
-2.98099995	68551	3.34500003	200	0	0
-2.99099994	68556	3.34699988	200	0	0
-2.99000001	68555	3.34699988	200	0	0
-2.98000002	68552	3.3440001	200	0	0
-2.98099995	68551	3.33299994	200	0	0
-2.98600006	68558	3.35700011	200	0	0
-2.977	68557	3.35400009	200	0	0
-2.98099995	68551	3.35599995	200	0	0
-2.98000002	68552	3.35500002	200	0	0
-2.99099994	68556	3.35800004	200	0	0
-2.9920001	68555	3.35800004	200	0	0
-2.977	68557	3.37100005	200	0	0
-2.98200011	68551	3.36199999	200	0	0
-2.98099995	68552	3.36100006	200	0	0
-2.99000001	68556	3.36400008	200	0	0
-2.98000002	68557	3.3599999	200	0	0
-2.98799992	68556	3.37400007	200	0	0
-2.98300004	68558	3.37299991	200	0	0
-2.98099995	68552	3.37299991	200	0	0
-2.98000002	68551	3.37199998	200	0	0
-2.977	68557	3.38199997	200	0	0
-2.977	68558	3.38199997	200	0	0
-2.98200011	68552	3.38400006	200	0	0
-2.97900009	68551	3.3829999	200	0	0
-2.99300003	68556	3.38700008	200	0	0
-2.977	68556	3.38700008	200	0	0
-2.98200011	68557	3.38899994	200	0	0
-2.98099995	68552	3.38899994	200	0	0
-2.977	68557	3.39899993	200	0	0
-2.98000002	68551	3.38899994	200	0	0
-2.97900009	68552	3.4000001	200	0	0
-2.99300003	68556	3.40400004	200	0	0
-2.98000002	68557	3.41100001	200	0	0
-2.98300004	68551	3.40100002	200	0	0
-2.98200011	68551	3.41199994	200	0	0
-2.98200011	68552	3.41199994	200	0	0
-2.99399996	68556	3.41599989	200	0	0
-2.98399997	68552	3.41899991	200	0	0
-2.98399997	68551	3.41899991	200	0	0
-3.00500011	68558	3.41899991	200	0	0
-2.99499989	68556	3.421	200	0	0
-2.98000002	68557	3.41700006	200	0	0
-2.98099995	68557	3.42799997	200	0	0
-2.98399997	68552	3.43000007	200	0	0
-2.98200011	68551	3.4289999	200	0	0
-2.97900009	68557	3.43899989	200	0	0
-2.99399996	68556	3.43300009	200	0	0
-2.98200011	68552	3.44099998	200	0	0
-2.98200011	68551	3.44099998	200	0	0
-2.98200011	68557	3.4460001	200	0	0
-2.99399996	68556	3.44400001	200	0	0
-2.98000002	68557	3.45600009	200	0	0
-2.98600006	68552	3.44799995	200	0	0
-2.9849999	68551	3.44700003	200	0	0
-2.97600007	68557	3.46600008	200	0	0
-2.98300004	68552	3.45799994	200	0	0
-2.98399997	68551	3.45799994	200	0	0
-2.98399997	68551	3.47000003	200	0	0
-2.9849999	68552	3.47000003	200	0	0
-2.98399997	68557	3.4749999	200	0	0
-2.98699999	68552	3.477	200	0	0
-2.98600006	68551	3.47600007	200	0	0
-2.98399997	68557	3.48600006	200	0	0
-2.98600006	68551	3.48799992	200	0	0
-2.98399997	68552	3.48699999	200	0	0
-2.97799993	68557	3.49600005	200	0	0
-2.98399997	68552	3.49900007	200	0	0
-2.98200011	68551	3.49799991	200	0	0
-2.98600006	68557	3.50399995	200	0	0
-2.98900008	68552	3.50600004	200	0	0
-2.98799992	68551	3.50600004	200	0	0
-2.98600006	68551	3.51699996	200	0	0
-2.98699999	68552	3.51699996	200	0	0
-2.9849999	68557	3.51600003	200	0	0
-2.98399997	68557	3.52699995	200	0	0
-2.98699999	68551	3.52900004	200	0	0
-2.98699999	68552	3.52800012	200	0	0
-2.98900008	68557	3.53399992	200	0	0
-2.98799992	68551	3.53500009	200	0	0
-2.98799992	68552	3.53500009	200	0	0
-2.9849999	68557	3.54500008	200	0	0
-2.98900008	68552	3.54699993	200	0	0
-2.98600006	68551	3.54500008	200	0	0
-2.98699999	68557	3.56299996	200	0	0
-2.98699999	68557	3.55699992	200	0	0
-2.98699999	68551	3.55699992	200	0	0
-2.99099994	68552	3.56500006	200	0	0
-2.99099994	68551	3.56500006	200	0	0
-2.99000001	68552	3.55900002	200	0	0
-2.98600006	68557	3.57399988	200	0	0
-2.98799992	68551	3.57500005	200	0	0
-2.98799992	68552	3.57500005	200	0	0
-2.98399997	68557	3.59100008	200	0	0
-2.98600006	68557	3.58599997	200	0	0
-2.99000001	68551	3.5940001	200	0	0
-2.99099994	68552	3.5940001	200	0	0
-2.98900008	68551	3.58800006	200	0	0
-2.99000001	68552	3.58800006	200	0	0
-2.99000001	68552	3.60599995	200	0	0
-2.99000001	68551	3.60599995	200	0	0
-2.98699999	68557	3.60400009	200	0	0
-2.99099994	68557	3.62299991	200	0	0
-2.98900008	68557	3.6170001	200	0	0
-2.99399996	68551	3.625	200	0	0
-2.9920001	68552	3.62400007	200	0	0
-2.99000001	68552	3.61800003	200	0	0
-2.99000001	68551	3.6170001	200	0	0
-2.98900008	68557	3.63400006	200	0	0
-2.99099994	68551	3.63599992	200	0	0
-2.99099994	68552	3.63599992	200	0	0
-2.99499989	68552	3.64899993	200	0	0
-3.00399995	68556	3.65799999	200	0	0
-2.99000001	68557	3.65300012	200	0	0
-2.98699999	68557	3.64499998	200	0	0
-2.99399996	68551	3.65499997	200	0	0
-2.99300003	68552	3.65400004	200	0	0
-2.9920001	68551	3.648	200	0	0
-3.00399995	68556	3.67000008	200	0	0
-2.99300003	68557	3.66599989	200	0	0
-2.99300003	68552	3.66700006	200	0	0
-2.99399996	68551	3.66700006	200	0	0
-3.00600004	68556	3.68300009	200	0	0
-2.99699998	68557	3.68499994	200	0	0
-2.9920001	68557	3.67700005	200	0	0
-2.99699998	68552	3.68600011	200	0	0
-2.99600005	68551	3.68600011	200	0	0
-2.99399996	68552	3.6789999	200	0	0
-2.99399996	68551	3.6789999	200	0	0
-3.00900006	68556	3.69000006	200	0	0
-2.99699998	68551	3.69799995	200	0	0
-2.99600005	68552	3.69799995	200	0	0
-3.00600004	68556	3.70099998	200	0	0
-2.9920001	68557	3.69499993	200	0	0
-2.99300003	68552	3.70900011	200	0	0
-3.00500011	68556	3.71300006	200	0	0
-2.99300003	68557	3.71399999	200	0	0
-2.99099994	68557	3.70700002	200	0	0
-2.99900007	68552	3.71700001	200	0	0
-2.99900007	68551	3.71700001	200	0	0
-2.99300003	68551	3.70900011	200	0	0
-3.00600004	68556	3.73099995	200	0	0
-2.99300003	68557	3.72600007	200	0	0
-3.01099992	68556	3.72099996	200	0	0
-2.99499989	68552	3.72799993	200	0	0
-2.99600005	68551	3.72799993	200	0	0
-3	68551	3.74799991	200	0	0
-3	68552	3.74799991	200	0	0
-2.99900007	68552	3.7420001	200	0	0
-2.99799991	68551	3.74099994	200	0	0
-3.0150001	68555	3.75399995	200	0	0
-3.00999999	68556	3.75200009	200	0	0
-2.99900007	68557	3.74699998	200	0	0
-3.0079999	68556	3.74499989	200	0	0
-2.99499989	68557	3.73900008	200	0	0
-3	68552	3.75999999	200	0	0
-3.00999999	68555	3.76399994	200	0	0
-3.00699997	68556	3.76200008	200	0	0
-2.99699998	68557	3.7579999	200	0	0
-3.00399995	68551	3.76200008	200	0	0
-3.00099993	68552	3.773	200	0	0
-3.0150001	68555	3.77800012	200	0	0
-3	68557	3.77800012	200	0	0
-2.99499989	68557	3.76999998	200	0	0
-3	68551	3.77900004	200	0	0
-3	68552	3.77900004	200	0	0
-2.99799991	68551	3.77200007	200	0	0
-3.0150001	68555	3.78399992	200	0	0
-3.00099993	68551	3.79200006	200	0	0
-2.99799991	68552	3.78999996	200	0	0
-3.00999999	68555	3.79500008	200	0	0
-2.99699998	68557	3.78900003	200	0	0
-2.99799991	68551	3.80299997	200	0	0
-2.99900007	68552	3.80299997	200	0	0
-2.99900007	68557	3.80900002	200	0	0
-3.00999999	68555	3.80699992	200	0	0
-2.99699998	68557	3.80200005	200	0	0
-3.00399995	68552	3.81200004	200	0	0
-3.00300002	68551	3.81100011	200	0	0
-3.01399994	68555	3.82800007	200	0	0
-3	68557	3.82200003	200	0	0
-3.01300001	68555	3.81500006	200	0	0
-3.00200009	68551	3.82299995	200	0	0
-3.00099993	68552	3.82299995	200	0	0
-3.00500011	68552	3.84299994	200	0	0
-3.00399995	68551	3.84299994	200	0	0
-3.00500011	68551	3.83699989	200	0	0
-3.00200009	68552	3.83599997	200	0	0
-3.01900005	68554	3.84299994	200	0	0
-2.99799991	68557	3.83299994	200	0	0
-3.01399994	68555	3.83999991	200	0	0
-3.01900005	68554	3.84899998	200	0	0
-3.0150001	68555	3.84699988	200	0	0
-3.00300002	68557	3.84200001	200	0	0
-3.00399995	68551	3.85500002	200	0	0
-3.00300002	68552	3.85500002	200	0	0
-3.01600003	68554	3.8599999	200	0	0
-3.01600003	68555	3.8599999	200	0	0
-3	68557	3.85299993	200	0	0
-3.00600004	68552	3.86899996	200	0	0
-3.00500011	68551	3.86800003	200	0	0
-3.00399995	68557	3.87299991	200	0	0
-3.01799989	68554	3.87400007	200	0	0
-3.00099993	68557	3.86599994	200	0	0
-3.0079999	68551	3.87599993	200	0	0
-3.00500011	68552	3.875	200	0	0
-3.01600003	68554	3.87899995	200	0	0
-3.00600004	68551	3.88800001	200	0	0
-3.00300002	68552	3.88599992	200	0	0
-3.01799989	68554	3.89299989	200	0	0
-3.00300002	68557	3.88599992	200	0	0
-3.00600004	68552	3.90100002	200	0	0
-3.00500011	68551	3.9000001	200	0	0
-3.00099993	68557	3.90400004	200	0	0
-3.00200009	68557	3.898	200	0	0
-3.0150001	68554	3.90400004	200	0	0
-3.00999999	68551	3.90899992	200	0	0
-3.00500011	68552	3.90700006	200	0	0
-3.01600003	68554	3.92400002	200	0	0
-3.00500011	68552	3.91899991	200	0	0
-3.00500011	68557	3.91799998	200	0	0
-3.01900005	68554	3.91300011	200	0	0
-3.00699997	68551	3.92000008	200	0	0
-3.02200007	68553.0078	3.94099998	200	0	0
-3.01900005	68554	3.93799996	200	0	0
-3.00900006	68551	3.93400002	200	0	0
-3.00500011	68552	3.93199992	200	0	0
-3.00300002	68557	3.93000007	200	0	0
-3.023	68553.0078	3.94799995	200	0	0
-3.01300001	68551	3.94300008	200	0	0
-3.01900005	68554	3.94499993	200	0	0
-3.00500011	68557	3.93799996	200	0	0
-3.0079999	68551	3.95300007	200	0	0
-3.00600004	68552	3.9519999	200	0	0
-3.02099991	68553.0078	3.95900011	200	0	0
-3.01900005	68554	3.95700002	200	0	0
-3.00300002	68557	3.94899988	200	0	0
-3.00900006	68551	3.96700001	200	0	0
-3.00600004	68552	3.96499991	200	0	0
-3.00699997	68557	3.96499991	200	0	0
-3.02099991	68553.0078	3.97199988	200	0	0
-3.01300001	68551	3.9749999	200	0	0
-3.00999999	68552	3.97399998	200	0	0
-3.00999999	68557	3.97300005	200	0	0
-3.01099992	68551	3.98699999	200	0	0
-3.00900006	68552	3.98600006	200	0	0
-3.02399993	68553.0078	3.98000002	200	0	0
-3.01999998	68553.0078	3.9920001	200	0	0
-3.00699997	68557	3.98399997	200	0	0
-3.00900006	68552	3.99900007	200	0	0
-3.00900006	68557	3.99799991	200	0	0
-3.01999998	68553.0078	4.00500011	200	0	0
-3.01200008	68552	4.00699997	200	0	0
-3.01300001	68551	4.00099993	200	0	0
-3.00900006	68557	4.01800013	200	0	0
-3.0079999	68552	4.01800013	200	0	0
-3.0150001	68551	4.00899982	200	0	0
-3.023	68553.0078	4.01300001	200	0	0
-3.01099992	68557	4.00600004	200	0	0
-3.00699997	68557	4.03000021	200	0	0
-3.01999998	68553.0078	4.03800011	200	0	0
-3.01099992	68551	4.03299999	200	0	0
-3.00999999	68552	4.03299999	200	0	0
-3.02200007	68553.0078	4.0250001	200	0	0
-3.01300001	68551	4.02099991	200	0	0
-3.0250001	68553.0078	4.04699993	200	0	0
-3.0150001	68551	4.04099989	200	0	0
-3.01399994	68552	4.04099989	200	0	0
-3.01399994	68557	4.03999996	200	0	0
-3.0150001	68552	4.05499983	200	0	0
-3.01200008	68551	4.05299997	200	0	0
-3.01099992	68557	4.05200005	200	0	0
-3.02900004	68553.0078	4.0619998	200	0	0
-3.01200008	68551	4.06599998	200	0	0
-3.01200008	68552	4.06699991	200	0	0
-3.01399994	68551	4.07399988	200	0	0
-3.00999999	68557	4.06500006	200	0	0
-3.01399994	68552	4.07499981	200	0	0
-3.0150001	68551	4.08799982	200	0	0
-3.01300001	68552	4.08699989	200	0	0
-3.01300001	68557	4.07299995	200	0	0
-3.01200008	68557	4.08599997	200	0	0
-3.01399994	68551	4.10099983	200	0	0
-3.0150001	68552	4.10200024	200	0	0
-3.00999999	68552	4.10599995	200	0	0
-3.01699996	68557	4.10900021	200	0	0
-3.00900006	68557	4.09800005	200	0	0
-3.01999998	68551	4.11100006	200	0	0
-3.01300001	68557	4.11999989	200	0	0
-3.01600003	68552	4.13600016	200	0	0
-3.01600003	68551	4.12200022	200	0	0
-3.00900006	68552	4.11899996	200	0	0
-3.01799989	68552	4.14400005	200	0	0
-3.01399994	68557	4.13399982	200	0	0
-3.01699996	68551	4.13700008	200	0	0
-3.02200007	68551	4.14599991	200	0	0
-3.01699996	68557	4.14300013	200	0	0
-3.01699996	68551	4.15700006	200	0	0
-3.01900005	68552	4.15799999	200	0	0
-3.01799989	68552	4.17199993	200	0	0
-3.01999998	68551	4.17199993	200	0	0
-3.0150001	68557	4.15500021	200	0	0
-3.02399993	68551	4.18200016	200	0	0
-3.02099991	68552	4.17999983	200	0	0
-3.01799989	68557	4.171	200	0	0
-3.01799989	68557	4.17799997	200	0	0
-3.01900005	68551	4.19299984	200	0	0
-3.01799989	68552	4.19199991	200	0	0
-3.01900005	68557	4.19199991	200	0	0
-3.01799989	68557	4.20499992	200	0	0
-3.01900005	68552	4.20699978	200	0	0
-3.01999998	68551	4.20699978	200	0	0
-3.02099991	68557	4.21400023	200	0	0
-3.02200007	68551	4.22900009	200	0	0
-3.02099991	68552	4.22900009	200	0	0
-3.02399993	68551	4.21700001	200	0	0
-3.023	68552	4.21600008	200	0	0
-3.02099991	68552	4.24300003	200	0	0
-3.01699996	68551	4.24100018	200	0	0
-3.01900005	68557	4.22700024	200	0	0
-3.01799989	68557	4.23999977	200	0	0
-3.023	68557	4.25	200	0	0
