-9.15600014	66372	2.76999998	200	0	0
-9.12300014	66377	2.84699988	200	0	0
-9.13500023	66374	2.86299992	200	0	0
-9.12199974	66378.0078	2.704	200	0	0
-9.12899971	66376	2.68799996	200	0	0
-9.13899994	66373	2.86299992	200	0	0
-9.12699986	66376	2.84699988	200	0	0
-9.13099957	66375	2.68799996	200	0	0
-9.1239996	66377	2.704	200	0	0
-9.13000011	66374	2.68799996	200	0	0
-9.11699963	66378.0078	2.7190001	200	0	0
-9.12899971	66375	2.84699988	200	0	0
-9.11299992	66378.0078	2.81500006	200	0	0
-9.13300037	66373	2.68799996	200	0	0
-9.12899971	66374	2.84699988	200	0	0
-9.12699986	66376	2.704	200	0	0
-9.14099979	66372	2.69000006	200	0	0
-9.11400032	66378.0078	2.7349999	200	0	0
-9.14299965	66373	2.84800005	200	0	0
-9.12300014	66377	2.72000003	200	0	0
-9.13000011	66375	2.704	200	0	0
-9.1239996	66377	2.81500006	200	0	0
-9.12300014	66378.0078	2.79900002	200	0	0
-9.11699963	66378.0078	2.78299999	200	0	0
-9.13500023	66374	2.704	200	0	0
-9.1260004	66376	2.72000003	200	0	0
-9.12199974	66377	2.7349999	200	0	0
-9.13700008	66373	2.704	200	0	0
-9.12199974	66378.0078	2.76699996	200	0	0
-9.1260004	66376	2.81500006	200	0	0
-9.1239996	66377	2.79900002	200	0	0
-9.14999962	66372	2.70600009	200	0	0
-9.13000011	66375	2.72000003	200	0	0
-9.1260004	66377	2.78299999	200	0	0
-9.13199997	66375	2.81500006	200	0	0
-9.1260004	66377	2.76699996	200	0	0
-9.13399982	66374	2.72000003	200	0	0
-9.13199997	66376	2.73600006	200	0	0
-9.12800026	66374	2.81500006	200	0	0
-9.12899971	66376	2.79900002	200	0	0
-9.13599968	66373	2.72000003	200	0	0
-9.1260004	66376	2.78299999	200	0	0
-9.125	66376	2.76699996	200	0	0
-9.13599968	66373	2.81500006	200	0	0
-9.13500023	66375	2.73600006	200	0	0
-9.13199997	66375	2.79900002	200	0	0
-9.15600014	66372	2.72199988	200	0	0
-9.13500023	66374	2.73600006	200	0	0
-9.13000011	66374	2.79900002	200	0	0
-9.13399982	66375	2.78399992	200	0	0
-9.13799953	66373	2.73600006	200	0	0
-9.13099957	66375	2.76799989	200	0	0
-9.13599968	66373	2.79999995	200	0	0
-9.15400028	66372	2.73799992	200	0	0
-9.13599968	66374	2.78399992	200	0	0
-9.13500023	66374	2.76799989	200	0	0
-9.13700008	66373	2.78399992	200	0	0
-9.14299965	66373	2.76799989	200	0	0
-9.13000011	66375	2.94300008	200	0	0
-9.15600014	66372	2.76999998	200	0	0
-9.12800026	66376	2.94300008	200	0	0
-9.1260004	66377	2.94300008	200	0	0
-9.12199974	66378.0078	2.94199991	200	0	0
-9.13199997	66373	2.92700005	200	0	0
-9.13700008	66374	2.92700005	200	0	0
-9.13700008	66375	2.92700005	200	0	0
-9.12800026	66376	2.92700005	200	0	0
-9.11900043	66378.0078	2.92600012	200	0	0
-9.12199974	66377	2.92600012	200	0	0
-9.14099979	66373	2.89499998	200	0	0
-9.13899994	66374	2.89499998	200	0	0
-9.14099979	66373	2.87899995	200	0	0
-9.13199997	66375	2.89499998	200	0	0
-9.12800026	66376	2.89499998	200	0	0
-9.1239996	66378.0078	2.89499998	200	0	0
-9.12699986	66377	2.89499998	200	0	0
-9.13599968	66374	2.87899995	200	0	0
-9.13199997	66375	2.87899995	200	0	0
-9.125	66376	2.87899995	200	0	0
-9.1239996	66378.0078	2.87899995	200	0	0
-9.12100029	66377	2.87899995	200	0	0
-9.13000011	66375	2.86299992	200	0	0
-9.12899971	66376	2.86299992	200	0	0
-9.11600018	66378.0078	2.86199999	200	0	0
-9.1260004	66377	2.86299992	200	0	0
-9.11900043	66378.0078	2.84699988	200	0	0
-9.12899971	66376	2.95900011	200	0	0
-9.13799953	66373	2.95900011	200	0	0
-9.13399982	66375	2.95900011	200	0	0
-9.13899994	66374	2.95900011	200	0	0
-9.13500023	66373	2.94300008	200	0	0
-9.14000034	66374	2.94300008	200	0	0
-9.125	66376	2.60800004	200	0	0
-9.12699986	66377	2.60800004	200	0	0
-9.12100029	66378.0078	2.60800004	200	0	0
-9.13599968	66373	2.62400007	200	0	0
-9.14799976	66372	2.64199996	200	0	0
-9.13000011	66374	2.62400007	200	0	0
-9.12800026	66375	2.62400007	200	0	0
-9.12800026	66376	2.62400007	200	0	0
-9.13700008	66373	2.6400001	200	0	0
-9.1239996	66377	2.62400007	200	0	0
-9.12199974	66378.0078	2.62400007	200	0	0
-9.14599991	66372	2.65799999	200	0	0
-9.13199997	66374	2.6400001	200	0	0
-9.13199997	66375	2.6400001	200	0	0
-9.13599968	66373	2.6559999	200	0	0
-9.12800026	66376	2.6400001	200	0	0
-9.11999989	66377	2.6400001	200	0	0
-9.125	66378.0078	2.6400001	200	0	0
-9.13199997	66374	2.6559999	200	0	0
-9.12800026	66375	2.6559999	200	0	0
-9.1239996	66376	2.6559999	200	0	0
-9.11900043	66377	2.6559999	200	0	0
-9.11999989	66378.0078	2.6559999	200	0	0
-9.125	66377	2.68799996	200	0	0
-9.12199974	66378.0078	2.68799996	200	0	0
-9.1420002	66372	2.6099999	200	0	0
-9.13700008	66373	2.60800004	200	0	0
-9.13399982	66374	2.60800004	200	0	0
-9.13000011	66375	2.60800004	200	0	0
-9.14500046	66372	2.62599993	200	0	0
-9.1239996	66378.0078	3.03800011	200	0	0
-9.14299965	66373	3.03900003	200	0	0
-9.12800026	66377	3.03800011	200	0	0
-9.13399982	66376	3.03900003	200	0	0
-9.13199997	66375	3.03900003	200	0	0
-9.12100029	66378.0078	3.02200007	200	0	0
-9.13899994	66373	3.023	200	0	0
-9.12300014	66377	3.02200007	200	0	0
-9.13399982	66374	3.023	200	0	0
-9.13099957	66376	3.023	200	0	0
-9.13000011	66375	3.02200007	200	0	0
-9.11999989	66378.0078	3.00600004	200	0	0
-9.14099979	66373	3.00699997	200	0	0
-9.13099957	66377	3.00699997	200	0	0
-9.13399982	66374	3.00699997	200	0	0
-9.13399982	66375	3.00699997	200	0	0
-9.13000011	66376	3.00600004	200	0	0
-9.1239996	66378.0078	2.97399998	200	0	0
-9.13899994	66373	2.9749999	200	0	0
-9.12699986	66377	2.97399998	200	0	0
-9.12199974	66378.0078	2.95799994	200	0	0
-9.13500023	66374	2.9749999	200	0	0
-9.13099957	66376	2.9749999	200	0	0
-9.13000011	66375	2.9749999	200	0	0
-9.12300014	66377	2.95799994	200	0	0
-9.1239996	66378.0078	3.0539999	200	0	0
-9.13199997	66377	3.05500007	200	0	0
-9.13300037	66376	3.05500007	200	0	0
-9.13099957	66375	3.0539999	200	0	0
-9.14000034	66373	3.05500007	200	0	0
-9.1420002	66372	2.52999997	200	0	0
-9.13199997	66373	2.52900004	200	0	0
-9.13399982	66374	2.52900004	200	0	0
-9.12300014	66378.0078	2.52900004	200	0	0
-9.13300037	66375	2.52900004	200	0	0
-9.1239996	66377	2.52900004	200	0	0
-9.12699986	66376	2.52900004	200	0	0
-9.13799953	66372	2.546	200	0	0
-9.13399982	66373	2.54500008	200	0	0
-9.11499977	66378.0078	2.54500008	200	0	0
-9.13000011	66374	2.54500008	200	0	0
-9.13500023	66375	2.54500008	200	0	0
-9.12100029	66377	2.54500008	200	0	0
-9.1420002	66372	2.56200004	200	0	0
-9.12199974	66376	2.54500008	200	0	0
-9.13199997	66373	2.56100011	200	0	0
-9.14400005	66372	2.57800007	200	0	0
-9.13199997	66374	2.56100011	200	0	0
-9.12100029	66378.0078	2.56100011	200	0	0
-9.12800026	66375	2.56100011	200	0	0
-9.12699986	66377	2.56100011	200	0	0
-9.1260004	66376	2.56100011	200	0	0
-9.13399982	66373	2.5769999	200	0	0
-9.13599968	66374	2.5769999	200	0	0
-9.11800003	66378.0078	2.57599998	200	0	0
-9.12100029	66377	2.57599998	200	0	0
-9.12699986	66375	2.5769999	200	0	0
-9.13000011	66376	2.5769999	200	0	0
-9.13399982	66376	3.13499999	200	0	0
-9.1420002	66373	3.11899996	200	0	0
-9.12699986	66377	3.13400006	200	0	0
-9.12300014	66378.0078	3.13400006	200	0	0
-9.14599991	66374	3.11899996	200	0	0
-9.13399982	66375	3.11899996	200	0	0
-9.13899994	66373	3.10299993	200	0	0
-9.13099957	66376	3.11800003	200	0	0
-9.12899971	66377	3.11800003	200	0	0
-9.12699986	66378.0078	3.11800003	200	0	0
-9.13199997	66374	3.102	200	0	0
-9.14400005	66373	3.08699989	200	0	0
-9.13199997	66375	3.102	200	0	0
-9.13300037	66376	3.102	200	0	0
-9.125	66377	3.102	200	0	0
-9.1239996	66378.0078	3.102	200	0	0
-9.13300037	66374	3.08699989	200	0	0
-9.13000011	66375	3.08599997	200	0	0
-9.125	66376	3.08599997	200	0	0
-9.12699986	66377	3.08599997	200	0	0
-9.12199974	66378.0078	3.08599997	200	0	0
-9.13500023	66375	3.13499999	200	0	0
-9.1420002	66373	3.13499999	200	0	0
-9.1260004	66377	2.44899988	200	0	0
-9.11600018	66378.0078	2.46499991	200	0	0
-9.13000011	66376	2.44899988	200	0	0
-9.125	66377	2.46499991	200	0	0
-9.13599968	66374	2.44899988	200	0	0
-9.13899994	66373	2.44899988	200	0	0
-9.125	66378.0078	2.48099995	200	0	0
-9.12800026	66376	2.46499991	200	0	0
-9.1239996	66377	2.48099995	200	0	0
-9.13399982	66375	2.46499991	200	0	0
-9.12199974	66378.0078	2.49699998	200	0	0
-9.13599968	66374	2.46499991	200	0	0
-9.13599968	66373	2.46499991	200	0	0
-9.12899971	66376	2.48099995	200	0	0
-9.14299965	66372	2.46700001	200	0	0
-9.1239996	66377	2.49699998	200	0	0
-9.12899971	66375	2.48099995	200	0	0
-9.13500023	66374	2.48099995	200	0	0
-9.13000011	66376	2.49699998	200	0	0
-9.13399982	66373	2.48099995	200	0	0
-9.14299965	66372	2.48300004	200	0	0
-9.13000011	66375	2.49699998	200	0	0
-9.13399982	66374	2.49699998	200	0	0
-9.13599968	66373	2.49699998	200	0	0
-9.14700031	66372	2.49900007	200	0	0
-9.11999989	66378.0078	2.44899988	200	0	0
-9.14000034	66373	3.21499991	200	0	0
-9.14000034	66374	3.21499991	200	0	0
-9.125	66378.0078	3.21399999	200	0	0
-9.13799953	66375	3.21499991	200	0	0
-9.13899994	66376	3.21499991	200	0	0
-9.125	66377	3.21399999	200	0	0
-9.14700031	66373	3.20000005	200	0	0
-9.13899994	66374	3.19899988	200	0	0
-9.1260004	66378.0078	3.19799995	200	0	0
-9.13799953	66375	3.19899988	200	0	0
-9.12899971	66377	3.19799995	200	0	0
-9.12899971	66376	3.19799995	200	0	0
-9.1420002	66373	3.18300009	200	0	0
-9.1239996	66378.0078	3.18199992	200	0	0
-9.13500023	66374	3.18300009	200	0	0
-9.13700008	66375	3.18300009	200	0	0
-9.1260004	66377	3.18199992	200	0	0
-9.13500023	66376	3.18300009	200	0	0
-9.12100029	66373	3.16599989	200	0	0
-9.12300014	66378.0078	3.16599989	200	0	0
-9.13799953	66374	3.16700006	200	0	0
-9.12199974	66377	3.16599989	200	0	0
-9.13399982	66375	3.16599989	200	0	0
-9.13300037	66376	3.16599989	200	0	0
-9.1420002	66372	2.37100005	200	0	0
-9.13199997	66373	2.36999989	200	0	0
-9.13399982	66374	2.36999989	200	0	0
-9.13000011	66375	2.36999989	200	0	0
-9.14099979	66372	2.38700008	200	0	0
-9.12300014	66378.0078	2.36999989	200	0	0
-9.125	66376	2.36999989	200	0	0
-9.12300014	66377	2.36999989	200	0	0
-9.13199997	66373	2.38599992	200	0	0
-9.13500023	66374	2.38599992	200	0	0
-9.14099979	66372	2.40300012	200	0	0
-9.13000011	66375	2.38599992	200	0	0
-9.11999989	66378.0078	2.38599992	200	0	0
-9.12300014	66376	2.38599992	200	0	0
-9.13899994	66373	2.40199995	200	0	0
-9.1260004	66377	2.38599992	200	0	0
-9.13700008	66372	2.41899991	200	0	0
-9.13000011	66374	2.40199995	200	0	0
-9.14400005	66373	2.41700006	200	0	0
-9.12899971	66375	2.40199995	200	0	0
-9.11699963	66378.0078	2.40199995	200	0	0
-9.13099957	66376	2.40199995	200	0	0
-9.12100029	66377	2.40199995	200	0	0
-9.13799953	66374	2.41700006	200	0	0
-9.13799953	66375	2.41700006	200	0	0
-9.12899971	66376	2.41799998	200	0	0
-9.1260004	66377	2.41799998	200	0	0
-9.12800026	66378.0078	3.29399991	200	0	0
-9.12699986	66377	3.29399991	200	0	0
-9.13300037	66376	3.29500008	200	0	0
-9.13899994	66375	3.29500008	200	0	0
-9.125	66378.0078	3.27800012	200	0	0
-9.13899994	66374	3.29500008	200	0	0
-9.14000034	66373	3.29500008	200	0	0
-9.12800026	66377	3.27800012	200	0	0
-9.13399982	66376	3.27900004	200	0	0
-9.1260004	66378.0078	3.26200008	200	0	0
-9.12899971	66375	3.27800012	200	0	0
-9.1420002	66374	3.27900004	200	0	0
-9.1420002	66373	3.27900004	200	0	0
-9.1260004	66377	3.26200008	200	0	0
-9.12100029	66378.0078	3.24499989	200	0	0
-9.13199997	66376	3.26200008	200	0	0
-9.12899971	66377	3.24600005	200	0	0
-9.13300037	66374	3.26200008	200	0	0
-9.13899994	66373	3.26300001	200	0	0
-9.13199997	66376	3.24600005	200	0	0
-9.13500023	66375	3.24699998	200	0	0
-9.13599968	66374	3.24699998	200	0	0
-9.13899994	66373	3.24699998	200	0	0
-9.12100029	66377	2.29099989	200	0	0
-9.125	66376	2.28999996	200	0	0
-9.11900043	66378.0078	2.30599999	200	0	0
-9.12699986	66375	2.28999996	200	0	0
-9.11999989	66377	2.30599999	200	0	0
-9.13000011	66374	2.28999996	200	0	0
-9.12899971	66373	2.28999996	200	0	0
-9.11600018	66378.0078	2.32200003	200	0	0
-9.12300014	66376	2.30599999	200	0	0
-9.12199974	66375	2.30599999	200	0	0
-9.11900043	66377	2.32200003	200	0	0
-9.11999989	66378.0078	2.33800006	200	0	0
-9.13300037	66374	2.30599999	200	0	0
-9.13099957	66373	2.30599999	200	0	0
-9.12699986	66376	2.32200003	200	0	0
-9.14299965	66372	2.30699992	200	0	0
-9.1239996	66377	2.33800006	200	0	0
-9.1260004	66375	2.32200003	200	0	0
-9.12800026	66374	2.32200003	200	0	0
-9.12800026	66376	2.33800006	200	0	0
-9.13199997	66373	2.32200003	200	0	0
-9.13500023	66375	2.33800006	200	0	0
-9.12699986	66374	2.33800006	200	0	0
-9.12800026	66373	2.33800006	200	0	0
-9.1420002	66372	2.33899999	200	0	0
-9.11600018	66378.0078	2.29099989	200	0	0
-9.13799953	66373	3.34299994	200	0	0
-9.14500046	66374	3.3440001	200	0	0
-9.14299965	66373	3.32800007	200	0	0
-9.13599968	66375	3.34299994	200	0	0
-9.13700008	66376	3.34299994	200	0	0
-9.14099979	66374	3.3269999	200	0	0
-9.14299965	66377	3.3440001	200	0	0
-9.12699986	66378.0078	3.34200001	200	0	0
-9.13700008	66375	3.3269999	200	0	0
-9.13599968	66376	3.3269999	200	0	0
-9.12899971	66377	3.32599998	200	0	0
-9.12300014	66378.0078	3.32599998	200	0	0
-9.13799953	66372	2.21199989	200	0	0
-9.13500023	66373	2.21099997	200	0	0
-9.13199997	66374	2.21099997	200	0	0
-9.12100029	66375	2.21099997	200	0	0
-9.11699963	66378.0078	2.21099997	200	0	0
-9.1239996	66376	2.21099997	200	0	0
-9.12199974	66377	2.21099997	200	0	0
-9.13300037	66373	2.227	200	0	0
-9.13000011	66374	2.227	200	0	0
-9.14000034	66372	2.24399996	200	0	0
-9.12699986	66375	2.227	200	0	0
-9.11499977	66378.0078	2.227	200	0	0
-9.1239996	66376	2.227	200	0	0
-9.13500023	66373	2.2420001	200	0	0
-9.12300014	66377	2.227	200	0	0
-9.13399982	66372	2.25999999	200	0	0
-9.12699986	66374	2.24300003	200	0	0
-9.13399982	66373	2.2579999	200	0	0
-9.12300014	66375	2.24300003	200	0	0
-9.11699963	66378.0078	2.24300003	200	0	0
-9.11999989	66376	2.24300003	200	0	0
-9.11999989	66377	2.24300003	200	0	0
-9.13199997	66374	2.2579999	200	0	0
-9.12899971	66375	2.25900006	200	0	0
-9.11600018	66378.0078	2.25900006	200	0	0
-9.1239996	66376	2.25900006	200	0	0
-9.12199974	66377	2.25900006	200	0	0
-9.125	66377	2.13100004	200	0	0
-9.1239996	66376	2.13100004	200	0	0
-9.11699963	66378.0078	2.148	200	0	0
-9.12899971	66375	2.13100004	200	0	0
-9.13099957	66374	2.13100004	200	0	0
-9.12300014	66377	2.14700007	200	0	0
-9.13300037	66373	2.13100004	200	0	0
-9.1420002	66372	2.13199997	200	0	0
-9.12100029	66378.0078	2.16300011	200	0	0
-9.125	66376	2.14700007	200	0	0
-9.1260004	66375	2.14700007	200	0	0
-9.12100029	66377	2.16300011	200	0	0
-9.11999989	66378.0078	2.1789999	200	0	0
-9.12699986	66374	2.14700007	200	0	0
-9.13199997	66373	2.14700007	200	0	0
-9.1260004	66376	2.16300011	200	0	0
-9.13599968	66372	2.148	200	0	0
-9.12300014	66377	2.1789999	200	0	0
-9.125	66375	2.16300011	200	0	0
-9.13000011	66374	2.16300011	200	0	0
-9.1260004	66376	2.1789999	200	0	0
-9.12800026	66373	2.16300011	200	0	0
-9.13599968	66372	2.16400003	200	0	0
-9.12899971	66375	2.1789999	200	0	0
-9.13399982	66374	2.1789999	200	0	0
-9.13300037	66373	2.1789999	200	0	0
-9.14299965	66372	2.18000007	200	0	0
-9.12300014	66378.0078	2.13100004	200	0	0
-9.13700008	66372	2.05299997	200	0	0
-9.13199997	66373	2.05100012	200	0	0
-9.13300037	66374	2.05100012	200	0	0
-9.14099979	66372	2.06800008	200	0	0
-9.12800026	66375	2.05200005	200	0	0
-9.11699963	66376	2.05200005	200	0	0
-9.11900043	66378.0078	2.05200005	200	0	0
-9.12100029	66377	2.05200005	200	0	0
-9.13300037	66373	2.06699991	200	0	0
-9.13099957	66374	2.06699991	200	0	0
-9.125	66375	2.06800008	200	0	0
-9.10999966	66378.0078	2.06800008	200	0	0
-9.1260004	66376	2.06800008	200	0	0
-9.11900043	66377	2.06800008	200	0	0
-9.13000011	66373	2.08299994	200	0	0
-9.13700008	66372	2.0999999	200	0	0
-9.13300037	66374	2.08299994	200	0	0
-9.13300037	66373	2.09899998	200	0	0
-9.125	66375	2.08400011	200	0	0
-9.12699986	66376	2.08299994	200	0	0
-9.12100029	66378.0078	2.08400011	200	0	0
-9.12100029	66377	2.08400011	200	0	0
-9.13099957	66374	2.09899998	200	0	0
-9.12800026	66375	2.09899998	200	0	0
-9.11499977	66378.0078	2.0999999	200	0	0
-9.12100029	66376	2.0999999	200	0	0
-9.12199974	66377	2.0999999	200	0	0
-9.11800003	66377	1.972	200	0	0
-9.12300014	66376	1.972	200	0	0
-9.11800003	66378.0078	1.98800004	200	0	0
-9.1260004	66375	1.972	200	0	0
-9.11900043	66377	1.98800004	200	0	0
-9.13300037	66374	1.972	200	0	0
-9.13099957	66373	1.972	200	0	0
-9.13599968	66372	1.97300005	200	0	0
-9.11800003	66378.0078	2.00399995	200	0	0
-9.1239996	66376	1.98800004	200	0	0
-9.12899971	66375	1.98800004	200	0	0
-9.11600018	66378.0078	2.01999998	200	0	0
-9.12300014	66377	2.00399995	200	0	0
-9.1260004	66374	1.98800004	200	0	0
-9.15100002	66372	1.98800004	200	0	0
-9.12800026	66373	1.98800004	200	0	0
-9.11999989	66376	2.00399995	200	0	0
-9.12199974	66377	2.01999998	200	0	0
-9.125	66375	2.00399995	200	0	0
-9.12699986	66374	2.00399995	200	0	0
-9.12699986	66376	2.01999998	200	0	0
-9.13399982	66373	2.00300002	200	0	0
-9.13199997	66372	2.00500011	200	0	0
-9.12699986	66375	2.01999998	200	0	0
-9.13099957	66374	2.01999998	200	0	0
-9.13399982	66373	2.01900005	200	0	0
-9.13599968	66372	2.02099991	200	0	0
-9.11299992	66378.0078	1.97300005	200	0	0
-9.13099957	66372	1.89300001	200	0	0
-9.13500023	66373	1.89199996	200	0	0
-9.1260004	66374	1.89199996	200	0	0
-9.1260004	66375	1.89199996	200	0	0
-9.13399982	66372	1.90900004	200	0	0
-9.12300014	66376	1.89199996	200	0	0
-9.12300014	66377	1.89199996	200	0	0
-9.11800003	66378.0078	1.89300001	200	0	0
-9.13399982	66373	1.90799999	200	0	0
-9.12899971	66374	1.90799999	200	0	0
-9.13199997	66372	1.92499995	200	0	0
-9.125	66375	1.90799999	200	0	0
-9.12300014	66376	1.90799999	200	0	0
-9.11900043	66378.0078	1.90900004	200	0	0
-9.12899971	66373	1.92400002	200	0	0
-9.11699963	66377	1.90900004	200	0	0
-9.13300037	66372	1.94099998	200	0	0
-9.1239996	66374	1.92400002	200	0	0
-9.13099957	66373	1.94000006	200	0	0
-9.12300014	66375	1.92400002	200	0	0
-9.12100029	66376	1.92400002	200	0	0
-9.11299992	66378.0078	1.92499995	200	0	0
-9.11999989	66377	1.92400002	200	0	0
-9.12300014	66374	1.94000006	200	0	0
-9.1239996	66375	1.94000006	200	0	0
-9.12699986	66376	1.94000006	200	0	0
-9.11400032	66378.0078	1.94099998	200	0	0
-9.12300014	66377	1.94000006	200	0	0
-9.11900043	66377	1.81299996	200	0	0
-9.1260004	66376	1.81200004	200	0	0
-9.11900043	66378.0078	1.829	200	0	0
-9.12899971	66375	1.81200004	200	0	0
-9.12800026	66374	1.81200004	200	0	0
-9.14099979	66373	1.81099999	200	0	0
-9.12100029	66377	1.829	200	0	0
-9.13599968	66372	1.81299996	200	0	0
-9.11600018	66378.0078	1.84500003	200	0	0
-9.12199974	66376	1.829	200	0	0
-9.1260004	66375	1.82799995	200	0	0
-9.11499977	66377	1.84500003	200	0	0
-9.11900043	66378.0078	1.86099994	200	0	0
-9.12899971	66374	1.82799995	200	0	0
-9.13099957	66373	1.82799995	200	0	0
-9.13500023	66372	1.829	200	0	0
-9.1239996	66376	1.84399998	200	0	0
-9.11900043	66377	1.86099994	200	0	0
-9.12300014	66375	1.84500003	200	0	0
-9.1239996	66374	1.84399998	200	0	0
-9.125	66376	1.86000001	200	0	0
-9.12699986	66373	1.84399998	200	0	0
-9.13700008	66372	1.84500003	200	0	0
-9.12800026	66375	1.86000001	200	0	0
-9.1239996	66374	1.86000001	200	0	0
-9.13199997	66373	1.86000001	200	0	0
-9.13700008	66372	1.86099994	200	0	0
-9.11800003	66378.0078	1.81299996	200	0	0
-9.13399982	66372	1.73300004	200	0	0
-9.12800026	66373	1.73199999	200	0	0
-9.1260004	66374	1.73199999	200	0	0
-9.1239996	66375	1.73300004	200	0	0
-9.13199997	66372	1.74899995	200	0	0
-9.11499977	66378.0078	1.73300004	200	0	0
-9.12199974	66376	1.73300004	200	0	0
-9.12199974	66377	1.73300004	200	0	0
-9.13700008	66373	1.74800003	200	0	0
-9.125	66374	1.74800003	200	0	0
-9.13099957	66372	1.76499999	200	0	0
-9.12699986	66375	1.74800003	200	0	0
-9.12800026	66376	1.74800003	200	0	0
-9.11800003	66378.0078	1.74899995	200	0	0
-9.11699963	66377	1.74899995	200	0	0
-9.12800026	66373	1.76400006	200	0	0
-9.13599968	66372	1.78100002	200	0	0
-9.13000011	66374	1.76400006	200	0	0
-9.13099957	66373	1.77999997	200	0	0
-9.12199974	66375	1.76499999	200	0	0
-9.1239996	66376	1.76499999	200	0	0
-9.11600018	66378.0078	1.76499999	200	0	0
-9.11800003	66377	1.76499999	200	0	0
-9.12100029	66374	1.78100002	200	0	0
-9.12800026	66375	1.77999997	200	0	0
-9.11299992	66378.0078	1.78100002	200	0	0
-9.11600018	66376	1.78100002	200	0	0
-9.11600018	66377	1.78100002	200	0	0
-9.11999989	66377	1.653	200	0	0
-9.11999989	66376	1.653	200	0	0
-9.11299992	66378.0078	1.66900003	200	0	0
-9.1239996	66375	1.653	200	0	0
-9.13000011	66374	1.65199995	200	0	0
-9.11600018	66377	1.66900003	200	0	0
-9.13000011	66373	1.65199995	200	0	0
-9.13099957	66372	1.653	200	0	0
-9.11400032	66378.0078	1.68499994	200	0	0
-9.11800003	66376	1.66900003	200	0	0
-9.12800026	66375	1.66799998	200	0	0
-9.11600018	66377	1.68499994	200	0	0
-9.11600018	66378.0078	1.70099998	200	0	0
-9.12899971	66374	1.66799998	200	0	0
-9.13099957	66373	1.66799998	200	0	0
-9.13199997	66372	1.66900003	200	0	0
-9.12300014	66376	1.68499994	200	0	0
-9.11900043	66377	1.70099998	200	0	0
-9.12300014	66375	1.68499994	200	0	0
-9.1260004	66374	1.68400002	200	0	0
-9.12300014	66376	1.70099998	200	0	0
-9.13099957	66373	1.68400002	200	0	0
-9.13300037	66372	1.68499994	200	0	0
-9.1239996	66375	1.70099998	200	0	0
-9.1239996	66374	1.70099998	200	0	0
-9.13000011	66373	1.70000005	200	0	0
-9.13399982	66372	1.70099998	200	0	0
-9.11400032	66378.0078	1.653	200	0	0
-9.12899971	66372	1.57299995	200	0	0
-9.12699986	66373	1.57200003	200	0	0
-9.11999989	66374	1.57299995	200	0	0
-9.12300014	66375	1.57200003	200	0	0
-9.13000011	66372	1.58899999	200	0	0
-9.11600018	66378.0078	1.57299995	200	0	0
-9.12100029	66376	1.57299995	200	0	0
-9.11699963	66377	1.57299995	200	0	0
-9.13199997	66373	1.58800006	200	0	0
-9.13000011	66374	1.58800006	200	0	0
-9.13199997	66372	1.60500002	200	0	0
-9.11499977	66375	1.58899999	200	0	0
-9.11499977	66378.0078	1.58899999	200	0	0
-9.12199974	66376	1.58899999	200	0	0
-9.11699963	66377	1.58899999	200	0	0
-9.1260004	66373	1.60399997	200	0	0
-9.125	66372	1.62199998	200	0	0
-9.12100029	66374	1.60500002	200	0	0
-9.125	66375	1.60399997	200	0	0
-9.1260004	66373	1.62	200	0	0
-9.1079998	66378.0078	1.60599995	200	0	0
-9.12199974	66376	1.60500002	200	0	0
-9.11600018	66377	1.60500002	200	0	0
-9.11900043	66374	1.62100005	200	0	0
-9.12699986	66375	1.62	200	0	0
-9.11600018	66378.0078	1.62100005	200	0	0
-9.11999989	66376	1.62100005	200	0	0
-9.11900043	66377	1.62100005	200	0	0
-9.11699963	66377	1.49300003	200	0	0
-9.12199974	66376	1.49199998	200	0	0
-9.11200047	66378.0078	1.50899994	200	0	0
-9.12800026	66375	1.49199998	200	0	0
-9.125	66374	1.49199998	200	0	0
-9.11699963	66377	1.50899994	200	0	0
-9.12699986	66373	1.49199998	200	0	0
-9.13000011	66372	1.49300003	200	0	0
-9.11400032	66378.0078	1.52499998	200	0	0
-9.11999989	66376	1.50800002	200	0	0
-9.11800003	66375	1.50899994	200	0	0
-9.11299992	66377	1.52499998	200	0	0
-9.11499977	66378.0078	1.54100001	200	0	0
-9.12300014	66374	1.50800002	200	0	0
-9.12699986	66373	1.50800002	200	0	0
-9.13199997	66372	1.50899994	200	0	0
-9.11900043	66376	1.52499998	200	0	0
-9.11499977	66377	1.54100001	200	0	0
-9.11999989	66375	1.52499998	200	0	0
-9.12199974	66374	1.52400005	200	0	0
-9.11800003	66376	1.54100001	200	0	0
-9.12800026	66373	1.52400005	200	0	0
-9.12800026	66372	1.52499998	200	0	0
-9.1239996	66375	1.53999996	200	0	0
-9.125	66374	1.53999996	200	0	0
-9.13199997	66373	1.53900003	200	0	0
-9.125	66372	1.54100001	200	0	0
-9.11900043	66378.0078	1.49300003	200	0	0
-9.12300014	66372	1.41299999	200	0	0
-9.125	66373	1.41100001	200	0	0
-9.12300014	66374	1.41199994	200	0	0
-9.12199974	66375	1.41199994	200	0	0
-9.1260004	66372	1.42900002	200	0	0
-9.12100029	66376	1.41199994	200	0	0
-9.11600018	66378.0078	1.41199994	200	0	0
-9.11600018	66377	1.41199994	200	0	0
-9.13500023	66373	1.426	200	0	0
-9.14099979	66372	1.44299996	200	0	0
-9.1239996	66374	1.42799997	200	0	0
-9.11999989	66375	1.42799997	200	0	0
-9.11800003	66376	1.42799997	200	0	0
-9.11699963	66377	1.42799997	200	0	0
-9.11400032	66378.0078	1.42900002	200	0	0
-9.125	66373	1.44400001	200	0	0
-9.12899971	66372	1.46099997	200	0	0
-9.12699986	66374	1.44299996	200	0	0
-9.13000011	66373	1.45899999	200	0	0
-9.11800003	66375	1.44400001	200	0	0
-9.11900043	66376	1.44400001	200	0	0
-9.10999966	66378.0078	1.44500005	200	0	0
-9.11499977	66377	1.44500005	200	0	0
-9.11999989	66374	1.46000004	200	0	0
-9.11999989	66375	1.46000004	200	0	0
-9.11999989	66376	1.46000004	200	0	0
-9.11400032	66378.0078	1.46099997	200	0	0
-9.11499977	66377	1.46099997	200	0	0
-9.12300014	66377	1.33099997	200	0	0
-9.11999989	66376	1.33099997	200	0	0
-9.11600018	66378.0078	1.34800005	200	0	0
-9.1239996	66375	1.33099997	200	0	0
-9.125	66374	1.33099997	200	0	0
-9.12899971	66373	1.33000004	200	0	0
-9.11200047	66377	1.34800005	200	0	0
-9.12800026	66372	1.33200002	200	0	0
-9.11999989	66378.0078	1.36399996	200	0	0
-9.11800003	66376	1.34800005	200	0	0
-9.12100029	66375	1.347	200	0	0
-9.11499977	66377	1.36399996	200	0	0
-9.1420002	66372	1.34599996	200	0	0
-9.1260004	66374	1.347	200	0	0
-9.11299992	66378.0078	1.38100004	200	0	0
-9.12699986	66373	1.347	200	0	0
-9.11699963	66376	1.36399996	200	0	0
-9.11299992	66377	1.38100004	200	0	0
-9.12300014	66375	1.36300004	200	0	0
-9.12100029	66374	1.36399996	200	0	0
-9.11400032	66376	1.38	200	0	0
-9.125	66373	1.36300004	200	0	0
-9.13000011	66372	1.36399996	200	0	0
-9.1239996	66375	1.37899995	200	0	0
-9.1420002	66372	1.37800002	200	0	0
-9.125	66374	1.37899995	200	0	0
-9.12300014	66373	1.37899995	200	0	0
-9.10900021	66378.0078	1.33299994	200	0	0
-9.1260004	66372	1.25100005	200	0	0
-9.125	66373	1.25	200	0	0
-9.1239996	66374	1.25	200	0	0
-9.11999989	66375	1.25100005	200	0	0
-9.11600018	66378.0078	1.25100005	200	0	0
-9.11699963	66376	1.25100005	200	0	0
-9.11400032	66377	1.25100005	200	0	0
-9.12300014	66372	1.26800001	200	0	0
-9.12699986	66373	1.26600003	200	0	0
-9.12100029	66374	1.26699996	200	0	0
-9.1239996	66372	1.28400004	200	0	0
-9.12199974	66375	1.26600003	200	0	0
-9.11600018	66378.0078	1.26699996	200	0	0
-9.11600018	66376	1.26699996	200	0	0
-9.11400032	66377	1.26699996	200	0	0
-9.12199974	66373	1.28299999	200	0	0
-9.1260004	66372	1.29999995	200	0	0
-9.125	66374	1.28199995	200	0	0
-9.13399982	66373	1.29700005	200	0	0
-9.12300014	66375	1.28199995	200	0	0
-9.11699963	66376	1.28299999	200	0	0
-9.11299992	66378.0078	1.28400004	200	0	0
-9.11299992	66377	1.28400004	200	0	0
-9.12300014	66374	1.29900002	200	0	0
-9.12199974	66375	1.29900002	200	0	0
-9.11600018	66378.0078	1.29999995	200	0	0
-9.11600018	66376	1.29999995	200	0	0
-9.11499977	66377	1.29999995	200	0	0
-9.11600018	66377	1.16999996	200	0	0
-9.11499977	66376	1.16999996	200	0	0
-9.10400009	66378.0078	1.18799996	200	0	0
-9.11900043	66375	1.16999996	200	0	0
-9.12100029	66374	1.16900003	200	0	0
-9.11499977	66377	1.18599999	200	0	0
-9.125	66373	1.16900003	200	0	0
-9.13000011	66372	1.16999996	200	0	0
-9.10999966	66378.0078	1.20299995	200	0	0
-9.11299992	66376	1.18700004	200	0	0
-9.11999989	66375	1.18599999	200	0	0
-9.11600018	66377	1.20299995	200	0	0
-9.11100006	66378.0078	1.21899998	200	0	0
-9.12100029	66374	1.18599999	200	0	0
-9.11999989	66373	1.18599999	200	0	0
-9.12699986	66372	1.18599999	200	0	0
-9.11299992	66376	1.20299995	200	0	0
-9.11499977	66377	1.21899998	200	0	0
-9.12100029	66375	1.20200002	200	0	0
-9.12100029	66374	1.20200002	200	0	0
-9.11800003	66376	1.21800005	200	0	0
-9.11699963	66373	1.20200002	200	0	0
-9.1239996	66372	1.20299995	200	0	0
-9.11800003	66375	1.21800005	200	0	0
-9.11999989	66374	1.21800005	200	0	0
-9.1239996	66373	1.21800005	200	0	0
-9.12899971	66372	1.21800005	200	0	0
-9.1079998	66378.0078	1.171	200	0	0
-9.12100029	66372	1.09000003	200	0	0
-9.11499977	66373	1.08899999	200	0	0
-9.11699963	66374	1.08899999	200	0	0
-9.11400032	66375	1.08899999	200	0	0
-9.11299992	66376	1.08899999	200	0	0
-9.11999989	66372	1.10599995	200	0	0
-9.11299992	66377	1.08899999	200	0	0
-9.11200047	66378.0078	1.09000003	200	0	0
-9.11600018	66373	1.10500002	200	0	0
-9.11800003	66374	1.10500002	200	0	0
-9.11699963	66372	1.12300003	200	0	0
-9.11800003	66375	1.10500002	200	0	0
-9.11400032	66376	1.10500002	200	0	0
-9.11299992	66378.0078	1.10599995	200	0	0
-9.11200047	66377	1.10599995	200	0	0
-9.11800003	66373	1.12100005	200	0	0
-9.12199974	66372	1.13800001	200	0	0
-9.11600018	66374	1.12100005	200	0	0
-9.11600018	66375	1.12100005	200	0	0
-9.11600018	66373	1.13800001	200	0	0
-9.11499977	66376	1.12199998	200	0	0
-9.10900021	66378.0078	1.12300003	200	0	0
-9.11299992	66377	1.12199998	200	0	0
-9.11600018	66374	1.13800001	200	0	0
-9.11699963	66375	1.13800001	200	0	0
-9.10499954	66378.0078	1.13900006	200	0	0
-9.11400032	66376	1.13800001	200	0	0
-9.10700035	66377	1.13900006	200	0	0
-9.11800003	66376	1.05599999	200	0	0
-9.11800003	66372	1.05799997	200	0	0
-9.11499977	66374	0.958999991	200	0	0
-9.10499954	66378.0078	0.959999979	200	0	0
-9.11499977	66375	0.958999991	200	0	0
-9.11200047	66376	0.958999991	200	0	0
-9.10700035	66377	0.959999979	200	0	0
-9.11400032	66372	0.976999998	200	0	0
-9.11699963	66373	0.975000024	200	0	0
-9.11299992	66374	0.975000024	200	0	0
-9.10900021	66378.0078	0.976000011	200	0	0
-9.10999966	66377	0.976000011	200	0	0
-9.11100006	66375	0.976000011	200	0	0
-9.10900021	66376	0.976000011	200	0	0
-9.11400032	66373	0.958999991	200	0	0
-9.11699963	66372	0.959999979	200	0	0
-9.11800003	66372	0.861999989	200	0	0
-9.11299992	66375	0.861000001	200	0	0
-9.11100006	66374	0.861000001	200	0	0
-9.10599995	66373	0.861999989	200	0	0
-9.10099983	66378.0078	0.879999995	200	0	0
-9.10400009	66377	0.879000008	200	0	0
-9.10599995	66376	0.879000008	200	0	0
-9.11299992	66373	0.876999974	200	0	0
-9.11100006	66372	0.879000008	200	0	0
-9.10499954	66375	0.879000008	200	0	0
-9.10700035	66374	0.879000008	200	0	0
-9.10700035	66378.0078	0.894999981	200	0	0
-9.10200024	66377	0.896000028	200	0	0
-9.10700035	66376	0.894999981	200	0	0
-9.11200047	66372	0.894999981	200	0	0
-9.10499954	66375	0.894999981	200	0	0
-9.10700035	66373	0.894999981	200	0	0
-9.10299969	66374	0.894999981	200	0	0
-9.10900021	66378.0078	0.926999986	200	0	0
-9.10900021	66377	0.926999986	200	0	0
-9.10999966	66378.0078	0.943000019	200	0	0
-9.11400032	66376	0.925999999	200	0	0
-9.11400032	66372	0.927999973	200	0	0
-9.11299992	66377	0.943000019	200	0	0
-9.11200047	66373	0.926999986	200	0	0
-9.11299992	66375	0.926999986	200	0	0
-9.11499977	66374	0.925999999	200	0	0
-9.11100006	66376	0.943000019	200	0	0
-9.11800003	66372	0.943000019	200	0	0
-9.11800003	66373	0.941999972	200	0	0
-9.11400032	66375	0.943000019	200	0	0
-9.11600018	66374	0.941999972	200	0	0
-9.10999966	66378.0078	0.861999989	200	0	0
-9.10400009	66377	0.862999976	200	0	0
-9.11200047	66376	0.861000001	200	0	0
-9.10200024	66377	0.847000003	200	0	0
-9.08199978	66374	0.850000024	200	0	0
