-3.32800007	67374	4.24499989	200	0	0
-3.3210001	67379	4.15999985	200	0	0
-3.32399988	67374	4.14699984	200	0	0
-3.32999992	67380	4.17199993	200	0	0
-3.3210001	67378.0078	4.15999985	200	0	0
-3.32500005	67381	4.18400002	200	0	0
-3.32800007	67379	4.171	200	0	0
-3.32399988	67377	4.16200018	200	0	0
-3.33500004	67382	4.21099997	200	0	0
-3.32399988	67376	4.16099977	200	0	0
-3.32599998	67380	4.18499994	200	0	0
-3.32399988	67375	4.16099977	200	0	0
-3.32800007	67378.0078	4.171	200	0	0
-3.32399988	67374	4.16099977	200	0	0
-3.3269999	67381	4.19999981	200	0	0
-3.33599997	67382	4.22700024	200	0	0
-3.33699989	67382	4.24900007	200	0	0
-3.329	67381	4.20800018	200	0	0
-3.32999992	67377	4.17199993	200	0	0
-3.32599998	67379	4.18499994	200	0	0
-3.32200003	67380	4.19700003	200	0	0
-3.32999992	67376	4.17199993	200	0	0
-3.3269999	67375	4.17000008	200	0	0
-3.3269999	67374	4.17000008	200	0	0
-3.3269999	67381	4.22200012	200	0	0
-3.32800007	67378.0078	4.18599987	200	0	0
-3.32599998	67381	4.23600006	200	0	0
-3.32800007	67380	4.20800018	200	0	0
-3.329	67381	4.24499989	200	0	0
-3.32299995	67377	4.18300009	200	0	0
-3.32500005	67379	4.19899988	200	0	0
-3.32200003	67376	4.18200016	200	0	0
-3.32299995	67380	4.21999979	200	0	0
-3.32299995	67375	4.18300009	200	0	0
-3.33100009	67379	4.20900011	200	0	0
-3.32500005	67374	4.18400002	200	0	0
-3.33800006	67380	4.25	200	0	0
-3.32399988	67380	4.23500013	200	0	0
-3.3269999	67378.0078	4.19999981	200	0	0
-3.32800007	67378.0078	4.20800018	200	0	0
-3.33200002	67379	4.22399998	200	0	0
-3.3269999	67377	4.19999981	200	0	0
-3.32800007	67379	4.23699999	200	0	0
-3.33100009	67379	4.24599981	200	0	0
-3.3269999	67376	4.19999981	200	0	0
-3.32299995	67375	4.19799995	200	0	0
-3.32800007	67377	4.20800018	200	0	0
-3.32299995	67374	4.19799995	200	0	0
-3.32500005	67378.0078	4.22100019	200	0	0
-3.329	67376	4.20800018	200	0	0
-3.32599998	67378.0078	4.23600006	200	0	0
-3.33500004	67378.0078	4.24800014	200	0	0
-3.32399988	67377	4.21999979	200	0	0
-3.32800007	67375	4.20800018	200	0	0
-3.33200002	67374	4.21000004	200	0	0
-3.32299995	67376	4.21999979	200	0	0
-3.32399988	67377	4.23500013	200	0	0
-3.33100009	67377	4.24599981	200	0	0
-3.32200003	67375	4.21899986	200	0	0
-3.3269999	67374	4.22200012	200	0	0
-3.3269999	67376	4.23699999	200	0	0
-3.32999992	67376	4.24599981	200	0	0
-3.32599998	67375	4.23600006	200	0	0
-3.33400011	67375	4.24800014	200	0	0
-3.32399988	67374	4.23500013	200	0	0
-3.32800007	67374	4.24499989	200	0	0
-3.32500005	67374	4.07499981	200	0	0
-3.32599998	67380	4.0619998	200	0	0
-3.32599998	67379	4.0619998	200	0	0
-3.32200003	67375	4.07399988	200	0	0
-3.31699991	67376	4.07200003	200	0	0
-3.31699991	67377	4.07200003	200	0	0
-3.31800008	67378.0078	4.07200003	200	0	0
-3.32200003	67381	4.07399988	200	0	0
-3.32200003	67374	4.08799982	200	0	0
-3.35500002	67385	4.21400023	200	0	0
-3.32299995	67380	4.07399988	200	0	0
-3.32200003	67379	4.07399988	200	0	0
-3.31999993	67375	4.08699989	200	0	0
-3.33100009	67374	4.0999999	200	0	0
-3.32399988	67376	4.08900023	200	0	0
-3.31699991	67377	4.08599997	200	0	0
-3.32599998	67382	4.09000015	200	0	0
-3.32299995	67375	4.09600019	200	0	0
-3.32299995	67381	4.08900023	200	0	0
-3.31900001	67378.0078	4.08699989	200	0	0
-3.32200003	67380	4.08799982	200	0	0
-3.32200003	67374	4.11000013	200	0	0
-3.32500005	67379	4.09000015	200	0	0
-3.3269999	67376	4.09800005	200	0	0
-3.32299995	67377	4.09600019	200	0	0
-3.31999993	67380	4.09399986	200	0	0
-3.3210001	67378.0078	4.09499979	200	0	0
-3.3269999	67381	4.09800005	200	0	0
-3.32200003	67375	4.11000013	200	0	0
-3.32599998	67379	4.09800005	200	0	0
-3.32299995	67374	4.125	200	0	0
-3.3210001	67376	4.11000013	200	0	0
-3.329	67374	4.13500023	200	0	0
-3.31900001	67375	4.12300014	200	0	0
-3.3210001	67381	4.11000013	200	0	0
-3.32399988	67377	4.11100006	200	0	0
-3.31999993	67380	4.10900021	200	0	0
-3.3210001	67378.0078	4.10900021	200	0	0
-3.3210001	67375	4.13100004	200	0	0
-3.32500005	67379	4.11100006	200	0	0
-3.32299995	67376	4.125	200	0	0
-3.31999993	67375	4.14499998	200	0	0
-3.32200003	67377	4.12400007	200	0	0
-3.3269999	67376	4.13399982	200	0	0
-3.32599998	67381	4.12599993	200	0	0
-3.32200003	67379	4.12400007	200	0	0
-3.32599998	67380	4.12599993	200	0	0
-3.32500005	67378.0078	4.12599993	200	0	0
-3.33100009	67382	4.17299986	200	0	0
-3.33299994	67382	4.15199995	200	0	0
-3.32599998	67377	4.13399982	200	0	0
-3.329	67381	4.13500023	200	0	0
-3.32299995	67376	4.14699984	200	0	0
-3.33100009	67382	4.16499996	200	0	0
-3.32500005	67380	4.1329999	200	0	0
-3.32399988	67379	4.13199997	200	0	0
-3.329	67378.0078	4.13500023	200	0	0
-3.329	67381	4.171	200	0	0
-3.32500005	67377	4.14699984	200	0	0
-3.32599998	67381	4.14799976	200	0	0
-3.32200003	67381	4.15999985	200	0	0
-3.31999993	67380	4.14499998	200	0	0
-3.3210001	67378.0078	4.14599991	200	0	0
-3.32200003	67379	4.14599991	200	0	0
-3.32599998	67380	4.16300011	200	0	0
-3.3210001	67376	4.05200005	200	0	0
-3.3210001	67378.0078	4.05900002	200	0	0
-3.31800008	67377	4.05800009	200	0	0
-3.32200003	67374	4.05299997	200	0	0
-3.32500005	67375	4.0539999	200	0	0
-3.31800008	67376	4.05800009	200	0	0
-3.32299995	67375	4.05999994	200	0	0
-3.32800007	67374	4.0630002	200	0	0
-3.3269999	67390.0078	4.16300011	200	0	0
-3.34200001	67390.0078	4.17799997	200	0	0
-3.3440001	67391	4.24599981	200	0	0
-3.33800006	67391	4.22700024	200	0	0
-3.34500003	67391	4.20900011	200	0	0
-3.33299994	67391	4.21000004	200	0	0
-3.32500005	67381	4.00400019	200	0	0
-3.3210001	67377	3.98200011	200	0	0
-3.32500005	67379	3.99099994	200	0	0
-3.31699991	67376	3.98000002	200	0	0
-3.31800008	67375	3.98000002	200	0	0
-3.31900001	67380	4.00199986	200	0	0
-3.32500005	67378.0078	3.99000001	200	0	0
-3.3210001	67374	3.98200011	200	0	0
-3.33400011	67382	4.03000021	200	0	0
-3.32200003	67381	4.0170002	200	0	0
-3.32599998	67377	3.99099994	200	0	0
-3.31900001	67379	4.00199986	200	0	0
-3.31999993	67375	3.98799992	200	0	0
-3.32399988	67376	3.99000001	200	0	0
-3.32399988	67381	4.0250001	200	0	0
-3.32399988	67374	3.99000001	200	0	0
-3.31900001	67378.0078	4.00199986	200	0	0
-3.32200003	67380	4.0170002	200	0	0
-3.31699991	67379	4.01499987	200	0	0
-3.32500005	67381	4.03999996	200	0	0
-3.3210001	67377	4.00299978	200	0	0
-3.32500005	67380	4.02600002	200	0	0
-3.31699991	67376	4.00099993	200	0	0
-3.32599998	67381	4.0539999	200	0	0
-3.3210001	67374	4.00299978	200	0	0
-3.32299995	67375	4.00400019	200	0	0
-3.32200003	67379	4.02400017	200	0	0
-3.32599998	67381	4.0619998	200	0	0
-3.3210001	67380	4.03800011	200	0	0
-3.32299995	67378.0078	4.01800013	200	0	0
-3.31900001	67377	4.01599979	200	0	0
-3.3210001	67378.0078	4.02400017	200	0	0
-3.32200003	67380	4.05299997	200	0	0
-3.32200003	67376	4.0170002	200	0	0
-3.32599998	67379	4.03999996	200	0	0
-3.31900001	67377	4.02299976	200	0	0
-3.31999993	67375	4.0170002	200	0	0
-3.31999993	67374	4.0170002	200	0	0
-3.31800008	67376	4.02199984	200	0	0
-3.31900001	67378.0078	4.03700018	200	0	0
-3.32399988	67379	4.0539999	200	0	0
-3.31900001	67375	4.02299976	200	0	0
-3.31900001	67374	4.02299976	200	0	0
-3.3210001	67377	4.03800011	200	0	0
-3.31900001	67378.0078	4.05100012	200	0	0
-3.32500005	67376	4.03999996	200	0	0
-3.31900001	67375	4.03700018	200	0	0
-3.31900001	67377	4.05100012	200	0	0
-3.32500005	67374	4.03999996	200	0	0
-3.32200003	67378.0078	3.96799994	200	0	0
-3.3210001	67381	3.96799994	200	0	0
-3.3210001	67379	3.96799994	200	0	0
-3.32200003	67380	3.96799994	200	0	0
-3.33100009	67382	3.97199988	200	0	0
-3.31999993	67379	3.98099995	200	0	0
-3.32399988	67378.0078	3.98300004	200	0	0
-3.31999993	67380	3.98099995	200	0	0
-3.3210001	67381	3.98200011	200	0	0
-3.32299995	67381	3.99000001	200	0	0
-3.32599998	67380	3.99099994	200	0	0
-3.31699991	67377	3.96600008	200	0	0
-3.33699989	67394	4.17500019	200	0	0
-3.3269999	67394	4.18499994	200	0	0
-3.33500004	67394	4.24800014	200	0	0
-3.33899999	67394	4.24300003	200	0	0
-3.3269999	67393	4.17000008	200	0	0
-3.33599997	67393	4.16699982	200	0	0
-3.32999992	67394	4.20100021	200	0	0
-3.33100009	67394	4.22300005	200	0	0
-3.33400011	67394	4.21000004	200	0	0
-3.33899999	67393	4.25	200	0	0
-3.33299994	67392	4.16599989	200	0	0
-3.33500004	67393	4.24100018	200	0	0
-3.33400011	67393	4.1880002	200	0	0
-3.33100009	67393	4.22399998	200	0	0
-3.33200002	67393	4.20200014	200	0	0
-3.33800006	67392	4.17600012	200	0	0
-3.34100008	67393	4.21400023	200	0	0
-3.33899999	67392	4.25	200	0	0
-3.329	67392	4.23799992	200	0	0
-3.33299994	67392	4.1880002	200	0	0
-3.33100009	67392	4.20200014	200	0	0
-3.33299994	67392	4.2249999	200	0	0
-3.33899999	67392	4.21299982	200	0	0
-3.32200003	67377	3.954	200	0	0
-3.3210001	67375	3.954	200	0	0
-3.32500005	67378.0078	3.95600009	200	0	0
-3.32500005	67374	3.95600009	200	0	0
-3.32500005	67376	3.95600009	200	0	0
-3.31399989	67376	3.96499991	200	0	0
-3.32299995	67374	3.9690001	200	0	0
-3.32299995	67375	3.9690001	200	0	0
-3.33500004	67395	4.24800014	200	0	0
-3.33599997	67399	4.20300007	200	0	0
-3.33599997	67396	4.23999977	200	0	0
-3.33299994	67395	4.079	200	0	0
-3.33400011	67399	4.12799978	200	0	0
-3.33200002	67397	4.09899998	200	0	0
-3.33999991	67398	4.21199989	200	0	0
-3.33200002	67394	4.07800007	200	0	0
-3.33800006	67399	4.13800001	200	0	0
-3.33299994	67398	4.11399984	200	0	0
-3.32999992	67396	4.09100008	200	0	0
-3.33299994	67399	4.18599987	200	0	0
-3.33299994	67397	4.22300005	200	0	0
-3.33400011	67399	4.1500001	200	0	0
-3.33400011	67399	4.17199993	200	0	0
-3.33800006	67398	4.204	200	0	0
-3.33400011	67399	4.16499996	200	0	0
-3.32999992	67393	4.07800007	200	0	0
-3.329	67395	4.23699999	200	0	0
-3.3269999	67392	4.07600021	200	0	0
-3.33299994	67396	4.09899998	200	0	0
-3.329	67397	4.11100006	200	0	0
-3.33999991	67398	4.13100004	200	0	0
-3.33299994	67396	4.22399998	200	0	0
-3.33500004	67395	4.09399986	200	0	0
-3.33299994	67398	4.13500023	200	0	0
-3.33200002	67397	4.20800018	200	0	0
-3.32999992	67398	4.18499994	200	0	0
-3.32999992	67394	4.09200001	200	0	0
-3.33800006	67398	4.17399979	200	0	0
-3.33400011	67398	4.1500001	200	0	0
-3.33899999	67398	4.16699982	200	0	0
-3.33299994	67395	4.0999999	200	0	0
-3.33500004	67397	4.20200014	200	0	0
-3.329	67397	4.12599993	200	0	0
-3.33200002	67395	4.22399998	200	0	0
-3.33699989	67396	4.21099997	200	0	0
-3.33500004	67396	4.11499977	200	0	0
-3.32999992	67393	4.09200001	200	0	0
-3.33400011	67397	4.13600016	200	0	0
-3.33599997	67397	4.1880002	200	0	0
-3.33400011	67394	4.10099983	200	0	0
-3.33400011	67392	4.09399986	200	0	0
-3.33800006	67397	4.17500019	200	0	0
-3.33500004	67397	4.15100002	200	0	0
-3.33299994	67396	4.20100021	200	0	0
-3.33100009	67395	4.11299992	200	0	0
-3.33699989	67395	4.21199989	200	0	0
-3.33299994	67397	4.16499996	200	0	0
-3.33200002	67393	4.0999999	200	0	0
-3.33500004	67396	4.12900019	200	0	0
-3.34100008	67396	4.13899994	200	0	0
-3.33400011	67392	4.10099983	200	0	0
-3.33500004	67395	4.20300007	200	0	0
-3.32999992	67396	4.18499994	200	0	0
-3.33200002	67394	4.11399984	200	0	0
-3.33699989	67396	4.17399979	200	0	0
-3.33100009	67396	4.14900017	200	0	0
-3.33299994	67395	4.12900019	200	0	0
-3.33200002	67396	4.16400003	200	0	0
-3.33100009	67393	4.11399984	200	0	0
-3.33699989	67395	4.13800001	200	0	0
-3.33299994	67395	4.1869998	200	0	0
-3.32999992	67394	4.12799978	200	0	0
-3.33899999	67395	4.17600012	200	0	0
-3.33299994	67392	4.11499977	200	0	0
-3.32999992	67395	4.14900017	200	0	0
-3.33400011	67395	4.16599989	200	0	0
-3.33200002	67394	4.13600016	200	0	0
-3.33200002	67393	4.12900019	200	0	0
-3.33299994	67394	4.15100002	200	0	0
-3.32599998	67392	4.12599993	200	0	0
-3.33500004	67394	4.16699982	200	0	0
-3.33299994	67393	4.13600016	200	0	0
-3.33400011	67392	4.13700008	200	0	0
-3.33400011	67393	4.15199995	200	0	0
-3.32599998	67392	4.14799976	200	0	0
-3.33899999	67397	4.24900007	200	0	0
-3.33699989	67399	4.21000004	200	0	0
-3.33400011	67398	4.22399998	200	0	0
-3.33699989	67396	4.24800014	200	0	0
-3.32999992	67397	4.23699999	200	0	0
-3.33699989	67400	4.21099997	200	0	0
-3.33500004	67400	4.2249999	200	0	0
-3.33400011	67400	4.24700022	200	0	0
-3.33599997	67400	4.23999977	200	0	0
-3.33500004	67399	4.22399998	200	0	0
-3.33299994	67399	4.23799992	200	0	0
-3.33999991	67399	4.24900007	200	0	0
-3.32999992	67398	4.23699999	200	0	0
-3.33599997	67398	4.24700022	200	0	0
-3.33699989	67400	4.18900013	200	0	0
-3.33400011	67400	4.20200014	200	0	0
-3.33500004	67400	4.17299986	200	0	0
-3.31999993	67374	3.93300009	200	0	0
-3.32200003	67377	3.91300011	200	0	0
-3.3210001	67376	3.91899991	200	0	0
-3.32200003	67378.0078	3.91300011	200	0	0
-3.31999993	67379	3.91199994	200	0	0
-3.31800008	67375	3.93199992	200	0	0
-3.32200003	67377	3.92000008	200	0	0
-3.31999993	67381	3.91199994	200	0	0
-3.32299995	67380	3.91300011	200	0	0
-3.31900001	67374	3.9460001	200	0	0
-3.32399988	67382	3.91400003	200	0	0
-3.32299995	67378.0078	3.92000008	200	0	0
-3.31999993	67376	3.93300009	200	0	0
-3.32399988	67379	3.921	200	0	0
-3.3210001	67381	3.91899991	200	0	0
-3.31699991	67375	3.94499993	200	0	0
-3.32599998	67380	3.921	200	0	0
-3.3210001	67377	3.93300009	200	0	0
-3.33200002	67382	3.92400002	200	0	0
-3.32299995	67378.0078	3.93400002	200	0	0
-3.32200003	67376	3.94700003	200	0	0
-3.31900001	67379	3.93199992	200	0	0
-3.3210001	67380	3.93300009	200	0	0
-3.3210001	67381	3.93300009	200	0	0
-3.31900001	67377	3.9460001	200	0	0
-3.31900001	67378.0078	3.9460001	200	0	0
-3.31900001	67379	3.9460001	200	0	0
-3.32500005	67381	3.94899988	200	0	0
-3.3269999	67380	3.95000005	200	0	0
-3.32500005	67379	3.95600009	200	0	0
-3.32200003	67380	3.954	200	0	0
-3.32599998	67381	3.95600009	200	0	0
-3.31999993	67375	3.91199994	200	0	0
-3.32500005	67374	3.921	200	0	0
-3.32599998	67376	3.91499996	200	0	0
-3.32200003	67375	3.92000008	200	0	0
-3.33899999	67400	4.09600019	200	0	0
-3.34100008	67403.0078	4.21299982	200	0	0
-3.33800006	67403.0078	4.13800001	200	0	0
-3.33400011	67399	4.09299994	200	0	0
-3.33599997	67400	4.10099983	200	0	0
-3.33899999	67403.0078	4.20499992	200	0	0
-3.33100009	67401	4.23799992	200	0	0
-3.329	67402	4.12699986	200	0	0
-3.33100009	67398	4.09100008	200	0	0
-3.329	67402	4.22200012	200	0	0
-3.33299994	67401	4.11399984	200	0	0
-3.33899999	67403.0078	4.15299988	200	0	0
-3.3440001	67403.0078	4.19199991	200	0	0
-3.33400011	67403.0078	4.16499996	200	0	0
-3.33899999	67403.0078	4.17500019	200	0	0
-3.33100009	67397	4.09100008	200	0	0
-3.33299994	67402	4.13600016	200	0	0
-3.33899999	67399	4.10200024	200	0	0
-3.33599997	67402	4.21099997	200	0	0
-3.32999992	67400	4.11299992	200	0	0
-3.329	67401	4.12699986	200	0	0
-3.33100009	67401	4.22300005	200	0	0
-3.33200002	67402	4.20100021	200	0	0
-3.33599997	67398	4.10099983	200	0	0
-3.33800006	67402	4.15299988	200	0	0
-3.3269999	67402	4.18400002	200	0	0
-3.33400011	67402	4.16499996	200	0	0
-3.33500004	67402	4.17299986	200	0	0
-3.34100008	67401	4.21299982	200	0	0
-3.33699989	67401	4.13800001	200	0	0
-3.33500004	67399	4.11399984	200	0	0
-3.33200002	67400	4.12799978	200	0	0
-3.33400011	67401	4.20200014	200	0	0
-3.32999992	67401	4.14900017	200	0	0
-3.33100009	67401	4.16400003	200	0	0
-3.33100009	67401	4.18599987	200	0	0
-3.33699989	67400	4.13800001	200	0	0
-3.33400011	67401	4.17299986	200	0	0
-3.32999992	67400	4.14900017	200	0	0
-3.33400011	67400	4.16599989	200	0	0
-3.329	67403.0078	4.22200012	200	0	0
-3.33400011	67402	4.23899984	200	0	0
-3.33699989	67401	4.24800014	200	0	0
-3.33699989	67404	4.24800014	200	0	0
-3.33200002	67403.0078	4.23799992	200	0	0
-3.33999991	67403.0078	4.25	200	0	0
-3.33500004	67402	4.24700022	200	0	0
-3.33100009	67396	4.07700014	200	0	0
-3.33100009	67397	4.07700014	200	0	0
-3.34200001	67404	4.21400023	200	0	0
-3.33599997	67404	4.2249999	200	0	0
-3.33599997	67404	4.23999977	200	0	0
-3.34500003	67406	4.1329999	200	0	0
-3.34299994	67408	4.2420001	200	0	0
-3.34599996	67408	4.16900015	200	0	0
-3.33400011	67403.0078	4.11499977	200	0	0
-3.34299994	67407	4.15299988	200	0	0
-3.33599997	67405	4.13000011	200	0	0
-3.34800005	67408	4.17799997	200	0	0
-3.34599996	67406	4.14099979	200	0	0
-3.33299994	67402	4.11399984	200	0	0
-3.34299994	67408	4.22700024	200	0	0
-3.3440001	67407	4.25	200	0	0
-3.34699988	67408	4.21400023	200	0	0
-3.33899999	67408	4.1880002	200	0	0
-3.34299994	67408	4.20499992	200	0	0
-3.33800006	67407	4.16499996	200	0	0
-3.33999991	67407	4.23999977	200	0	0
-3.33899999	67405	4.13899994	200	0	0
-3.33899999	67404	4.13199997	200	0	0
-3.34100008	67406	4.15299988	200	0	0
-3.3440001	67407	4.17600012	200	0	0
-3.33400011	67403.0078	4.12900019	200	0	0
-3.34100008	67407	4.22599983	200	0	0
-3.33500004	67404	4.13700008	200	0	0
-3.33999991	67407	4.1880002	200	0	0
-3.34500003	67407	4.21299982	200	0	0
-3.34100008	67407	4.20300007	200	0	0
-3.33699989	67406	4.23999977	200	0	0
-3.33999991	67406	4.16699982	200	0	0
-3.34500003	67405	4.15600014	200	0	0
-3.34800005	67406	4.1789999	200	0	0
-3.34100008	67406	4.22700024	200	0	0
-3.34699988	67406	4.21500015	200	0	0
-3.33699989	67406	4.1880002	200	0	0
-3.33800006	67405	4.24100018	200	0	0
-3.33899999	67404	4.15299988	200	0	0
-3.33999991	67406	4.204	200	0	0
-3.33999991	67405	4.16800022	200	0	0
-3.3440001	67405	4.17799997	200	0	0
-3.34200001	67405	4.22800016	200	0	0
-3.34100008	67405	4.19099998	200	0	0
-3.34100008	67404	4.16900015	200	0	0
-3.33800006	67405	4.21099997	200	0	0
-3.33999991	67405	4.20499992	200	0	0
-3.34100008	67404	4.17600012	200	0	0
-3.33400011	67404	4.1869998	200	0	0
-3.33599997	67404	4.20300007	200	0	0
-3.33299994	67398	3.9849999	200	0	0
-3.33200002	67392	3.98600006	200	0	0
-3.33899999	67403.0078	4.02400017	200	0	0
-3.33999991	67400	3.99600005	200	0	0
-3.33400011	67404	4.11499977	200	0	0
-3.33299994	67404	4.04300022	200	0	0
-3.329	67396	3.98399997	200	0	0
-3.33400011	67397	3.98600006	200	0	0
-3.329	67401	4.00600004	200	0	0
-3.33299994	67393	3.98699999	200	0	0
-3.34200001	67404	4.10400009	200	0	0
-3.33100009	67394	3.98600006	200	0	0
-3.33899999	67403.0078	4.03100014	200	0	0
-3.34200001	67404	4.06099987	200	0	0
-3.33299994	67398	3.9920001	200	0	0
-3.33299994	67395	3.98699999	200	0	0
-3.33999991	67404	4.06699991	200	0	0
-3.33100009	67402	4.02099991	200	0	0
-3.32999992	67404	4.09100008	200	0	0
-3.33899999	67404	4.08099985	200	0	0
-3.3269999	67402	4.02600002	200	0	0
-3.33599997	67397	3.99399996	200	0	0
-3.33299994	67393	3.99399996	200	0	0
-3.33899999	67403.0078	4.04500008	200	0	0
-3.33500004	67400	4.0079999	200	0	0
-3.33400011	67396	3.99300003	200	0	0
-3.33200002	67395	3.99300003	200	0	0
-3.33599997	67394	3.99499989	200	0	0
-3.34200001	67403.0078	4.10400009	200	0	0
-3.32999992	67399	4.00500011	200	0	0
-3.33100009	67401	4.02099991	200	0	0
-3.33999991	67403.0078	4.05999994	200	0	0
-3.33699989	67403.0078	4.09499979	200	0	0
-3.33800006	67403.0078	4.06599998	200	0	0
-3.34100008	67403.0078	4.08199978	200	0	0
-3.32999992	67398	4.00500011	200	0	0
-3.33200002	67402	4.04199982	200	0	0
-3.329	67392	4.00600004	200	0	0
-3.33699989	67401	4.03000021	200	0	0
-3.32500005	67396	4.00299978	200	0	0
-3.33100009	67393	4.00699997	200	0	0
-3.33400011	67397	4.00699997	200	0	0
-3.33899999	67400	4.02400017	200	0	0
-3.32999992	67402	4.05499983	200	0	0
-3.33400011	67402	4.0999999	200	0	0
-3.33299994	67402	4.06400013	200	0	0
-3.33400011	67402	4.09299994	200	0	0
-3.32999992	67401	4.04099989	200	0	0
-3.33400011	67395	4.0079999	200	0	0
-3.33500004	67394	4.00899982	200	0	0
-3.329	67402	4.07600021	200	0	0
-3.33800006	67400	4.03100014	200	0	0
-3.33800006	67399	4.02299976	200	0	0
-3.329	67401	4.05499983	200	0	0
-3.33699989	67398	4.02199984	200	0	0
-3.3269999	67397	4.01800013	200	0	0
-3.33400011	67401	4.0999999	200	0	0
-3.33400011	67392	4.02299976	200	0	0
-3.33800006	67399	4.03000021	200	0	0
-3.33599997	67401	4.06500006	200	0	0
-3.33500004	67401	4.09299994	200	0	0
-3.32999992	67393	4.02099991	200	0	0
-3.33599997	67400	4.04400015	200	0	0
-3.33100009	67401	4.07700014	200	0	0
-3.33400011	67396	4.02099991	200	0	0
-3.32999992	67395	4.02099991	200	0	0
-3.33200002	67394	4.02199984	200	0	0
-3.33800006	67392	4.03100014	200	0	0
-3.34100008	67398	4.03200006	200	0	0
-3.33100009	67399	4.04099989	200	0	0
-3.33400011	67397	4.02799988	200	0	0
-3.33400011	67400	4.05700016	200	0	0
-3.33200002	67393	4.02899981	200	0	0
-3.33100009	67396	4.02699995	200	0	0
-3.33400011	67400	4.06400013	200	0	0
-3.33599997	67394	4.03000021	200	0	0
-3.33400011	67400	4.079	200	0	0
-3.32500005	67392	4.03999996	200	0	0
-3.33500004	67395	4.03000021	200	0	0
-3.34200001	67398	4.046	200	0	0
-3.33699989	67399	4.05800009	200	0	0
-3.32999992	67397	4.04099989	200	0	0
-3.33800006	67399	4.06599998	200	0	0
-3.32999992	67393	4.04199982	200	0	0
-3.32800007	67396	4.03999996	200	0	0
-3.33200002	67399	4.07700014	200	0	0
-3.329	67398	4.0539999	200	0	0
-3.32999992	67394	4.04199982	200	0	0
-3.33100009	67392	4.05700016	200	0	0
-3.33599997	67395	4.04400015	200	0	0
-3.32999992	67392	4.0630002	200	0	0
-3.33800006	67398	4.06599998	200	0	0
-3.32800007	67393	4.05499983	200	0	0
-3.329	67397	4.05499983	200	0	0
-3.33299994	67398	4.07700014	200	0	0
-3.33100009	67397	4.0630002	200	0	0
-3.33200002	67396	4.05600023	200	0	0
-3.33100009	67394	4.05700016	200	0	0
-3.33599997	67393	4.06599998	200	0	0
-3.32999992	67395	4.05600023	200	0	0
-3.33299994	67396	4.0630002	200	0	0
-3.33599997	67394	4.06599998	200	0	0
-3.33599997	67395	4.06599998	200	0	0
-3.33999991	67406	4.05900002	200	0	0
-3.34299994	67408	4.09499979	200	0	0
-3.34699988	67408	4.10400009	200	0	0
-3.33999991	67406	4.06599998	200	0	0
-3.34100008	67408	4.15199995	200	0	0
-3.3440001	67407	4.08099985	200	0	0
-3.34800005	67408	4.14099979	200	0	0
-3.33800006	67405	4.05900002	200	0	0
-3.34800005	67408	4.13399982	200	0	0
-3.33999991	67408	4.11499977	200	0	0
-3.33999991	67407	4.09399986	200	0	0
-3.33999991	67405	4.06699991	200	0	0
-3.33699989	67406	4.079	200	0	0
-3.34599996	67407	4.10400009	200	0	0
-3.33999991	67407	4.11499977	200	0	0
-3.34200001	67407	4.13800001	200	0	0
-3.33800006	67407	4.12900019	200	0	0
-3.33400011	67406	4.09200001	200	0	0
-3.3440001	67405	4.08300018	200	0	0
-3.34599996	67406	4.10500002	200	0	0
-3.34599996	67406	4.11899996	200	0	0
-3.34200001	67405	4.09700012	200	0	0
-3.34200001	67405	4.10400009	200	0	0
-3.34100008	67405	4.11800003	200	0	0
-3.33500004	67405	4.04300022	200	0	0
-3.34200001	67404	4.03299999	200	0	0
-3.34299994	67409.0078	4.17500019	200	0	0
-3.34200001	67409.0078	4.24100018	200	0	0
-3.34500003	67409.0078	4.19099998	200	0	0
-3.34299994	67409.0078	4.22700024	200	0	0
-3.34100008	67409.0078	4.20300007	200	0	0
-3.34200001	67409.0078	4.21099997	200	0	0
-3.33999991	67409.0078	4.15199995	200	0	0
-3.33999991	67409.0078	4.16599989	200	0	0
-3.352	67409.0078	4.14300013	200	0	0
-3.33299994	67392	3.92400002	200	0	0
-3.34500003	67407	4.0250001	200	0	0
-3.33599997	67409.0078	4.05600023	200	0	0
-3.33899999	67407	4.02899981	200	0	0
-3.33800006	67409.0078	4.12900019	200	0	0
-3.33999991	67404	4.01000023	200	0	0
-3.34500003	67409.0078	4.06799984	200	0	0
-3.34599996	67408	4.04699993	200	0	0
-3.34299994	67406	4.0250001	200	0	0
-3.33100009	67402	4.00600004	200	0	0
-3.33999991	67409.0078	4.11499977	200	0	0
-3.33899999	67409.0078	4.079	200	0	0
-3.32999992	67405	4.01999998	200	0	0
-3.33999991	67403.0078	4.01000023	200	0	0
-3.3440001	67409.0078	4.10300016	200	0	0
-3.34299994	67409.0078	4.09499979	200	0	0
-3.34100008	67406	4.03100014	200	0	0
-3.33699989	67407	4.04199982	200	0	0
-3.3440001	67408	4.05999994	200	0	0
-3.34500003	67408	4.06699991	200	0	0
-3.33599997	67405	4.03000021	200	0	0
-3.33899999	67408	4.079	200	0	0
-3.34299994	67404	4.02600002	200	0	0
-3.33899999	67406	4.04400015	200	0	0
-3.34200001	67407	4.05900002	200	0	0
-3.34500003	67407	4.06799984	200	0	0
-3.35100007	67412	4.17799997	200	0	0
-3.34500003	67412	4.24900007	200	0	0
-3.34200001	67412	4.23999977	200	0	0
-3.3440001	67412	4.18900013	200	0	0
-3.34100008	67411	4.16599989	200	0	0
-3.3440001	67410	4.15299988	200	0	0
-3.34800005	67412	4.22800016	200	0	0
-3.34299994	67412	4.204	200	0	0
-3.3499999	67412	4.21400023	200	0	0
-3.34100008	67411	4.17299986	200	0	0
-3.34500003	67411	4.24900007	200	0	0
-3.34599996	67411	4.2420001	200	0	0
-3.34100008	67411	4.1880002	200	0	0
-3.34899998	67410	4.17000008	200	0	0
-3.34200001	67411	4.2249999	200	0	0
-3.34200001	67411	4.20300007	200	0	0
-3.34299994	67411	4.21099997	200	0	0
-3.34500003	67410	4.17500019	200	0	0
-3.34500003	67410	4.24900007	200	0	0
-3.34699988	67410	4.24300003	200	0	0
-3.33899999	67410	4.1869998	200	0	0
-3.34299994	67410	4.22599983	200	0	0
-3.34699988	67410	4.20499992	200	0	0
-3.34899998	67410	4.21400023	200	0	0
-3.3440001	67412	4.09499979	200	0	0
-3.34599996	67412	4.10300016	200	0	0
-3.34200001	67412	4.16599989	200	0	0
-3.34599996	67412	4.1170001	200	0	0
-3.34500003	67412	4.15299988	200	0	0
-3.34599996	67411	4.09499979	200	0	0
-3.34599996	67410	4.08099985	200	0	0
-3.34500003	67412	4.13100004	200	0	0
-3.34599996	67412	4.13899994	200	0	0
-3.34699988	67411	4.10300016	200	0	0
-3.3440001	67411	4.11600018	200	0	0
-3.34500003	67410	4.09499979	200	0	0
-3.35100007	67411	4.14099979	200	0	0
-3.33999991	67411	4.15100002	200	0	0
-3.34100008	67411	4.12900019	200	0	0
-3.33899999	67410	4.09899998	200	0	0
-3.34899998	67410	4.11899996	200	0	0
-3.3440001	67410	4.13100004	200	0	0
-3.34699988	67410	4.13899994	200	0	0
-3.34599996	67413	4.18900013	200	0	0
-3.34699988	67413	4.21199989	200	0	0
-3.34500003	67413	4.2249999	200	0	0
-3.3440001	67413	4.23999977	200	0	0
-3.32800007	67401	3.99099994	200	0	0
-3.33599997	67400	3.98699999	200	0	0
-3.33100009	67399	3.98399997	200	0	0
-3.329	67402	3.99099994	200	0	0
-3.3499999	67413	4.17600012	200	0	0
-3.34299994	67413	4.20200014	200	0	0
-3.34800005	67415.0078	4.17500019	200	0	0
-3.34699988	67414	4.19000006	200	0	0
-3.34599996	67415.0078	4.09399986	200	0	0
-3.34500003	67413	4.06500006	200	0	0
-3.34299994	67410	4.04400015	200	0	0
-3.34200001	67412	4.05800009	200	0	0
-3.34699988	67414	4.07999992	200	0	0
-3.3440001	67415.0078	4.16599989	200	0	0
-3.34899998	67415.0078	4.10300016	200	0	0
-3.34100008	67409.0078	4.04400015	200	0	0
-3.3440001	67415.0078	4.15199995	200	0	0
-3.34800005	67415.0078	4.1170001	200	0	0
-3.33999991	67411	4.05700016	200	0	0
-3.35400009	67415.0078	4.1420002	200	0	0
-3.35400009	67415.0078	4.13500023	200	0	0
-3.34800005	67414	4.17500019	200	0	0
-3.34599996	67412	4.06699991	200	0	0
-3.34500003	67414	4.09399986	200	0	0
-3.34899998	67414	4.16900015	200	0	0
-3.3499999	67413	4.08199978	200	0	0
-3.35100007	67414	4.10400009	200	0	0
-3.34200001	67410	4.05800009	200	0	0
-3.3499999	67414	4.15399981	200	0	0
-3.34299994	67414	4.11399984	200	0	0
-3.34800005	67411	4.06799984	200	0	0
-3.34800005	67414	4.13899994	200	0	0
-3.34299994	67412	4.07999992	200	0	0
-3.34599996	67414	4.13100004	200	0	0
-3.34800005	67413	4.09499979	200	0	0
-3.34500003	67410	4.06599998	200	0	0
-3.33899999	67413	4.16400003	200	0	0
-3.34899998	67413	4.10300016	200	0	0
-3.33800006	67411	4.07700014	200	0	0
-3.34299994	67413	4.11399984	200	0	0
-3.34500003	67413	4.15199995	200	0	0
-3.35299993	67413	4.14099979	200	0	0
-3.34200001	67413	4.12900019	200	0	0
-3.34599996	67417	4.20300007	200	0	0
-3.34500003	67416	4.1880002	200	0	0
-3.35599995	67417	4.21500015	200	0	0
-3.34800005	67417	4.22599983	200	0	0
-3.34599996	67417	4.23999977	200	0	0
-3.34200001	67416	4.20200014	200	0	0
-3.34599996	67415.0078	4.18900013	200	0	0
-3.35299993	67416	4.21500015	200	0	0
-3.34899998	67416	4.22800016	200	0	0
-3.34100008	67415.0078	4.20100021	200	0	0
-3.34800005	67416	4.2420001	200	0	0
-3.3499999	67415.0078	4.21299982	200	0	0
-3.34699988	67415.0078	4.22599983	200	0	0
-3.34800005	67414	4.20499992	200	0	0
-3.34800005	67415.0078	4.2420001	200	0	0
-3.34800005	67414	4.21199989	200	0	0
-3.34800005	67414	4.22700024	200	0	0
-3.3499999	67414	4.25	200	0	0
-3.34899998	67414	4.24300003	200	0	0
-3.352	67417	4.13199997	200	0	0
-3.34800005	67416	4.1170001	200	0	0
-3.34800005	67417	4.13800001	200	0	0
-3.34800005	67417	4.18900013	200	0	0
-3.34599996	67417	4.15100002	200	0	0
-3.35400009	67417	4.17700005	200	0	0
-3.34599996	67417	4.16599989	200	0	0
-3.34800005	67416	4.13100004	200	0	0
-3.34899998	67416	4.13899994	200	0	0
-3.34599996	67416	4.15199995	200	0	0
-3.3499999	67416	4.17600012	200	0	0
-3.3440001	67416	4.16599989	200	0	0
-3.33999991	67408	4.02899981	200	0	0
-3.34100008	67406	3.92600012	200	0	0
-3.34299994	67407	3.95300007	200	0	0
-3.33200002	67406	3.93499994	200	0	0
-3.34699988	67407	3.96199989	200	0	0
-3.33599997	67407	4.00699997	200	0	0
-3.33699989	67405	3.92499995	200	0	0
-3.33800006	67407	3.97199988	200	0	0
-3.33599997	67407	3.9920001	200	0	0
-3.33500004	67407	3.9849999	200	0	0
-3.34200001	67406	3.954	200	0	0
-3.34599996	67406	4.01200008	200	0	0
-3.329	67393	3.91599989	200	0	0
-3.33800006	67406	3.95900011	200	0	0
-3.33699989	67405	3.93899989	200	0	0
-3.33699989	67403.0078	3.91799998	200	0	0
-3.32599998	67402	3.91300011	200	0	0
-3.34200001	67406	3.99600005	200	0	0
-3.33599997	67406	3.97199988	200	0	0
-3.34299994	67406	3.98900008	200	0	0
-3.33599997	67393	3.92499995	200	0	0
-3.32599998	67401	3.91400003	200	0	0
-3.33899999	67405	3.95300007	200	0	0
-3.34100008	67403.0078	3.92700005	200	0	0
-3.32999992	67395	3.91599989	200	0	0
-3.34200001	67405	3.96199989	200	0	0
-3.33699989	67405	4.00899982	200	0	0
-3.33100009	67402	3.9230001	200	0	0
-3.33100009	67394	3.9230001	200	0	0
-3.329	67397	3.91400003	200	0	0
-3.33599997	67405	3.97300005	200	0	0
-3.33800006	67405	3.99499989	200	0	0
-3.32999992	67398	3.91499996	200	0	0
-3.33400011	67405	3.98600006	200	0	0
-3.329	67401	3.92199993	200	0	0
-3.33100009	67393	3.93700004	200	0	0
-3.33299994	67392	3.9519999	200	0	0
-3.33299994	67395	3.92400002	200	0	0
-3.33899999	67403.0078	3.94000006	200	0	0
-3.32999992	67392	3.95799994	200	0	0
-3.33400011	67396	3.9230001	200	0	0
-3.34100008	67404	3.96099997	200	0	0
-3.32500005	67394	3.93499994	200	0	0
-3.33500004	67400	3.92400002	200	0	0
-3.329	67402	3.93600011	200	0	0
-3.32299995	67392	3.9690001	200	0	0
-3.33200002	67397	3.9230001	200	0	0
-3.32599998	67393	3.94899988	200	0	0
-3.33500004	67399	3.92400002	200	0	0
-3.34200001	67404	3.99699998	200	0	0
-3.3440001	67404	3.99099994	200	0	0
-3.33400011	67404	3.97300005	200	0	0
-3.33800006	67398	3.92499995	200	0	0
-3.33599997	67403.0078	3.9519999	200	0	0
-3.33100009	67401	3.93600011	200	0	0
-3.33200002	67393	3.95900011	200	0	0
-3.33400011	67395	3.93799996	200	0	0
-3.34100008	67403.0078	3.96199989	200	0	0
-3.32999992	67396	3.93499994	200	0	0
-3.32500005	67397	3.93300009	200	0	0
-3.329	67402	3.95000005	200	0	0
-3.32999992	67400	3.93600011	200	0	0
-3.32999992	67394	3.95099998	200	0	0
-3.3269999	67393	3.97000003	200	0	0
-3.33699989	67403.0078	3.97399998	200	0	0
-3.32999992	67399	3.93499994	200	0	0
-3.33599997	67403.0078	3.99399996	200	0	0
-3.33500004	67403.0078	3.98699999	200	0	0
-3.329	67398	3.93499994	200	0	0
-3.32999992	67402	3.95700002	200	0	0
-3.32500005	67401	3.94799995	200	0	0
-3.33299994	67394	3.95900011	200	0	0
-3.3269999	67395	3.94899988	200	0	0
-3.3269999	67396	3.94799995	200	0	0
-3.33200002	67402	3.97199988	200	0	0
-3.33299994	67394	3.97300005	200	0	0
-3.33100009	67402	3.9849999	200	0	0
-3.33400011	67401	3.95900011	200	0	0
-3.33599997	67395	3.96000004	200	0	0
-3.32500005	67398	3.94700003	200	0	0
-3.33599997	67400	3.95300007	200	0	0
-3.33100009	67397	3.95000005	200	0	0
-3.32500005	67401	3.9690001	200	0	0
-3.33100009	67396	3.95700002	200	0	0
-3.34100008	67399	3.954	200	0	0
-3.33400011	67400	3.95900011	200	0	0
-3.33299994	67395	3.97300005	200	0	0
-3.3269999	67401	3.98399997	200	0	0
-3.33400011	67399	3.95799994	200	0	0
-3.33299994	67397	3.95799994	200	0	0
-3.33299994	67398	3.95799994	200	0	0
-3.33299994	67400	3.97199988	200	0	0
-3.33299994	67396	3.97199988	200	0	0
-3.32800007	67397	3.9690001	200	0	0
-3.33100009	67399	3.97099996	200	0	0
-3.33299994	67398	3.97199988	200	0	0
-3.33999991	67412	3.98600006	200	0	0
-3.34899998	67408	3.94199991	200	0	0
-3.34200001	67410	3.95900011	200	0	0
-3.34299994	67411	3.97300005	200	0	0
-3.33999991	67407	3.93799996	200	0	0
-3.3440001	67412	3.99499989	200	0	0
-3.34100008	67412	4.04300022	200	0	0
-3.34599996	67409.0078	3.95499992	200	0	0
-3.33999991	67412	4.00699997	200	0	0
-3.34500003	67412	4.03000021	200	0	0
-3.33999991	67412	4.02099991	200	0	0
-3.33699989	67408	3.95099998	200	0	0
-3.34599996	67411	3.98900008	200	0	0
-3.3440001	67409.0078	3.96099997	200	0	0
-3.33899999	67410	3.97199988	200	0	0
-3.34599996	67411	3.99600005	200	0	0
-3.33800006	67408	3.95799994	200	0	0
-3.33599997	67411	4.00500011	200	0	0
-3.33899999	67411	4.04199982	200	0	0
-3.33400011	67409.0078	3.97000003	200	0	0
-3.34800005	67411	4.03200006	200	0	0
-3.3440001	67411	4.02299976	200	0	0
-3.34100008	67410	3.98699999	200	0	0
-3.34299994	67410	3.99499989	200	0	0
-3.33899999	67408	3.97199988	200	0	0
-3.34599996	67410	4.01000023	200	0	0
-3.33899999	67409.0078	3.98699999	200	0	0
-3.34200001	67410	4.02899981	200	0	0
-3.33699989	67410	4.01999998	200	0	0
-3.35100007	67409.0078	3.99900007	200	0	0
-3.33800006	67409.0078	4.00699997	200	0	0
-3.34200001	67408	3.98799992	200	0	0
-3.34200001	67409.0078	4.03000021	200	0	0
-3.33899999	67409.0078	4.02199984	200	0	0
-3.34100008	67408	3.99399996	200	0	0
-3.34699988	67408	4.01100016	200	0	0
-3.33899999	67408	4.02199984	200	0	0
-3.33699989	67406	3.91700006	200	0	0
-3.34599996	67407	3.92700005	200	0	0
-3.34299994	67413	4.0079999	200	0	0
-3.34299994	67413	4.02099991	200	0	0
-3.34699988	67413	4.05900002	200	0	0
-3.34599996	67413	4.03000021	200	0	0
-3.34699988	67413	4.04500008	200	0	0
-3.34699988	67413	3.98799992	200	0	0
-3.3440001	67415.0078	4.02199984	200	0	0
-3.34299994	67413	3.99300003	200	0	0
-3.34200001	67414	4.00699997	200	0	0
-3.3499999	67415.0078	4.03200006	200	0	0
-3.3499999	67415.0078	4.08199978	200	0	0
-3.34800005	67415.0078	4.04500008	200	0	0
-3.3499999	67415.0078	4.06699991	200	0	0
-3.34800005	67415.0078	4.05900002	200	0	0
-3.3440001	67414	4.02199984	200	0	0
-3.34599996	67414	4.03000021	200	0	0
-3.35299993	67414	4.06899977	200	0	0
-3.34500003	67414	4.04400015	200	0	0
-3.34299994	67414	4.05700016	200	0	0
-3.3440001	67417	4.05700016	200	0	0
-3.3440001	67416	4.04300022	200	0	0
-3.3499999	67417	4.06699991	200	0	0
-3.34100008	67417	4.11199999	200	0	0
-3.34599996	67417	4.079	200	0	0
-3.35299993	67417	4.10400009	200	0	0
-3.35100007	67417	4.09600019	200	0	0
-3.34299994	67416	4.05700016	200	0	0
-3.34500003	67416	4.06500006	200	0	0
-3.3499999	67416	4.08199978	200	0	0
-3.34699988	67416	4.10200024	200	0	0
-3.34200001	67416	4.09200001	200	0	0
-3.34100008	67412	3.97300005	200	0	0
-3.34899998	67418	4.13700008	200	0	0
-3.35100007	67418	4.21199989	200	0	0
-3.34800005	67418	4.20300007	200	0	0
-3.3499999	67418	4.15199995	200	0	0
-3.35100007	67418	4.18900013	200	0	0
-3.35100007	67418	4.16699982	200	0	0
-3.35100007	67418	4.17500019	200	0	0
-3.34699988	67418	4.22399998	200	0	0
-3.3499999	67418	4.24100018	200	0	0
-3.35299993	67418	4.1170001	200	0	0
-3.34899998	67418	4.13000011	200	0	0
-3.35299993	67419	4.13899994	200	0	0
-3.35100007	67418	4.10200024	200	0	0
-3.33400011	67411	3.93499994	200	0	0
-3.33899999	67416	3.98399997	200	0	0
-3.34500003	67416	3.99399996	200	0	0
-3.3499999	67414	3.96099997	200	0	0
-3.34299994	67413	3.9519999	200	0	0
-3.34899998	67415.0078	3.9749999	200	0	0
-3.34200001	67410	3.93799996	200	0	0
-3.34100008	67416	4.00600004	200	0	0
-3.34599996	67416	4.03000021	200	0	0
-3.3440001	67416	4.02199984	200	0	0
-3.33999991	67409.0078	3.93799996	200	0	0
-3.33999991	67414	3.97099996	200	0	0
-3.34599996	67415.0078	3.98799992	200	0	0
-3.34899998	67413	3.96099997	200	0	0
-3.34200001	67415.0078	3.99300003	200	0	0
-3.34100008	67411	3.95099998	200	0	0
-3.34899998	67415.0078	4.01000023	200	0	0
-3.33800006	67414	3.98399997	200	0	0
-3.34699988	67412	3.96099997	200	0	0
-3.34200001	67413	3.97199988	200	0	0
-3.33999991	67410	3.95099998	200	0	0
-3.34299994	67414	3.99300003	200	0	0
-3.34699988	67411	3.96099997	200	0	0
-3.352	67418	4.09499979	200	0	0
-3.3440001	67418	4.01999998	200	0	0
-3.352	67418	4.03100014	200	0	0
-3.352	67418	4.08099985	200	0	0
-3.34800005	67417	4.00899982	200	0	0
-3.3499999	67418	4.05800009	200	0	0
-3.34699988	67418	4.06400013	200	0	0
-3.3440001	67417	4.02099991	200	0	0
-3.34699988	67417	4.02899981	200	0	0
-3.34500003	67417	4.04300022	200	0	0
-3.33299994	67407	3.91499996	200	0	0
-3.34500003	67409.0078	3.92600012	200	0	0
-3.33999991	67408	3.92400002	200	0	0
-3.34699988	67419	4.24700022	200	0	0
-3.34299994	67419	4.11199999	200	0	0
-3.35100007	67421	4.21099997	200	0	0
-3.34599996	67420	4.12699986	200	0	0
-3.34500003	67421	4.14900017	200	0	0
-3.34899998	67419	4.23999977	200	0	0
-3.34500003	67421	4.19999981	200	0	0
-3.3499999	67420	4.2249999	200	0	0
-3.34500003	67421	4.16300011	200	0	0
-3.34800005	67421	4.1869998	200	0	0
-3.35100007	67421	4.17399979	200	0	0
-3.35299993	67420	4.13800001	200	0	0
-3.35400009	67420	4.21199989	200	0	0
-3.35400009	67419	4.22800016	200	0	0
-3.352	67420	4.15199995	200	0	0
-3.352	67420	4.20300007	200	0	0
-3.35400009	67419	4.13199997	200	0	0
-3.35100007	67420	4.16599989	200	0	0
-3.352	67420	4.18900013	200	0	0
-3.35500002	67420	4.17600012	200	0	0
-3.35299993	67419	4.21299982	200	0	0
-3.34599996	67419	4.1500001	200	0	0
-3.34699988	67419	4.20200014	200	0	0
-3.34699988	67419	4.16499996	200	0	0
-3.35100007	67419	4.18900013	200	0	0
-3.35500002	67419	4.17700005	200	0	0
-3.34800005	67421	4.22399998	200	0	0
-3.34800005	67421	4.23899984	200	0	0
-3.352	67421	4.24800014	200	0	0
-3.3499999	67420	4.23999977	200	0	0
-3.35400009	67420	4.24900007	200	0	0
-3.34500003	67421	4.05499983	200	0	0
-3.34299994	67421	4.1329999	200	0	0
-3.34500003	67420	4.03999996	200	0	0
-3.34899998	67419	4.02899981	200	0	0
-3.34500003	67421	4.12699986	200	0	0
-3.3499999	67421	4.06400013	200	0	0
-3.34800005	67421	4.11399984	200	0	0
-3.34500003	67421	4.07600021	200	0	0
-3.34800005	67421	4.09899998	200	0	0
-3.34500003	67421	4.09100008	200	0	0
-3.34899998	67420	4.05700016	200	0	0
-3.34800005	67419	4.04300022	200	0	0
-3.35100007	67420	4.06500006	200	0	0
-3.352	67420	4.11600018	200	0	0
-3.352	67420	4.07999992	200	0	0
-3.34899998	67420	4.0999999	200	0	0
-3.34699988	67420	4.09200001	200	0	0
-3.34800005	67419	4.05700016	200	0	0
-3.352	67419	4.06599998	200	0	0
-3.35299993	67419	4.08099985	200	0	0
-3.35599995	67419	4.10400009	200	0	0
-3.35299993	67419	4.09600019	200	0	0
-3.34599996	67422	4.14900017	200	0	0
-3.3440001	67422	4.22200012	200	0	0
-3.34500003	67422	4.16300011	200	0	0
-3.34800005	67422	4.20900011	200	0	0
-3.34599996	67422	4.171	200	0	0
-3.3440001	67422	4.19899988	200	0	0
-3.34599996	67422	4.18599987	200	0	0
-3.35299993	67422	4.24900007	200	0	0
-3.34599996	67422	4.23799992	200	0	0
-3.33800006	67408	3.91700006	200	0	0
-3.34899998	67422	4.13600016	200	0	0
-3.33899999	67423	4.2329998	200	0	0
-3.37400007	67423	4.12599993	200	0	0
-3.34599996	67422	4.11299992	200	0	0
-3.37299991	67423	4.21299982	200	0	0
-3.36599994	67423	4.13600016	200	0	0
-3.33299994	67423	4.21500015	200	0	0
-3.34299994	67422	4.12599993	200	0	0
-3.34299994	67419	4.00500011	200	0	0
-3.34500003	67422	4.02699995	200	0	0
-3.3440001	67421	4.01900005	200	0	0
-3.34800005	67418	4.0079999	200	0	0
-3.34599996	67420	4.01999998	200	0	0
-3.34899998	67421	4.02799988	200	0	0
-3.34200001	67422	4.03900003	200	0	0
-3.34800005	67419	4.02199984	200	0	0
-3.35400009	67420	4.03000021	200	0	0
-3.34200001	67422	4.05299997	200	0	0
-3.34299994	67421	4.03999996	200	0	0
-3.34599996	67422	4.0630002	200	0	0
-3.34200001	67422	4.07499981	200	0	0
-3.34599996	67422	4.09800005	200	0	0
-3.34500003	67422	4.09100008	200	0	0
-3.34599996	67421	4.00600004	200	0	0
-3.34699988	67419	3.98600006	200	0	0
-3.35500002	67420	3.99600005	200	0	0
-3.34299994	67416	3.97199988	200	0	0
-3.34699988	67419	3.99300003	200	0	0
-3.34599996	67418	3.98600006	200	0	0
-3.34800005	67420	4.00699997	200	0	0
-3.34599996	67417	3.98600006	200	0	0
-3.35299993	67418	3.99600005	200	0	0
-3.34500003	67417	3.99300003	200	0	0
-3.3440001	67415.0078	3.95900011	200	0	0
-3.33999991	67414	3.95000005	200	0	0
-3.34899998	67415.0078	3.954	200	0	0
-3.34599996	67415.0078	3.93899989	200	0	0
-3.34599996	67415.0078	3.91799998	200	0	0
-3.34100008	67415.0078	3.9230001	200	0	0
-3.33699989	67414	3.93499994	200	0	0
-3.34500003	67414	3.91799998	200	0	0
-3.34699988	67414	3.92499995	200	0	0
-3.34800005	67413	3.94000006	200	0	0
-3.33899999	67413	3.91499996	200	0	0
-3.34500003	67413	3.92499995	200	0	0
-3.34100008	67411	3.91700006	200	0	0
-3.3440001	67411	3.92499995	200	0	0
-3.33800006	67410	3.91499996	200	0	0
-3.33899999	67410	3.9230001	200	0	0
-3.33599997	67409.0078	3.91599989	200	0	0
-3.34699988	67416	3.91799998	200	0	0
-3.35100007	67416	3.92700005	200	0	0
-3.34299994	67416	3.93700004	200	0	0
-3.35400009	67416	3.96300006	200	0	0
-3.34899998	67416	3.954	200	0	0
-3.34500003	67421	3.94899988	200	0	0
-3.3440001	67421	3.95600009	200	0	0
-3.34899998	67418	3.91700006	200	0	0
-3.3440001	67421	3.97000003	200	0	0
-3.34699988	67421	3.9920001	200	0	0
-3.33999991	67421	3.98200011	200	0	0
-3.34599996	67420	3.95000005	200	0	0
-3.34500003	67418	3.92199993	200	0	0
-3.34200001	67417	3.91499996	200	0	0
-3.35299993	67420	3.96000004	200	0	0
-3.33999991	67417	3.921	200	0	0
-3.34500003	67420	3.97000003	200	0	0
-3.34699988	67420	3.9849999	200	0	0
-3.34500003	67418	3.93600011	200	0	0
-3.34699988	67417	3.93799996	200	0	0
-3.35299993	67418	3.954	200	0	0
-3.34699988	67418	3.95799994	200	0	0
-3.3440001	67418	3.97099996	200	0	0
-3.3440001	67417	3.95099998	200	0	0
-3.34299994	67417	3.95700002	200	0	0
-3.33800006	67417	3.9690001	200	0	0
-3.34299994	67422	3.9690001	200	0	0
-3.33999991	67422	3.98200011	200	0	0
-3.34599996	67422	3.9920001	200	0	0
-3.34299994	67422	4.01800013	200	0	0
-3.34299994	67422	4.00400019	200	0	0
-3.34200001	67422	3.94799995	200	0	0
-3.3440001	67421	3.93499994	200	0	0
-3.34599996	67422	3.95700002	200	0	0
-3.35899997	67420	3.92700005	200	0	0
-3.35400009	67423	3.97300005	200	0	0
-3.34500003	67423	3.98300004	200	0	0
-3.34800005	67423	3.99099994	200	0	0
-3.33899999	67423	4.00099993	200	0	0
-3.352	67423	4.02199984	200	0	0
-3.34200001	67420	3.91300011	200	0	0
-3.34800005	67423	3.92199993	200	0	0
-3.33899999	67422	3.91199994	200	0	0
-3.33599997	67421	3.91100001	200	0	0
-3.34299994	67422	3.921	200	0	0
-3.34599996	67423	3.93499994	200	0	0
-3.33599997	67422	3.93099999	200	0	0
-3.34699988	67421	3.92199993	200	0	0
-3.34100008	67423	3.94700003	200	0	0
-3.34299994	67423	3.954	200	0	0
