-12.7379999	6.89409971	0.00700000022	200	0	0
-12.7410002	6.89440012	-0.0860000029	200	0	0
-12.7539997	6.89409971	-0.0890000015	200	0	0
-12.7559996	6.89499998	-0.0199999996	200	0	0
-12.7460003	6.89419985	-0.0869999975	200	0	0
-12.7670002	6.89499998	0.00100000005	200	0	0
-12.7510004	6.89469957	-0.0649999976	200	0	0
-12.7650003	6.89460039	-0.0680000037	200	0	0
-12.7720003	6.89489985	0	200	0	0
-12.7519999	6.89489985	-0.0189999994	200	0	0
-12.7510004	6.89450026	-0.0649999976	200	0	0
-12.7659998	6.89409971	-0.0680000037	200	0	0
-12.7749996	6.89479971	0	200	0	0
-12.757	6.89429998	-0.0659999996	200	0	0
-12.7469997	6.89440012	-0.064000003	200	0	0
-12.7559996	6.89479971	-0.0199999996	200	0	0
-12.7460003	6.89419985	-0.064000003	200	0	0
-12.7729998	6.89469957	0	200	0	0
-12.7589998	6.89469957	-0.0199999996	200	0	0
-12.7539997	6.89460039	-0.0189999994	200	0	0
-12.7639999	6.89460039	0.00200000009	200	0	0
-12.7589998	6.89450026	-0.0199999996	200	0	0
-12.7770004	6.89440012	-0.00100000005	200	0	0
-12.7620001	6.89440012	-0.0209999997	200	0	0
-12.7589998	6.89450026	0.00300000003	200	0	0
-12.7650003	6.89409971	-0.0219999999	200	0	0
-12.7600002	6.89419985	-0.0209999997	200	0	0
-12.7650003	6.89429998	0.00100000005	200	0	0
-12.7469997	6.89429998	-0.0179999992	200	0	0
-12.7690001	6.89419985	0.00100000005	200	0	0
-12.7600002	6.89440012	-0.182999998	200	0	0
-12.7379999	6.89409971	0.00700000022	200	0	0
-12.7510004	6.89510012	-0.0189999994	200	0	0
-12.7460003	6.89460039	-0.180000007	200	0	0
-12.7650003	6.89530087	-0.0680000037	200	0	0
-12.7489996	6.89530087	-0.111000001	200	0	0
-12.7410002	6.89429998	-0.179000005	200	0	0
-12.7469997	6.89520025	-0.134000003	200	0	0
-12.7589998	6.89530087	-0.0900000036	200	0	0
-12.757	6.89510012	-0.136000007	200	0	0
-12.7510004	6.89520025	-0.111000001	200	0	0
-12.7510004	6.89520025	-0.0649999976	200	0	0
-12.7460003	6.89499998	-0.133000001	200	0	0
-12.7530003	6.89510012	-0.112000003	200	0	0
-12.7489996	6.89510012	-0.0649999976	200	0	0
-12.7489996	6.89510012	-0.0879999995	200	0	0
-12.7480001	6.89489985	-0.134000003	200	0	0
-12.7600002	6.89499998	-0.112999998	200	0	0
-12.7589998	6.89479971	-0.136000007	200	0	0
-12.7670002	6.89469957	-0.137999997	200	0	0
-12.7489996	6.89499998	-0.0649999976	200	0	0
-12.7600002	6.89409971	-0.136000007	200	0	0
-12.7609997	6.89489985	-0.112999998	200	0	0
-12.7460003	6.89499998	-0.0869999975	200	0	0
-12.757	6.89419985	-0.136000007	200	0	0
-12.7340002	6.89489985	-0.061999999	200	0	0
-12.7559996	6.89450026	-0.135000005	200	0	0
-12.7539997	6.89489985	-0.0890000015	200	0	0
-12.7460003	6.89460039	-0.133000001	200	0	0
-12.7510004	6.89429998	-0.134000003	200	0	0
-12.75	6.89479971	-0.111000001	200	0	0
-12.7510004	6.89479971	-0.0649999976	200	0	0
-12.7600002	6.89469957	-0.112999998	200	0	0
-12.7550001	6.89409971	-0.112000003	200	0	0
-12.75	6.89479971	-0.0879999995	200	0	0
-12.7609997	6.89460039	-0.112999998	200	0	0
-12.7650003	6.89450026	-0.114	200	0	0
-12.7559996	6.89419985	-0.112000003	200	0	0
-12.7449999	6.89469957	-0.0869999975	200	0	0
-12.7550001	6.89440012	-0.112000003	200	0	0
-12.7519999	6.89429998	-0.111000001	200	0	0
-12.757	6.89460039	-0.0890000015	200	0	0
-12.7600002	6.89429998	-0.0900000036	200	0	0
-12.7480001	6.89450026	-0.0879999995	200	0	0
-12.7729998	6.89409971	-0.185000002	200	0	0
-12.7589998	6.89419985	-0.182999998	200	0	0
-12.7530003	6.89569998	-0.0890000015	200	0	0
-12.7589998	6.89590073	0.00200000009	200	0	0
-12.7410002	6.89580011	-0.063000001	200	0	0
-12.7469997	6.89559984	-0.0869999975	200	0	0
-12.7519999	6.89590073	-0.0189999994	200	0	0
-12.7550001	6.89549971	-0.0890000015	200	0	0
-12.7580004	6.89569998	-0.0670000017	200	0	0
-12.7480001	6.89580011	0.00499999989	200	0	0
-12.7580004	6.89580011	-0.0199999996	200	0	0
-12.7510004	6.89539957	-0.0879999995	200	0	0
-12.7799997	6.89559984	0.0209999997	200	0	0
-12.7589998	6.89559984	-0.0670000017	200	0	0
-12.7580004	6.89569998	0.00300000003	200	0	0
-12.7580004	6.89569998	-0.0199999996	200	0	0
-12.7399998	6.89549971	-0.063000001	200	0	0
-12.75	6.89559984	0.00400000019	200	0	0
-12.743	6.89559984	-0.0179999992	200	0	0
-12.757	6.89539957	-0.0659999996	200	0	0
-12.7559996	6.89549971	0.00300000003	200	0	0
-12.7589998	6.89549971	-0.0209999997	200	0	0
-12.7659998	6.89539957	0.00100000005	200	0	0
-12.7489996	6.89539957	-0.0189999994	200	0	0
-12.7629995	6.89530087	0.00200000009	200	0	0
-12.7440004	6.89530087	-0.0179999992	200	0	0
-12.7530003	6.89520025	0.00400000019	200	0	0
-12.7609997	6.89510012	0.00200000009	200	0	0
-12.7460003	6.89520025	-0.0179999992	200	0	0
-12.7609997	6.89530087	-0.136999995	200	0	0
-12.7539997	6.89549971	-0.112000003	200	0	0
-12.7530003	6.89539957	-0.112000003	200	0	0
-12.7469997	6.89530087	-0.180000007	200	0	0
-12.7559996	6.89409971	-0.250999987	200	0	0
-12.7419996	6.89419985	-0.248999998	200	0	0
-12.7629995	6.89429998	-0.252999991	200	0	0
-12.75	6.89510012	-0.180999994	200	0	0
-12.7510004	6.89440012	-0.25	200	0	0
-12.7550001	6.89409971	-0.228	200	0	0
-12.7489996	6.89489985	-0.180999994	200	0	0
-12.7709999	6.89450026	-0.231000006	200	0	0
-12.7589998	6.89419985	-0.229000002	200	0	0
-12.7609997	6.89429998	-0.229000002	200	0	0
-12.7550001	6.89440012	-0.228	200	0	0
-12.7480001	6.89479971	-0.180000007	200	0	0
-12.7440004	6.89409971	-0.202000007	200	0	0
-12.7550001	6.89419985	-0.204999998	200	0	0
-12.7580004	6.89469957	-0.181999996	200	0	0
-12.7609997	6.89429998	-0.206	200	0	0
-12.7510004	6.89450026	-0.203999996	200	0	0
-12.7489996	6.89440012	-0.203999996	200	0	0
-12.7639999	6.89450026	-0.184	200	0	0
-12.7480001	6.89580011	-0.0879999995	200	0	0
-12.7539997	6.89599991	0.00100000005	200	0	0
-12.7460003	6.89590073	-0.064000003	200	0	0
-12.7379999	6.89599991	-0.0189999994	200	0	0
-12.7589998	6.89539957	-0.136000007	200	0	0
-12.7609997	6.89549971	-0.182999998	200	0	0
-12.743	6.89539957	-0.202000007	200	0	0
-12.7559996	6.89599991	-0.137999997	200	0	0
-12.7620001	6.89620018	-0.0930000022	200	0	0
-12.75	6.89610004	-0.112999998	200	0	0
-12.7580004	6.89610004	-0.023	200	0	0
-12.7460003	6.89620018	-0.0659999996	200	0	0
-12.7379999	6.89590073	-0.131999999	200	0	0
-12.7609997	6.89599991	-0.115999997	200	0	0
-12.7559996	6.89580011	-0.136000007	200	0	0
-12.7510004	6.89610004	-0.0909999982	200	0	0
-12.7510004	6.89610004	-0.0670000017	200	0	0
-12.7550001	6.89569998	-0.135000005	200	0	0
-12.7480001	6.89590073	-0.111000001	200	0	0
-12.7469997	6.89599991	-0.0900000036	200	0	0
-12.743	6.89559984	-0.133000001	200	0	0
-12.7419996	6.89599991	-0.0659999996	200	0	0
-12.7510004	6.89549971	-0.134000003	200	0	0
-12.75	6.89580011	-0.111000001	200	0	0
-12.7519999	6.89590073	-0.0890000015	200	0	0
-12.7600002	6.89569998	-0.112999998	200	0	0
-12.7510004	6.89559984	-0.111000001	200	0	0
-12.7460003	6.89599991	-0.181999996	200	0	0
-12.7559996	6.89620018	-0.137999997	200	0	0
-12.7469997	6.89590073	-0.180000007	200	0	0
-12.7489996	6.89620018	-0.112999998	200	0	0
-12.7489996	6.89580011	-0.180999994	200	0	0
-12.7489996	6.89610004	-0.136000007	200	0	0
-12.7489996	6.89569998	-0.180999994	200	0	0
-12.7550001	6.89559984	-0.181999996	200	0	0
-12.7530003	6.89580011	-0.204999998	200	0	0
-12.7589998	6.89639997	-0.0250000004	200	0	0
-12.7480001	6.89659977	-0.116999999	200	0	0
-12.7449999	6.89650106	-0.136999995	200	0	0
-12.757	6.89659977	-0.0729999989	200	0	0
-12.7510004	6.89659977	-0.0949999988	200	0	0
-12.7679996	6.89639997	-0.142000005	200	0	0
-12.7539997	6.89629984	-0.0240000002	200	0	0
-12.7469997	6.89620018	-0.0199999996	200	0	0
-12.7600002	6.89650106	-0.116999999	200	0	0
-12.7510004	6.89650106	-0.0689999983	200	0	0
-12.7379999	6.89650106	-0.0900000036	200	0	0
-12.7530003	6.89629984	-0.138999999	200	0	0
-12.7589998	6.89639997	-0.116999999	200	0	0
-12.7469997	6.89639997	-0.0689999983	200	0	0
-12.7489996	6.89639997	-0.0920000002	200	0	0
-12.7550001	6.89629984	-0.115999997	200	0	0
-12.7440004	6.89629984	-0.0680000037	200	0	0
-12.7510004	6.89629984	-0.0930000022	200	0	0
-12.7600002	6.89690018	0.00100000005	200	0	0
-12.75	6.89680004	-0.0250000004	200	0	0
-12.7650003	6.89680004	0.0179999992	200	0	0
-12.7629995	6.89680004	-0.00400000019	200	0	0
-12.7530003	6.89669991	-0.0260000005	200	0	0
-12.7720003	6.89669991	0.0170000009	200	0	0
-12.7539997	6.89669991	-0.00300000003	200	0	0
-12.7559996	6.89659977	-0.0260000005	200	0	0
-12.7489996	6.89659977	-0.00200000009	200	0	0
-12.7440004	6.89650106	-0.0219999999	200	0	0
-12.7580004	6.89650106	0.0219999999	200	0	0
-12.7460003	6.89650106	0.00100000005	200	0	0
-12.75	6.89639997	0.023	200	0	0
-12.7519999	6.89639997	0	200	0	0
-12.7639999	6.89629984	0.0199999996	200	0	0
-12.7620001	6.89629984	-0.00200000009	200	0	0
-12.7530003	6.89620018	0.00100000005	200	0	0
-12.7460003	6.89669991	-0.0930000022	200	0	0
-12.743	6.89669991	-0.0700000003	200	0	0
-12.7340002	6.89599991	-0.202999994	200	0	0
-12.7550001	6.89610004	-0.184	200	0	0
-12.7519999	6.89620018	-0.182999998	200	0	0
-12.7550001	6.89620018	-0.207000002	200	0	0
-12.7589998	6.89409971	-0.344999999	200	0	0
-12.7670002	6.89429998	-0.324000001	200	0	0
-12.7550001	6.89419985	-0.32100001	200	0	0
-12.7399998	6.89409971	-0.317999989	200	0	0
-12.7440004	6.89429998	-0.294999987	200	0	0
-12.7629995	6.89409971	-0.300000012	200	0	0
-12.7609997	6.89419985	-0.298999995	200	0	0
-12.757	6.89669991	-0.119000003	200	0	0
-12.7559996	6.89690018	-0.0209999997	200	0	0
-12.7440004	6.89690018	-0.0649999976	200	0	0
-12.743	6.89680004	-0.0930000022	200	0	0
-12.7469997	6.89680004	-0.0710000023	200	0	0
-12.7489996	6.89639997	-0.208000004	200	0	0
-12.7449999	6.89639997	-0.184	200	0	0
-12.7519999	6.89629984	-0.209000006	200	0	0
-12.7489996	6.89690018	-0.112000003	200	0	0
-12.7550001	6.89690018	-0.136999995	200	0	0
-12.7510004	6.89650106	-0.208000004	200	0	0
-12.7469997	6.89669991	-0.186000004	200	0	0
-12.7530003	6.89680004	-0.118000001	200	0	0
-12.7550001	6.89680004	-0.142000005	200	0	0
-12.7589998	6.89659977	-0.188999996	200	0	0
-12.7460003	6.89669991	-0.140000001	200	0	0
-12.7550001	6.89650106	-0.186000004	200	0	0
-12.7620001	6.89710045	-0.136000007	200	0	0
-12.7419996	6.89710045	-0.061999999	200	0	0
-12.7620001	6.89710045	-0.112999998	200	0	0
-12.7440004	6.89710045	-0.0860000029	200	0	0
-12.7559996	6.89700031	-0.136999995	200	0	0
-12.7480001	6.89700031	-0.0659999996	200	0	0
-12.7519999	6.89700031	-0.112999998	200	0	0
-12.7510004	6.89700031	-0.0900000036	200	0	0
-12.7489996	6.89690018	-0.0890000015	200	0	0
-12.7539997	6.89700031	0.00200000009	200	0	0
-12.7460003	6.89700031	-0.0189999994	200	0	0
-12.7449999	6.89669991	-0.209000006	200	0	0
-12.757	6.89710045	-0.180999994	200	0	0
-12.7460003	6.89729977	-0.0649999976	200	0	0
-12.7419996	6.89729977	0.00499999989	200	0	0
-12.7860003	6.89700031	0.0419999994	200	0	0
-12.7519999	6.89729977	-0.0199999996	200	0	0
-12.7510004	6.89719963	-0.0659999996	200	0	0
-12.75	6.89710045	0.0280000009	200	0	0
-12.7530003	6.89719963	0.00200000009	200	0	0
-12.7539997	6.89719963	-0.0209999997	200	0	0
-12.7390003	6.89710045	0.00700000022	200	0	0
-12.7550001	6.89700031	0.0250000004	200	0	0
-12.743	6.89710045	-0.0160000008	200	0	0
-12.7519999	6.8973999	-0.0659999996	200	0	0
-12.7469997	6.89750004	-0.0909999982	200	0	0
-12.7620001	6.89750004	-0.116999999	200	0	0
-12.7519999	6.8973999	-0.0900000036	200	0	0
-12.7489996	6.8973999	-0.135000005	200	0	0
-12.7539997	6.8973999	-0.112999998	200	0	0
-12.7480001	6.89729977	-0.0890000015	200	0	0
-12.7600002	6.89729977	-0.114	200	0	0
-12.7480001	6.89719963	-0.0890000015	200	0	0
-12.7629995	6.89719963	-0.137999997	200	0	0
-12.7460003	6.89719963	-0.111000001	200	0	0
-12.7600002	6.8973999	-0.0219999999	200	0	0
-12.7510004	6.89750004	-0.0680000037	200	0	0
-12.7460003	6.89760017	-0.0649999976	200	0	0
-12.7440004	6.89780092	0.0250000004	200	0	0
-12.743	6.89780092	-0.0199999996	200	0	0
-12.7449999	6.89760017	0.0500000007	200	0	0
-12.7550001	6.89770031	-0.023	200	0	0
-12.7510004	6.89770031	0.00100000005	200	0	0
-12.7609997	6.89760017	0.0240000002	200	0	0
-12.7530003	6.89760017	-0.0199999996	200	0	0
-12.7510004	6.89760017	0.00300000003	200	0	0
-12.7489996	6.89750004	-0.0219999999	200	0	0
-12.7709999	6.89750004	0.0199999996	200	0	0
-12.7580004	6.89729977	0.0480000004	200	0	0
-12.7559996	6.89750004	0	200	0	0
-12.7639999	6.8973999	0.0240000002	200	0	0
-12.75	6.8973999	0.00300000003	200	0	0
-12.7670002	6.89729977	0.023	200	0	0
-12.7519999	6.89760017	-0.136000007	200	0	0
-12.7539997	6.89760017	-0.112999998	200	0	0
-12.7530003	6.89760017	-0.0900000036	200	0	0
-12.7550001	6.89770031	-0.0689999983	200	0	0
-12.7469997	6.89770031	-0.114	200	0	0
-12.7299995	6.89780092	-0.0869999975	200	0	0
-12.7480001	6.89780092	-0.0680000037	200	0	0
-12.7419996	6.89770031	-0.0900000036	200	0	0
-12.7379999	6.89780092	-0.135000005	200	0	0
-12.7530003	6.89780092	-0.115000002	200	0	0
-12.75	6.89770031	-0.137999997	200	0	0
-12.7399998	6.89789963	-0.0909999982	200	0	0
-12.7530003	6.89799976	-0.116999999	200	0	0
-12.7589998	6.89799976	-0.141000003	200	0	0
-12.7530003	6.89789963	-0.116999999	200	0	0
-12.7440004	6.89799976	-0.023	200	0	0
-12.7370005	6.89799976	-0.0909999982	200	0	0
-12.75	6.89799976	-0.0700000003	200	0	0
-12.7530003	6.89789963	-0.0250000004	200	0	0
-12.7510004	6.89789963	-0.0700000003	200	0	0
-12.7559996	6.89789963	0.0209999997	200	0	0
-12.7530003	6.89789963	-0.00200000009	200	0	0
-12.7360001	6.89820004	-0.0250000004	200	0	0
-12.75	6.8980999	-0.118000001	200	0	0
-12.7460003	6.89799976	0	200	0	0
-12.7399998	6.89820004	-0.0949999988	200	0	0
-12.7379999	6.89820004	-0.0719999969	200	0	0
-12.7480001	6.8980999	-0.0260000005	200	0	0
-12.7489996	6.8980999	-0.0949999988	200	0	0
-12.7480001	6.8980999	-0.0719999969	200	0	0
-12.7629995	6.89820004	0.0160000008	200	0	0
-12.7469997	6.89820004	-0.00499999989	200	0	0
-12.7620001	6.8980999	0.0179999992	200	0	0
-12.7489996	6.8980999	-0.00300000003	200	0	0
-12.7600002	6.89799976	0.0199999996	200	0	0
-12.7530003	6.89830017	-0.0280000009	200	0	0
-12.7550001	6.89820004	-0.120999999	200	0	0
-12.7399998	6.89830017	-0.0949999988	200	0	0
-12.75	6.89830017	-0.074000001	200	0	0
-12.7580004	6.89840078	-0.123999998	200	0	0
-12.7440004	6.89830017	-0.142000005	200	0	0
-12.7440004	6.89840078	-0.075000003	200	0	0
-12.7449999	6.89840078	-0.0979999974	200	0	0
-12.7519999	6.89820004	-0.143999994	200	0	0
-12.7410002	6.89830017	-0.118000001	200	0	0
-12.7519999	6.8980999	-0.142000005	200	0	0
-12.7460003	6.89830017	0.0189999994	200	0	0
-12.7489996	6.89830017	-0.00499999989	200	0	0
-12.7519999	6.89840078	-0.0299999993	200	0	0
-12.7510004	6.89840078	-0.00700000022	200	0	0
-12.7519999	6.89849997	-0.0299999993	200	0	0
-12.7480001	6.89849997	-0.0989999995	200	0	0
-12.743	6.89849997	-0.075000003	200	0	0
-12.75	6.89859962	-0.0270000007	200	0	0
-12.7489996	6.89869976	-0.00400000019	200	0	0
-12.7539997	6.89869976	0.0179999992	200	0	0
-12.7440004	6.89859962	-0.00300000003	200	0	0
-12.7600002	6.89859962	0.0170000009	200	0	0
-12.7469997	6.89849997	-0.00600000005	200	0	0
-12.7530003	6.89849997	0.0160000008	200	0	0
-12.7489996	6.89840078	0.0160000008	200	0	0
-12.7399998	6.89859962	-0.0719999969	200	0	0
-12.7480001	6.89869976	-0.0270000007	200	0	0
-12.7449999	6.89849997	-0.120999999	200	0	0
-12.7480001	6.89849997	-0.144999996	200	0	0
-12.743	6.89859962	-0.0949999988	200	0	0
-12.7510004	6.89859962	-0.119999997	200	0	0
-12.7480001	6.89869976	-0.119000003	200	0	0
-12.7489996	6.89869976	-0.0729999989	200	0	0
-12.7419996	6.89869976	-0.0949999988	200	0	0
-12.7440004	6.89869976	-0.142000005	200	0	0
-12.7480001	6.8987999	-0.119000003	200	0	0
-12.7489996	6.8987999	-0.0729999989	200	0	0
-12.7449999	6.8987999	-0.0949999988	200	0	0
-12.7379999	6.89890003	-0.0939999968	200	0	0
-12.7449999	6.89890003	-0.119000003	200	0	0
-12.75	6.89890003	0.0189999994	200	0	0
-12.7379999	6.89890003	-0.00200000009	200	0	0
-12.7600002	6.8987999	0.0170000009	200	0	0
-12.7460003	6.89890003	-0.0260000005	200	0	0
-12.7390003	6.8987999	-0.00200000009	200	0	0
-12.7489996	6.8987999	-0.0270000007	200	0	0
-12.7399998	6.89890003	-0.0710000023	200	0	0
-12.7360001	6.89919996	-0.0240000002	200	0	0
-12.7589998	6.89900064	0.0170000009	200	0	0
-12.7440004	6.89909983	-0.00300000003	200	0	0
-12.7360001	6.89900064	-0.0710000023	200	0	0
-12.7469997	6.89909983	-0.0260000005	200	0	0
-12.7460003	6.89900064	-0.00300000003	200	0	0
-12.7480001	6.89900064	-0.0270000007	200	0	0
-12.7449999	6.89900064	-0.0949999988	200	0	0
-12.7399998	6.89919996	-0.0939999968	200	0	0
-12.7379999	6.89909983	-0.0710000023	200	0	0
-12.743	6.89909983	-0.118000001	200	0	0
-12.7410002	6.89909983	-0.0939999968	200	0	0
-12.7370005	6.89919996	-0.0710000023	200	0	0
-12.7700005	6.89909983	0.0379999988	200	0	0
-12.7709999	6.89890003	0.0379999988	200	0	0
-12.7360001	6.89919996	-0.00100000005	200	0	0
-12.7340002	6.89919996	-0.115999997	200	0	0
-12.7360001	6.8993001	-0.0930000022	200	0	0
-12.7340002	6.8993001	-0.115999997	200	0	0
-12.7340002	6.89919996	-0.138999999	200	0	0
-12.7340002	6.8993001	-0.0700000003	200	0	0
-12.75	6.89919996	0.0189999994	200	0	0
-12.7419996	6.8993001	-0.00200000009	200	0	0
-12.7399998	6.8993001	-0.0250000004	200	0	0
-12.7510004	6.8993001	0.0189999994	200	0	0
-12.7370005	6.89940023	-0.0700000003	200	0	0
-12.7399998	6.89940023	-0.00200000009	200	0	0
-12.7419996	6.89940023	-0.0250000004	200	0	0
-12.7419996	6.89940023	-0.141000003	200	0	0
-12.7460003	6.89940023	-0.118000001	200	0	0
-12.7349997	6.89940023	-0.0930000022	200	0	0
-12.7659998	6.8993001	0.0390000008	200	0	0
-12.7390003	6.89949989	-0.00400000019	200	0	0
-12.7419996	6.89949989	-0.0270000007	200	0	0
-12.7349997	6.89960003	-0.0260000005	200	0	0
-12.7460003	6.89960003	0.0179999992	200	0	0
-12.7440004	6.89960003	-0.00499999989	200	0	0
-12.7670002	6.89940023	0.0390000008	200	0	0
-12.7379999	6.89949989	-0.0960000008	200	0	0
-12.7290001	6.89949989	-0.0710000023	200	0	0
-12.7419996	6.89949989	-0.119999997	200	0	0
-12.7480001	6.89969969	-0.120999999	200	0	0
-12.7349997	6.89960003	-0.141000003	200	0	0
-12.7390003	6.89960003	-0.0960000008	200	0	0
-12.7419996	6.89960003	-0.119999997	200	0	0
-12.7379999	6.89960003	-0.0729999989	200	0	0
-12.7379999	6.89969969	-0.0960000008	200	0	0
-12.7440004	6.89969969	-0.074000001	200	0	0
-12.7370005	6.89989996	-0.0949999988	200	0	0
-12.7419996	6.89979982	-0.119999997	200	0	0
-12.7349997	6.89979982	-0.0719999969	200	0	0
-12.743	6.89979982	-0.0970000029	200	0	0
-12.7460003	6.89979982	-0.143999994	200	0	0
-12.7370005	6.89979982	0.0430000015	200	0	0
-12.7290001	6.89969969	-0.0250000004	200	0	0
-12.7370005	6.89979982	-0.00300000003	200	0	0
-12.7440004	6.89969969	-0.00499999989	200	0	0
-12.7399998	6.89979982	-0.0270000007	200	0	0
-12.7620001	6.89989996	0.0379999988	200	0	0
-12.7390003	6.90010023	-0.00100000005	200	0	0
-12.7360001	6.9000001	0.0219999999	200	0	0
-12.7279997	6.9000001	-0.0680000037	200	0	0
-12.7329998	6.90010023	-0.023	200	0	0
-12.7349997	6.89989996	-0.0719999969	200	0	0
-12.7259998	6.89989996	0.0219999999	200	0	0
-12.7329998	6.9000001	0	200	0	0
-12.7419996	6.9000001	-0.0250000004	200	0	0
-12.7360001	6.89989996	-0.00300000003	200	0	0
-12.7379999	6.89989996	-0.0260000005	200	0	0
-12.7379999	6.89989996	-0.119000003	200	0	0
-12.7259998	6.90010023	-0.0680000037	200	0	0
-12.7419996	6.90010023	-0.116999999	200	0	0
-12.7349997	6.9000001	-0.138999999	200	0	0
-12.7329998	6.90010023	-0.0920000002	200	0	0
-12.7329998	6.9000001	-0.115000002	200	0	0
-12.7189999	6.9000001	-0.0890000015	200	0	0
-12.7410002	6.90010023	0.0219999999	200	0	0
-12.7329998	6.90010023	-0.137999997	200	0	0
-12.7250004	6.90020037	-0.0670000017	200	0	0
-12.7340002	6.90020037	-0.115000002	200	0	0
-12.7379999	6.90020037	-0.0930000022	200	0	0
-12.7370005	6.90020037	-0.138999999	200	0	0
-12.7539997	6.90010023	0.0419999994	200	0	0
-12.7419996	6.90020037	0.0209999997	200	0	0
-12.7340002	6.90020037	-0.023	200	0	0
-12.7340002	6.90020037	0	200	0	0
-12.7620001	6.90020037	0.0410000011	200	0	0
-12.7270002	6.90030098	-0.0909999982	200	0	0
-12.7250004	6.90030098	-0.0670000017	200	0	0
-12.7309999	6.90030098	0.0240000002	200	0	0
-12.7299995	6.90030098	-0.0219999999	200	0	0
-12.7399998	6.90030098	-0.00100000005	200	0	0
-12.7410002	6.90039968	-0.0260000005	200	0	0
-12.7270002	6.90030098	-0.114	200	0	0
-12.7410002	6.90030098	-0.140000001	200	0	0
-12.75	6.90030098	0.0430000015	200	0	0
-12.7360001	6.90039968	0.0209999997	200	0	0
-12.7290001	6.90039968	-0.00100000005	200	0	0
-12.7259998	6.90049982	-0.00100000005	200	0	0
-12.7320004	6.90039968	-0.0710000023	200	0	0
-12.7259998	6.90049982	-0.023	200	0	0
-12.7379999	6.90049982	0.0430000015	200	0	0
-12.7290001	6.90049982	0.0219999999	200	0	0
-12.7329998	6.90039968	0.0439999998	200	0	0
-12.7340002	6.90039968	-0.116999999	200	0	0
-12.7299995	6.90039968	-0.0939999968	200	0	0
-12.7419996	6.90049982	-0.119000003	200	0	0
-12.7259998	6.90059996	-0.0930000022	200	0	0
-12.7340002	6.90049982	-0.0710000023	200	0	0
-12.7349997	6.90059996	-0.116999999	200	0	0
-12.7279997	6.90049982	-0.0930000022	200	0	0
-12.7349997	6.90049982	-0.141000003	200	0	0
-12.7259998	6.90059996	-0.0700000003	200	0	0
-12.7299995	6.90059996	-0.0240000002	200	0	0
-12.7270002	6.90080023	-0.0700000003	200	0	0
-12.724	6.90080023	-0.115000002	200	0	0
-12.7180004	6.90080023	-0.0909999982	200	0	0
-12.7270002	6.90070009	-0.138999999	200	0	0
-12.724	6.90070009	-0.0689999983	200	0	0
-12.7309999	6.90070009	-0.116999999	200	0	0
-12.717	6.90070009	-0.0909999982	200	0	0
-12.7349997	6.90070009	0.0209999997	200	0	0
-12.7290001	6.90059996	-0.00100000005	200	0	0
-12.7410002	6.90070009	0.0430000015	200	0	0
-12.7229996	6.90059996	0.023	200	0	0
-12.7530003	6.90059996	0.0399999991	200	0	0
-12.7349997	6.90070009	-0.0250000004	200	0	0
-12.7340002	6.90070009	-0.00200000009	200	0	0
-12.7229996	6.90080023	0.023	200	0	0
-12.7440004	6.90080023	0.0419999994	200	0	0
-12.7200003	6.90099955	0.0240000002	200	0	0
-12.7150002	6.90099955	-0.0209999997	200	0	0
-12.724	6.90099955	0	200	0	0
-12.7130003	6.90090084	0.0250000004	200	0	0
-12.7329998	6.90090084	-0.0250000004	200	0	0
-12.7320004	6.90090084	-0.00100000005	200	0	0
-12.7189999	6.90080023	-0.0219999999	200	0	0
-12.7340002	6.90080023	-0.00200000009	200	0	0
-12.7259998	6.90090084	-0.0920000002	200	0	0
-12.7200003	6.90090084	-0.0680000037	200	0	0
-12.7309999	6.90090084	-0.115999997	200	0	0
-12.7139997	6.90099955	-0.0900000036	200	0	0
-12.7049999	6.90099955	-0.0649999976	200	0	0
-12.7130003	6.90099955	-0.112999998	200	0	0
-12.7259998	6.90099955	-0.138999999	200	0	0
-12.7200003	6.90090084	-0.136999995	200	0	0
-12.724	6.90099955	0.0460000001	200	0	0
-12.7259998	6.90109968	-0.0920000002	200	0	0
-12.7019997	6.90109968	-0.064000003	200	0	0
-12.7320004	6.90109968	-0.116999999	200	0	0
-12.7180004	6.90109968	0.00100000005	200	0	0
-12.7150002	6.90109968	0.0250000004	200	0	0
-12.7349997	6.90109968	0.0439999998	200	0	0
-12.7270002	6.90109968	-0.023	200	0	0
-12.7250004	6.90129995	-0.0920000002	200	0	0
-12.7229996	6.90119982	-0.116999999	200	0	0
-12.7200003	6.90119982	-0.0700000003	200	0	0
-12.7299995	6.90119982	-0.0949999988	200	0	0
-12.7220001	6.90119982	-0.0250000004	200	0	0
-12.7290001	6.90119982	-0.00300000003	200	0	0
-12.7449999	6.90119982	0.0399999991	200	0	0
-12.7119999	6.90119982	0.023	200	0	0
-12.7200003	6.90129995	0.00100000005	200	0	0
-12.724	6.90129995	-0.0219999999	200	0	0
-12.7290001	6.90119982	-0.141000003	200	0	0
-12.7449999	6.90129995	0.0419999994	200	0	0
-12.724	6.90129995	0.023	200	0	0
-12.7209997	6.90140009	-0.0240000002	200	0	0
-12.7130003	6.90129995	-0.0659999996	200	0	0
-12.7250004	6.90140009	0.0439999998	200	0	0
-12.724	6.90129995	-0.137999997	200	0	0
-12.7200003	6.90129995	-0.114	200	0	0
-12.7220001	6.90140009	-0.0930000022	200	0	0
-12.7349997	6.90140009	-0.142000005	200	0	0
-12.7189999	6.90140009	-0.115999997	200	0	0
-12.7200003	6.9015007	-0.115999997	200	0	0
-12.7279997	6.9015007	-0.0710000023	200	0	0
-12.7220001	6.9015007	-0.0930000022	200	0	0
-12.7080002	6.90140009	-0.0680000037	200	0	0
-12.7320004	6.9015007	-0.142000005	200	0	0
-12.7209997	6.9015007	-0.00100000005	200	0	0
-12.7279997	6.9015007	-0.0250000004	200	0	0
-12.7159996	6.90170002	-0.0920000002	200	0	0
-12.7189999	6.90159988	-0.115999997	200	0	0
-12.7209997	6.90159988	-0.0240000002	200	0	0
-12.7060003	6.90170002	-0.0670000017	200	0	0
-12.7139997	6.90159988	-0.0920000002	200	0	0
-12.7180004	6.90159988	-0.0689999983	200	0	0
-12.717	6.90170002	-0.137999997	200	0	0
-12.7229996	6.90140009	-0.186000004	200	0	0
-12.7150002	6.90170002	-0.115000002	200	0	0
-12.7229996	6.90159988	-0.140000001	200	0	0
-12.7189999	6.90180016	-0.0920000002	200	0	0
-12.7270002	6.9015007	-0.187000006	200	0	0
-12.7290001	6.90159988	-0.00300000003	200	0	0
-12.7329998	6.90159988	0.0430000015	200	0	0
-12.7290001	6.90159988	0.0209999997	200	0	0
-12.7370005	6.9015007	0.0419999994	200	0	0
-12.7250004	6.9015007	0.0209999997	200	0	0
-12.7189999	6.90170002	0	200	0	0
-12.7290001	6.90170002	0.0430000015	200	0	0
-12.7159996	6.90170002	0.023	200	0	0
-12.7539997	6.90159988	0.0850000009	200	0	0
-12.7299995	6.90189981	-0.00200000009	200	0	0
-12.7150002	6.90180016	-0.023	200	0	0
-12.7320004	6.90189981	0.0430000015	200	0	0
-12.7150002	6.90189981	0.023	200	0	0
-12.7209997	6.90170002	-0.0240000002	200	0	0
-12.7150002	6.90180016	0	200	0	0
-12.7309999	6.90180016	0.0199999996	200	0	0
-12.7159996	6.90180016	-0.0689999983	200	0	0
-12.7200003	6.90189981	-0.0240000002	200	0	0
-12.7189999	6.90180016	-0.115999997	200	0	0
-12.7270002	6.90159988	-0.187000006	200	0	0
-12.724	6.90180016	-0.140000001	200	0	0
-12.7209997	6.90189981	-0.115999997	200	0	0
-12.7150002	6.90189981	-0.0689999983	200	0	0
-12.71	6.90189981	-0.0909999982	200	0	0
-12.7259998	6.90189981	-0.140000001	200	0	0
-12.7189999	6.90170002	-0.185000002	200	0	0
-12.7250004	6.90199995	-0.116999999	200	0	0
-12.724	6.90199995	-0.0700000003	200	0	0
-12.7089996	6.90199995	-0.0900000036	200	0	0
-12.7220001	6.90199995	-0.138999999	200	0	0
-12.7250004	6.90199995	-0.0250000004	200	0	0
-12.7069998	6.90199995	0.0250000004	200	0	0
-12.717	6.90199995	0	200	0	0
-12.7399998	6.90199995	0.0419999994	200	0	0
-12.7370005	6.90210009	-0.142000005	200	0	0
-12.7189999	6.90219975	-0.115999997	200	0	0
-12.7189999	6.90219975	-0.0700000003	200	0	0
-12.7189999	6.90219975	-0.0920000002	200	0	0
-12.717	6.90210009	-0.115000002	200	0	0
-12.7209997	6.90210009	-0.0700000003	200	0	0
-12.7060003	6.90210009	-0.0900000036	200	0	0
-12.7220001	6.90219975	-0.0240000002	200	0	0
-12.7180004	6.90210009	0	200	0	0
-12.7150002	6.90210009	-0.0219999999	200	0	0
-12.7189999	6.90210009	0.023	200	0	0
-12.7390003	6.90210009	0.0419999994	200	0	0
-12.7200003	6.90229988	-0.00100000005	200	0	0
-12.7259998	6.90219975	0.0439999998	200	0	0
-12.7209997	6.90219975	0.0219999999	200	0	0
-12.7180004	6.90219975	0	200	0	0
-12.7259998	6.90199995	-0.186000004	200	0	0
-12.7189999	6.90229988	-0.023	200	0	0
-12.7139997	6.90229988	0.0240000002	200	0	0
-12.7189999	6.90229988	0.0460000001	200	0	0
-12.7209997	6.90229988	-0.0700000003	200	0	0
-12.717	6.90229988	-0.115000002	200	0	0
-12.7229996	6.90229988	-0.0930000022	200	0	0
-12.7220001	6.90229988	-0.138999999	200	0	0
-12.7119999	6.90240002	-0.0909999982	200	0	0
-12.7250004	6.90240002	-0.116999999	200	0	0
-12.7150002	6.90240002	-0.0689999983	200	0	0
-12.7209997	6.90250015	-0.0949999988	200	0	0
-12.7159996	6.90240002	0.023	200	0	0
-12.7180004	6.90240002	-0.023	200	0	0
-12.7250004	6.90240002	-0.00100000005	200	0	0
-12.7220001	6.90260029	-0.118000001	200	0	0
-12.7220001	6.90260029	-0.0719999969	200	0	0
-12.7189999	6.90260029	-0.0949999988	200	0	0
-12.7279997	6.90250015	-0.119999997	200	0	0
-12.7139997	6.90250015	-0.0700000003	200	0	0
-12.7080002	6.90250015	0	200	0	0
-12.71	6.90250015	-0.0240000002	200	0	0
-12.7259998	6.90260029	-0.142000005	200	0	0
-12.7189999	6.90270042	-0.118000001	200	0	0
-12.7180004	6.90270042	-0.0710000023	200	0	0
-12.7069998	6.90270042	-0.0920000002	200	0	0
-12.7119999	6.90250015	0.0219999999	200	0	0
-12.7309999	6.90240002	0.0430000015	200	0	0
-12.724	6.90250015	0.0430000015	200	0	0
-12.7510004	6.90229988	0.0860000029	200	0	0
-12.7220001	6.90260029	0.0430000015	200	0	0
-12.7189999	6.90260029	-0.0250000004	200	0	0
-12.7159996	6.90260029	0.0209999997	200	0	0
-12.7229996	6.90260029	-0.00300000003	200	0	0
-12.7200003	6.90280104	-0.0250000004	200	0	0
-12.7200003	6.90280104	0.0199999996	200	0	0
-12.7270002	6.90270042	0.0419999994	200	0	0
-12.7159996	6.90280104	-0.00200000009	200	0	0
-12.7159996	6.90270042	0.0209999997	200	0	0
-12.7209997	6.90270042	-0.0260000005	200	0	0
-12.7250004	6.90270042	-0.00400000019	200	0	0
-12.7259998	6.90280104	-0.0960000008	200	0	0
-12.7119999	6.90280104	-0.115999997	200	0	0
-12.7139997	6.90289974	-0.0700000003	200	0	0
-12.7080002	6.90280104	-0.0689999983	200	0	0
-12.7220001	6.90289974	-0.141000003	200	0	0
-12.724	6.90289974	-0.0949999988	200	0	0
-12.7189999	6.90289974	-0.118000001	200	0	0
-12.717	6.90289974	-0.00200000009	200	0	0
-12.7080002	6.90289974	-0.023	200	0	0
-12.7159996	6.90289974	0.0439999998	200	0	0
-12.7060003	6.90289974	0.023	200	0	0
-12.7200003	6.90299988	-0.118000001	200	0	0
-12.7080002	6.90299988	-0.0689999983	200	0	0
-12.7180004	6.90310001	-0.140000001	200	0	0
-12.7189999	6.90310001	-0.0939999968	200	0	0
-12.7089996	6.90310001	-0.115000002	200	0	0
-12.71	6.90299988	-0.0920000002	200	0	0
-12.7159996	6.90299988	-0.0240000002	200	0	0
-12.7110004	6.90310001	-0.0689999983	200	0	0
-12.7069998	6.90310001	0	200	0	0
-12.71	6.90299988	0.023	200	0	0
-12.7110004	6.90310001	-0.023	200	0	0
-12.7150002	6.90299988	-0.00100000005	200	0	0
-12.7279997	6.90299988	0.0419999994	200	0	0
-12.71	6.90320015	0.023	200	0	0
-12.7130003	6.90320015	-0.0240000002	200	0	0
-12.7209997	6.90310001	0.0439999998	200	0	0
-12.7119999	6.90320015	-0.00100000005	200	0	0
-12.7139997	6.90310001	0.0219999999	200	0	0
-12.7309999	6.90320015	0.0419999994	200	0	0
-12.7110004	6.90320015	-0.0920000002	200	0	0
-12.71	6.90320015	-0.0689999983	200	0	0
-12.7130003	6.90320015	-0.115999997	200	0	0
-12.7080002	6.90330029	-0.0659999996	200	0	0
-12.7139997	6.90330029	-0.114	200	0	0
-12.7089996	6.90330029	-0.0900000036	200	0	0
-12.7159996	6.90330029	-0.136999995	200	0	0
-12.7209997	6.9034009	-0.137999997	200	0	0
-12.7049999	6.9034009	-0.0659999996	200	0	0
-12.7119999	6.9034009	-0.112999998	200	0	0
-12.7069998	6.9034009	-0.0890000015	200	0	0
-12.7110004	6.90330029	0.0480000004	200	0	0
-12.7080002	6.90330029	0.00300000003	200	0	0
-12.7189999	6.90330029	0.0240000002	200	0	0
-12.7180004	6.90330029	-0.0219999999	200	0	0
-12.7019997	6.9034996	-0.0860000029	200	0	0
-12.7049999	6.9034996	-0.108999997	200	0	0
-12.7159996	6.9034996	-0.135000005	200	0	0
-12.7189999	6.9034009	-0.0219999999	200	0	0
-12.7119999	6.9034996	-0.0649999976	200	0	0
-12.7119999	6.9034009	0.0250000004	200	0	0
-12.7119999	6.9034009	0.00200000009	200	0	0
-12.717	6.90359974	-0.0890000015	200	0	0
-12.7119999	6.90359974	-0.134000003	200	0	0
-12.7049999	6.90359974	-0.108999997	200	0	0
-12.7139997	6.9034996	-0.0189999994	200	0	0
-12.7019997	6.90359974	-0.063000001	200	0	0
-12.7270002	6.9034009	0.0450000018	200	0	0
-12.7180004	6.9034996	0.00300000003	200	0	0
-12.7539997	6.9034009	0.0860000029	200	0	0
-12.7060003	6.9034996	0.0280000009	200	0	0
-12.7119999	6.9034996	0.0500000007	200	0	0
-12.7119999	6.90359974	0.0270000007	200	0	0
-12.71	6.90369987	0.00499999989	200	0	0
-12.71	6.90369987	-0.0179999992	200	0	0
-12.71	6.90359974	0.00499999989	200	0	0
-12.71	6.90359974	-0.0179999992	200	0	0
-12.7250004	6.90369987	0.0480000004	200	0	0
-12.7069998	6.90369987	0.0280000009	200	0	0
-12.7279997	6.90359974	0.0469999984	200	0	0
-12.7550001	6.9034996	0.0879999995	200	0	0
-12.717	6.90369987	-0.135000005	200	0	0
-12.7060003	6.90369987	-0.0860000029	200	0	0
-12.717	6.90369987	-0.112000003	200	0	0
-12.7089996	6.90380001	-0.109999999	200	0	0
-12.7110004	6.90380001	-0.0869999975	200	0	0
-12.7069998	6.90380001	-0.064000003	200	0	0
-12.7089996	6.90380001	0.0280000009	200	0	0
-12.7110004	6.90380001	-0.0179999992	200	0	0
-12.717	6.90380001	0.00400000019	200	0	0
-12.7489996	6.90369987	0.0890000015	200	0	0
-12.7030001	6.90380001	0.0520000011	200	0	0
-12.7519999	6.90359974	0.0890000015	200	0	0
-12.7080002	6.90390015	-0.0839999989	200	0	0
-12.7130003	6.90390015	-0.108999997	200	0	0
-12.7010002	6.90390015	-0.0599999987	200	0	0
-12.7139997	6.90400076	-0.108999997	200	0	0
-12.7119999	6.90400076	-0.130999997	200	0	0
-12.7040005	6.90400076	-0.0610000007	200	0	0
-12.7080002	6.90400076	-0.0839999989	200	0	0
-12.7010002	6.90390015	0.00899999961	200	0	0
-12.717	6.90390015	-0.0170000009	200	0	0
-12.7270002	6.90390015	0.0500000007	200	0	0
-12.7139997	6.90400076	0.0289999992	200	0	0
-12.7069998	6.90400076	-0.0149999997	200	0	0
-12.7200003	6.90400076	0.00499999989	200	0	0
-12.7040005	6.90390015	0.0309999995	200	0	0
-12.7060003	6.90409994	-0.0149999997	200	0	0
-12.7180004	6.90409994	0.0520000011	200	0	0
-12.7139997	6.90409994	0.00700000022	200	0	0
-12.7030001	6.90409994	0.0320000015	200	0	0
-12.7089996	6.90400076	0.0529999994	200	0	0
-12.71	6.90409994	-0.061999999	200	0	0
-12.7159996	6.90409994	-0.131999999	200	0	0
-12.717	6.90409994	-0.108999997	200	0	0
-12.7040005	6.90409994	-0.0839999989	200	0	0
-12.7030001	6.9041996	-0.105999999	200	0	0
-12.7130003	6.9041996	-0.0850000009	200	0	0
-12.7150002	6.9041996	-0.063000001	200	0	0
-12.7089996	6.90429974	-0.108000003	200	0	0
-12.7180004	6.90429974	-0.133000001	200	0	0
-12.7119999	6.9041996	-0.0160000008	200	0	0
-12.7150002	6.90429974	-0.0860000029	200	0	0
-12.7159996	6.90429974	-0.063000001	200	0	0
-12.7089996	6.9041996	0.00800000038	200	0	0
-12.7370005	6.90409994	0.0939999968	200	0	0
-12.7089996	6.9041996	0.0299999993	200	0	0
-12.7030001	6.9041996	0.0540000014	200	0	0
-12.6990004	6.90439987	-0.057	200	0	0
-12.7159996	6.90439987	-0.107000001	200	0	0
-12.7150002	6.90439987	-0.0829999968	200	0	0
-12.71	6.90429974	0.00700000022	200	0	0
-12.7110004	6.90429974	-0.0160000008	200	0	0
-12.7080002	6.90429974	0.0540000014	200	0	0
-12.7089996	6.90450001	-0.0590000004	200	0	0
-12.7159996	6.90450001	-0.107000001	200	0	0
-12.7060003	6.90450001	-0.0820000023	200	0	0
-12.7010002	6.90439987	0.0109999999	200	0	0
-12.7130003	6.90439987	-0.0140000004	200	0	0
-12.7110004	6.9041996	0.0989999995	200	0	0
-12.7060003	6.90439987	0.0329999998	200	0	0
-12.7449999	6.90429974	0.0920000002	200	0	0
-12.7040005	6.90439987	0.057	200	0	0
-12.7119999	6.90450001	-0.0140000004	200	0	0
-12.7229996	6.90450001	0.0529999994	200	0	0
-12.698	6.90450001	0.0120000001	200	0	0
-12.7060003	6.90450001	0.0329999998	200	0	0
-12.7040005	6.90460014	0.0340000018	200	0	0
-12.6929998	6.90460014	0.0130000003	200	0	0
-12.7049999	6.90460014	-0.0120000001	200	0	0
-12.6990004	6.90460014	-0.057	200	0	0
-12.7399998	6.90450001	0.0960000008	200	0	0
-12.7189999	6.90439987	0.100000001	200	0	0
-12.7270002	6.90460014	-0.108999997	200	0	0
-12.7049999	6.90460014	-0.0810000002	200	0	0
-12.7139997	6.9046998	-0.0810000002	200	0	0
-12.7089996	6.9046998	-0.103	200	0	0
-12.698	6.9046998	-0.0540000014	200	0	0
-12.7089996	6.9046998	-0.0109999999	200	0	0
-12.7069998	6.9046998	0.0579999983	200	0	0
-12.7200003	6.9046998	0.00999999978	200	0	0
-12.7060003	6.9046998	0.0359999985	200	0	0
-12.7019997	6.90479994	-0.0549999997	200	0	0
-12.7060003	6.90479994	-0.101999998	200	0	0
-12.7019997	6.90479994	-0.0780000016	200	0	0
-12.717	6.90490007	-0.0810000002	200	0	0
-12.7040005	6.90490007	-0.101999998	200	0	0
-12.7139997	6.90479994	-0.0120000001	200	0	0
-12.6990004	6.90490007	-0.0549999997	200	0	0
-12.7060003	6.90479994	0.0359999985	200	0	0
-12.7049999	6.90479994	0.0130000003	200	0	0
-12.7449999	6.9046998	0.0970000029	200	0	0
-12.7150002	6.90479994	0.057	200	0	0
-12.7040005	6.90490007	-0.00999999978	200	0	0
-12.7089996	6.90490007	0.0579999983	200	0	0
-12.7069998	6.90490007	0.0130000003	200	0	0
-12.7060003	6.90490007	0.0359999985	200	0	0
-12.6999998	6.90500021	-0.0520000011	200	0	0
-12.7019997	6.90500021	0.0160000008	200	0	0
-12.7019997	6.90500021	-0.00700000022	200	0	0
-12.6879997	6.90500021	0.0419999994	200	0	0
-12.6899996	6.90500021	0.064000003	200	0	0
-12.7290001	6.90490007	0.100000001	200	0	0
-12.71	6.90500021	-0.101000004	200	0	0
-12.7040005	6.90500021	-0.0759999976	200	0	0
-12.7130003	6.90509987	0.0599999987	200	0	0
-12.7370005	6.90509987	0.101000004	200	0	0
