-14.4530001	69911	1.90400004	200	0	0
-14.4849997	69920	1.90199995	200	0	0
-14.4729996	69920	1.92799997	200	0	0
-14.4899998	69918	1.95299995	200	0	0
-14.4860001	69919	1.87699997	200	0	0
-14.4840002	69914	1.82599998	200	0	0
-14.4840002	69919	1.92700005	200	0	0
-14.4829998	69919	1.90199995	200	0	0
-14.4799995	69913	1.82700002	200	0	0
-14.4799995	69918	1.87699997	200	0	0
-14.4709997	69912	1.82700002	200	0	0
-14.4910002	69918	1.90199995	200	0	0
-14.4820004	69918	1.92799997	200	0	0
-14.4689999	69914	1.95299995	200	0	0
-14.4779997	69912	1.95299995	200	0	0
-14.4709997	69913	1.95299995	200	0	0
-14.4849997	69913	1.87699997	200	0	0
-14.4849997	69913	1.92799997	200	0	0
-14.4910002	69912	1.90199995	200	0	0
-14.4820004	69912	1.92799997	200	0	0
-14.4720001	69912	1.87699997	200	0	0
-14.4759998	69913	1.903	200	0	0
-14.4530001	69911	1.90400004	200	0	0
-14.5	69918	1.82599998	200	0	0
-14.4989996	69926	1.95000005	200	0	0
-14.5	69920	1.82599998	200	0	0
-14.4870005	69919	1.82599998	200	0	0
-14.5010004	69921	1.95200002	200	0	0
-14.4879999	69919	1.95299995	200	0	0
-14.493	69920	1.95200002	200	0	0
-14.4919996	69920	1.87699997	200	0	0
-14.5059996	69926	2	200	0	0
-14.493	69914	2.00300002	200	0	0
-14.4969997	69919	2.00300002	200	0	0
-14.4729996	69918	2.00399995	200	0	0
-14.4779997	69920	2.00300002	200	0	0
-14.4630003	69913	2.02900004	200	0	0
-14.4779997	69914	2.02900004	200	0	0
-14.467	69912	2.00399995	200	0	0
-14.4940004	69920	2.02800012	200	0	0
-14.4779997	69918	2.02900004	200	0	0
-14.4899998	69919	2.02800012	200	0	0
-14.4829998	69913	2.00300002	200	0	0
-14.4759998	69913	1.801	200	0	0
-14.5129995	69926	1.82200003	200	0	0
-14.4899998	69914	1.801	200	0	0
-14.4969997	69920	1.79999995	200	0	0
-14.4849997	69918	1.801	200	0	0
-14.4829998	69919	1.801	200	0	0
-14.4910002	69920	1.75	200	0	0
-14.4940004	69919	1.75	200	0	0
-14.4899998	69918	1.75	200	0	0
-14.4919996	69920	1.77499998	200	0	0
-14.4820004	69912	1.75100005	200	0	0
-14.4709997	69913	1.75100005	200	0	0
-14.493	69914	1.75	200	0	0
-14.493	69919	1.77499998	200	0	0
-14.4779997	69918	1.77600002	200	0	0
-14.4680004	69912	1.77699995	200	0	0
-14.4650002	69914	1.77699995	200	0	0
-14.4720001	69913	1.77600002	200	0	0
-14.4750004	69911	1.801	200	0	0
-14.4759998	69912	1.801	200	0	0
-14.4440002	69912	2.02999997	200	0	0
-14.5129995	69926	1.79700005	200	0	0
-14.5279999	69931	1.87199998	200	0	0
-14.5360003	69933	1.89699996	200	0	0
-14.5190001	69931	2.0250001	200	0	0
-14.54	69932	1.89699996	200	0	0
-14.5360003	69934.0078	1.94799995	200	0	0
-14.5240002	69934.0078	1.92299998	200	0	0
-14.5200005	69933	1.99899995	200	0	0
-14.54	69932	1.99899995	200	0	0
-14.5279999	69933	1.92299998	200	0	0
-14.5369997	69933	1.94799995	200	0	0
-14.5290003	69931	1.898	200	0	0
-14.5039997	69926	2.0250001	200	0	0
-14.5150003	69931	2	200	0	0
-14.5220003	69932	1.92299998	200	0	0
-14.5200005	69932	1.949	200	0	0
-14.5349998	69931	1.94799995	200	0	0
-14.5190001	69931	1.92299998	200	0	0
-14.5380001	69930	1.94799995	200	0	0
-14.4989996	69926	1.74699998	200	0	0
-14.5380001	69935	1.99899995	200	0	0
-14.5240002	69931	2.07500005	200	0	0
-14.4940004	69919	2.0539999	200	0	0
-14.5290003	69933	2.04999995	200	0	0
-14.5349998	69934.0078	2.02399993	200	0	0
-14.5439997	69932	2.04900002	200	0	0
-14.4809999	69920	2.0539999	200	0	0
-14.5150003	69926	2.07599998	200	0	0
-14.5229998	69933	2.0250001	200	0	0
-14.5229998	69931	2.04999995	200	0	0
-14.5279999	69932	2.0250001	200	0	0
-14.5089998	69926	2.05100012	200	0	0
-14.4919996	69920	2.079	200	0	0
-14.4949999	69919	2.079	200	0	0
-14.4890003	69918	2.079	200	0	0
-14.4630003	69912	2.07999992	200	0	0
-14.4659996	69913	2.07999992	200	0	0
-14.4989996	69914	2.079	200	0	0
-14.4700003	69918	2.0539999	200	0	0
-14.4639997	69912	2.05500007	200	0	0
-14.4680004	69913	2.0539999	200	0	0
-14.4729996	69914	2.0539999	200	0	0
-14.5459995	69935	1.79499996	200	0	0
-14.5389996	69934.0078	1.87199998	200	0	0
-14.5380001	69935	1.82099998	200	0	0
-14.5450001	69933	1.76999998	200	0	0
-14.5430002	69933	1.87199998	200	0	0
-14.5129995	69931	1.74600005	200	0	0
-14.533	69934.0078	1.796	200	0	0
-14.54	69934.0078	1.82099998	200	0	0
-14.5139999	69929	1.74600005	200	0	0
-14.5340004	69932	1.77100003	200	0	0
-14.5229998	69932	1.87300003	200	0	0
-14.5380001	69933	1.796	200	0	0
-14.4919996	69927	1.74699998	200	0	0
-14.5410004	69933	1.82099998	200	0	0
-14.5190001	69931	1.77100003	200	0	0
-14.526	69932	1.796	200	0	0
-14.5249996	69932	1.82200003	200	0	0
-14.5310001	69931	1.796	200	0	0
-14.5190001	69931	1.82200003	200	0	0
-14.5010004	69926	1.671	200	0	0
-14.4759998	69912	1.70000005	200	0	0
-14.5190001	69927	1.69500005	200	0	0
-14.5050001	69926	1.69599998	200	0	0
-14.4919996	69914	1.699	200	0	0
-14.4940004	69918	1.67400002	200	0	0
-14.4899998	69919	1.67400002	200	0	0
-14.4949999	69920	1.67400002	200	0	0
-14.5010004	69918	1.699	200	0	0
-14.4980001	69919	1.699	200	0	0
-14.4870005	69920	1.70000005	200	0	0
-14.4729996	69913	1.67499995	200	0	0
-14.4560003	69914	1.676	200	0	0
-14.4790001	69912	1.67499995	200	0	0
-14.5369997	69935	1.76999998	200	0	0
-14.5509996	69934.0078	1.76999998	200	0	0
-14.5360003	69932	1.745	200	0	0
-14.5500002	69937	1.94799995	200	0	0
-14.54	69937	1.796	200	0	0
-14.5620003	69940.0078	1.86899996	200	0	0
-14.5509996	69936	1.94799995	200	0	0
-14.5450001	69936	1.79499996	200	0	0
-14.5500002	69935	1.94799995	200	0	0
-14.54	69938	1.81900001	200	0	0
-14.5489998	69938	1.91999996	200	0	0
-14.5530005	69939	1.86899996	200	0	0
-14.5290003	69939	1.89499998	200	0	0
-14.5509996	69937	1.82099998	200	0	0
-14.5620003	69938	1.89400005	200	0	0
-14.5430002	69937	1.92299998	200	0	0
-14.5430002	69936	1.82099998	200	0	0
-14.5410004	69936	1.92299998	200	0	0
-14.5439997	69938	1.86899996	200	0	0
-14.5469999	69937	1.89699996	200	0	0
-14.5419998	69935	1.92299998	200	0	0
-14.5480003	69937	1.87199998	200	0	0
-14.5439997	69936	1.89699996	200	0	0
-14.5419998	69936	1.87199998	200	0	0
-14.54	69935	1.89699996	200	0	0
-14.5430002	69935	1.87199998	200	0	0
-14.54	69934.0078	1.89699996	200	0	0
-14.5670004	69942	1.86800003	200	0	0
-14.5539999	69942	1.89400005	200	0	0
-14.5270004	69941	1.87	200	0	0
-14.5570002	69941	1.89400005	200	0	0
-14.5559998	69939	1.94500005	200	0	0
-14.566	69940.0078	1.89400005	200	0	0
-14.5620003	69938	1.94500005	200	0	0
-14.5679998	69939	1.91900003	200	0	0
-14.5530005	69939	2.07200003	200	0	0
-14.5620003	69939	1.99600005	200	0	0
-14.5629997	69939	2.046	200	0	0
-14.5489998	69938	2.07200003	200	0	0
-14.5480003	69939	2.02099991	200	0	0
-14.5570002	69938	1.99600005	200	0	0
-14.5509996	69938	2.04699993	200	0	0
-14.5570002	69938	2.02099991	200	0	0
-14.5340004	69937	2.07500005	200	0	0
-14.5509996	69937	1.99800003	200	0	0
-14.5299997	69936	2.07500005	200	0	0
-14.5550003	69937	2.02399993	200	0	0
-14.5439997	69937	2.04900002	200	0	0
-14.5530005	69936	1.99800003	200	0	0
-14.5270004	69935	2.07500005	200	0	0
-14.5459995	69936	2.04900002	200	0	0
-14.5380001	69934.0078	2.07500005	200	0	0
-14.5319996	69933	2.07500005	200	0	0
-14.5340004	69932	2.07500005	200	0	0
-14.5270004	69936	2.0250001	200	0	0
-14.5360003	69935	2.04999995	200	0	0
-14.5430002	69935	2.02399993	200	0	0
-14.5439997	69934.0078	2.04900002	200	0	0
-14.5629997	69940.0078	2.02099991	200	0	0
-14.5609999	69942	1.99600005	200	0	0
-14.5489998	69941	1.99600005	200	0	0
-14.5609999	69940.0078	1.99600005	200	0	0
-14.5550003	69941	2.04699993	200	0	0
-14.5600004	69940.0078	2.04699993	200	0	0
-14.5550003	69941	2.02099991	200	0	0
-14.5249996	69931	1.66900003	200	0	0
-14.5509996	69934.0078	1.74399996	200	0	0
-14.5310001	69930	1.66900003	200	0	0
-14.5270004	69933	1.69500005	200	0	0
-14.5430002	69932	1.69400001	200	0	0
-14.5270004	69929	1.66900003	200	0	0
-14.526	69928.0078	1.66900003	200	0	0
-14.4960003	69927	1.671	200	0	0
-14.5240002	69931	1.69500005	200	0	0
-14.5380001	69929	1.69400001	200	0	0
-14.5290003	69930	1.69500005	200	0	0
-14.533	69928.0078	1.69500005	200	0	0
-14.559	69941	2.07200003	200	0	0
-14.559	69943	2.04699993	200	0	0
-14.5620003	69940.0078	2.07200003	200	0	0
-14.5740004	69943	2.02099991	200	0	0
-14.5609999	69942	2.046	200	0	0
-14.5690002	69942	2.02099991	200	0	0
-14.5369997	69939	2.12299991	200	0	0
-14.5220003	69926	2.15199995	200	0	0
-14.5310001	69936	2.15100002	200	0	0
-14.5559998	69938	2.12299991	200	0	0
-14.5419998	69935	2.15100002	200	0	0
-14.5279999	69934.0078	2.15100002	200	0	0
-14.5419998	69937	2.12599993	200	0	0
-14.5340004	69933	2.15100002	200	0	0
-14.5139999	69932	2.15199995	200	0	0
-14.5570002	69936	2.125	200	0	0
-14.5229998	69931	2.15100002	200	0	0
-14.5240002	69926	2.12599993	200	0	0
-14.5509996	69935	2.125	200	0	0
-14.5310001	69934.0078	2.12599993	200	0	0
-14.5270004	69933	2.12599993	200	0	0
-14.5299997	69932	2.12599993	200	0	0
-14.526	69931	2.12599993	200	0	0
-14.4809999	69913	2.13000011	200	0	0
-14.4700003	69914	2.13000011	200	0	0
-14.4870005	69918	2.13000011	200	0	0
-14.4910002	69920	2.12899995	200	0	0
-14.4899998	69919	2.12899995	200	0	0
-14.5480003	69942	2.07200003	200	0	0
-14.4700003	69914	2.15499997	200	0	0
-14.4720001	69912	2.13000011	200	0	0
-14.4899998	69918	2.15499997	200	0	0
-14.4890003	69919	2.15499997	200	0	0
-14.4910002	69920	2.15499997	200	0	0
-14.4799995	69913	2.15499997	200	0	0
-14.4589996	69912	2.1559999	200	0	0
-14.5699997	69943	1.74100006	200	0	0
-14.5719995	69944	1.76600003	200	0	0
-14.5760002	69944	1.81700003	200	0	0
-14.5699997	69944	1.79200006	200	0	0
-14.5629997	69942	1.74100006	200	0	0
-14.5640001	69943	1.76699996	200	0	0
-14.5530005	69943	1.81799996	200	0	0
-14.5679998	69943	1.79200006	200	0	0
-14.5609999	69941	1.74100006	200	0	0
-14.5640001	69942	1.76699996	200	0	0
-14.5649996	69942	1.81700003	200	0	0
-14.5620003	69940.0078	1.74100006	200	0	0
-14.5600004	69942	1.79200006	200	0	0
-14.5609999	69939	1.74100006	200	0	0
-14.5600004	69941	1.76699996	200	0	0
-14.5600004	69941	1.81799996	200	0	0
-14.5620003	69941	1.79200006	200	0	0
-14.5419998	69938	1.74199998	200	0	0
-14.5620003	69940.0078	1.76699996	200	0	0
-14.5649996	69940.0078	1.81700003	200	0	0
-14.5380001	69937	1.745	200	0	0
-14.5620003	69940.0078	1.79200006	200	0	0
-14.5469999	69936	1.74399996	200	0	0
-14.5459995	69935	1.745	200	0	0
-14.5640001	69939	1.81799996	200	0	0
-14.5530005	69939	1.76699996	200	0	0
-14.5340004	69938	1.76800001	200	0	0
-14.5570002	69937	1.76900005	200	0	0
-14.559	69936	1.76900005	200	0	0
-14.5450001	69938	1.79299998	200	0	0
-14.5629997	69943	1.86800003	200	0	0
-14.5380001	69939	1.69200003	200	0	0
-14.5570002	69938	1.69099998	200	0	0
-14.5489998	69937	1.69400001	200	0	0
-14.552	69936	1.69299996	200	0	0
-14.5579996	69935	1.69299996	200	0	0
-14.5530005	69934.0078	1.69299996	200	0	0
-14.5360003	69936	1.66900003	200	0	0
-14.5430002	69935	1.66799998	200	0	0
-14.5469999	69934.0078	1.66799998	200	0	0
-14.5389996	69932	1.66900003	200	0	0
-14.5500002	69934.0078	1.64300001	200	0	0
-14.4770002	69918	1.62399995	200	0	0
-14.5380001	69933	1.61800003	200	0	0
-14.5500002	69933	1.64300001	200	0	0
-14.4899998	69919	1.62300003	200	0	0
-14.4899998	69918	1.64900005	200	0	0
-14.5120001	69932	1.61899996	200	0	0
-14.5419998	69932	1.64300001	200	0	0
-14.4980001	69920	1.62300003	200	0	0
-14.5170002	69931	1.61899996	200	0	0
-14.4960003	69919	1.648	200	0	0
-14.526	69930	1.61899996	200	0	0
-14.4860001	69920	1.64900005	200	0	0
-14.5229998	69931	1.64400005	200	0	0
-14.5089998	69929	1.62	200	0	0
-14.5089998	69928.0078	1.62	200	0	0
-14.5100002	69927	1.62	200	0	0
-14.5209999	69930	1.64400005	200	0	0
-14.5120001	69926	1.62	200	0	0
-14.5249996	69929	1.64400005	200	0	0
-14.5270004	69928.0078	1.64400005	200	0	0
-14.5209999	69926	1.64400005	200	0	0
-14.507	69927	1.64499998	200	0	0
-14.4949999	69914	1.62300003	200	0	0
-14.4680004	69913	1.625	200	0	0
-14.4729996	69912	1.62399995	200	0	0
-14.4519997	69911	1.65100002	200	0	0
-14.4799995	69914	1.64900005	200	0	0
-14.4770002	69913	1.64999998	200	0	0
-14.4759998	69912	1.64999998	200	0	0
-14.5530005	69940.0078	1.69099998	200	0	0
-14.552	69937	1.66799998	200	0	0
-14.5769997	69946	1.91600001	200	0	0
-14.5839996	69945	1.99199998	200	0	0
-14.5679998	69946	1.94200003	200	0	0
-14.5860004	69944	1.995	200	0	0
-14.566	69944	1.89400005	200	0	0
-14.5530005	69945	1.94299996	200	0	0
-14.5790005	69944	1.94400001	200	0	0
-14.573	69944	1.74100006	200	0	0
-14.5710001	69945	1.76400006	200	0	0
-14.5559998	69945	1.78999996	200	0	0
-14.5760002	69948	1.81400001	200	0	0
-14.5900002	69948	1.91600001	200	0	0
-14.5860004	69949	1.88999999	200	0	0
-14.5769997	69949	1.86500001	200	0	0
-14.5640001	69947	1.81500006	200	0	0
-14.5889997	69948	1.88999999	200	0	0
-14.5629997	69947	1.91700006	200	0	0
-14.5830002	69948	1.86500001	200	0	0
-14.5830002	69947	1.89100003	200	0	0
-14.5629997	69947	1.86600006	200	0	0
-14.5719995	69944	1.86800003	200	0	0
-14.5670004	69947	1.78900003	200	0	0
-14.585	69946	1.78900003	200	0	0
-14.5749998	69947	1.94200003	200	0	0
-14.5670004	69948	1.78900003	200	0	0
-14.592	69948	1.94099998	200	0	0
-14.585	69951	1.88800001	200	0	0
-14.5649996	69950	1.91400003	200	0	0
-14.5860004	69951	1.86199999	200	0	0
-14.5699997	69949	1.81500006	200	0	0
-14.5760002	69949	1.91600001	200	0	0
-14.5810003	69950	1.88800001	200	0	0
-14.5819998	69950	1.86300004	200	0	0
-14.5819998	69951	1.91400003	200	0	0
-14.5810003	69949	1.94200003	200	0	0
-14.5790005	69945	2.01799989	200	0	0
-14.5740004	69947	1.99300003	200	0	0
-14.5830002	69944	2.01999998	200	0	0
-14.5830002	69946	1.99199998	200	0	0
-14.5780001	69947	2.01799989	200	0	0
-14.5830002	69948	2.04299998	200	0	0
-14.5740004	69947	2.11999989	200	0	0
-14.5640001	69945	2.14499998	200	0	0
-14.5629997	69944	2.148	200	0	0
-14.5760002	69946	2.01799989	200	0	0
-14.5670004	69948	2.06900001	200	0	0
-14.5810003	69946	2.11999989	200	0	0
-14.54	69943	2.14899993	200	0	0
-14.5719995	69947	2.04399991	200	0	0
-14.5810003	69947	2.06900001	200	0	0
-14.5459995	69942	2.148	200	0	0
-14.5500002	69937	2.15100002	200	0	0
-14.5790005	69945	2.11999989	200	0	0
-14.5310001	69940.0078	2.14899993	200	0	0
-14.5410004	69941	2.14899993	200	0	0
-14.5780001	69946	2.04299998	200	0	0
-14.5410004	69938	2.14899993	200	0	0
-14.5450001	69939	2.148	200	0	0
-14.5810003	69946	2.06900001	200	0	0
-14.5579996	69944	2.12299991	200	0	0
-14.5719995	69945	2.04399991	200	0	0
-14.5640001	69943	2.12299991	200	0	0
-14.573	69945	2.06900001	200	0	0
-14.5600004	69942	2.12299991	200	0	0
-14.5690002	69944	2.046	200	0	0
-14.5609999	69941	2.12299991	200	0	0
-14.5749998	69944	2.0710001	200	0	0
-14.5530005	69940.0078	2.12299991	200	0	0
-14.5539999	69943	2.07200003	200	0	0
-14.5799999	69948	2.01799989	200	0	0
-14.573	69948	1.99300003	200	0	0
-14.592	69949	2.04299998	200	0	0
-14.566	69949	1.99300003	200	0	0
-14.585	69949	2.01799989	200	0	0
-14.5939999	69950	2.03999996	200	0	0
-14.5799999	69951	2.0150001	200	0	0
-14.5740004	69951	1.99000001	200	0	0
-14.5799999	69950	2.0150001	200	0	0
-14.5699997	69950	1.99000001	200	0	0
-14.5699997	69950	2.06699991	200	0	0
-14.573	69949	2.06900001	200	0	0
-14.5570002	69940.0078	1.63999999	200	0	0
-14.5559998	69938	1.61399996	200	0	0
-14.5500002	69940.0078	1.66600001	200	0	0
-14.5670004	69939	1.66499996	200	0	0
-14.5489998	69939	1.63999999	200	0	0
-14.5489998	69937	1.61699998	200	0	0
-14.5649996	69938	1.66499996	200	0	0
-14.54	69938	1.64100003	200	0	0
-14.5489998	69936	1.61699998	200	0	0
-14.5469999	69935	1.61699998	200	0	0
-14.5469999	69937	1.64300001	200	0	0
-14.5500002	69934.0078	1.61699998	200	0	0
-14.5279999	69936	1.64400005	200	0	0
-14.552	69942	1.69099998	200	0	0
-14.5559998	69941	1.69099998	200	0	0
-14.5459995	69941	1.66600001	200	0	0
-14.5780001	69949	2.11999989	200	0	0
-14.5690002	69947	2.14499998	200	0	0
-14.5620003	69946	2.14599991	200	0	0
-14.5749998	69948	2.11999989	200	0	0
-14.5889997	69952	2.06599998	200	0	0
-14.585	69952	2.04099989	200	0	0
-14.5889997	69951	2.06599998	200	0	0
-14.5760002	69951	2.04099989	200	0	0
-14.5900002	69952	1.99000001	200	0	0
-14.5889997	69952	2.0150001	200	0	0
-14.5299997	69931	2.17700005	200	0	0
-14.5209999	69932	2.17700005	200	0	0
-14.4989996	69933	2.17700005	200	0	0
-14.5579996	69945	2.171	200	0	0
-14.5710001	69944	2.1730001	200	0	0
-14.5649996	69943	2.1730001	200	0	0
-14.5349998	69937	2.17600012	200	0	0
-14.559	69940.0078	2.17400002	200	0	0
-14.5480003	69941	2.17400002	200	0	0
-14.5369997	69939	2.17400002	200	0	0
-14.4969997	69918	2.20499992	200	0	0
-14.4910002	69919	2.20499992	200	0	0
-14.4960003	69920	2.20499992	200	0	0
-14.4940004	69919	2.18000007	200	0	0
-14.5100002	69920	2.18000007	200	0	0
-14.4729996	69914	2.20600009	200	0	0
-14.4809999	69912	2.20600009	200	0	0
-14.4580002	69912	2.18099999	200	0	0
-14.4639997	69914	2.18099999	200	0	0
-14.4779997	69913	2.18000007	200	0	0
-14.5799999	69950	2.1170001	200	0	0
-14.5780001	69949	1.66199994	200	0	0
-14.5930004	69952	1.75999999	200	0	0
-14.5979996	69952	1.73399997	200	0	0
-14.5900002	69951	1.78600001	200	0	0
-14.585	69950	1.68400002	200	0	0
-14.5780001	69947	1.66199994	200	0	0
-14.5819998	69946	1.66100001	200	0	0
-14.5819998	69950	1.78600001	200	0	0
-14.5810003	69945	1.66100001	200	0	0
-14.5760002	69951	1.76100004	200	0	0
-14.5760002	69949	1.68700004	200	0	0
-14.5769997	69951	1.73500001	200	0	0
-14.599	69950	1.75999999	200	0	0
-14.5649996	69949	1.78999996	200	0	0
-14.5629997	69942	1.66499996	200	0	0
-14.5690002	69944	1.66499996	200	0	0
-14.566	69943	1.66499996	200	0	0
-14.5819998	69950	1.73500001	200	0	0
-14.5780001	69947	1.68700004	200	0	0
-14.5640001	69949	1.76400006	200	0	0
-14.5760002	69946	1.68700004	200	0	0
-14.5790005	69949	1.73800004	200	0	0
-14.5679998	69945	1.68799996	200	0	0
-14.5799999	69948	1.76300001	200	0	0
-14.5690002	69944	1.69000006	200	0	0
-14.5640001	69943	1.69000006	200	0	0
-14.5679998	69948	1.73800004	200	0	0
-14.5839996	69947	1.76300001	200	0	0
-14.5869999	69946	1.76300001	200	0	0
-14.5719995	69947	1.73800004	200	0	0
-14.5860004	69946	1.73800004	200	0	0
-14.5649996	69945	1.73899996	200	0	0
-14.5889997	69953.0078	1.78600001	200	0	0
-14.5769997	69952	1.81200004	200	0	0
-14.5830002	69953.0078	1.76100004	200	0	0
-14.5839996	69951	1.81200004	200	0	0
-14.5839996	69952	1.78600001	200	0	0
-14.5889997	69950	1.81099999	200	0	0
-14.5839996	69952	1.86300004	200	0	0
-14.5900002	69953.0078	1.81099999	200	0	0
-14.585	69952	1.88800001	200	0	0
-14.5539999	69947	1.63699996	200	0	0
-14.5710001	69946	1.63600004	200	0	0
-14.5570002	69944	1.61399996	200	0	0
-14.5690002	69943	1.61399996	200	0	0
-14.5710001	69942	1.61300004	200	0	0
-14.5699997	69941	1.61399996	200	0	0
-14.5600004	69940.0078	1.61399996	200	0	0
-14.5579996	69939	1.61399996	200	0	0
-14.5559998	69944	1.63999999	200	0	0
-14.5609999	69942	1.63999999	200	0	0
-14.5129995	69929	1.56900001	200	0	0
-14.5570002	69939	1.56299996	200	0	0
-14.552	69938	1.56400001	200	0	0
-14.5279999	69930	1.56799996	200	0	0
-14.526	69931	1.56799996	200	0	0
-14.5419998	69937	1.56700003	200	0	0
-14.5179996	69934.0078	1.56799996	200	0	0
-14.5310001	69932	1.56700003	200	0	0
-14.5410004	69933	1.56700003	200	0	0
-14.5430002	69935	1.56700003	200	0	0
-14.4720001	69912	1.54900002	200	0	0
-14.4469995	69913	1.54999995	200	0	0
-14.474	69914	1.54799998	200	0	0
-14.4940004	69920	1.54700005	200	0	0
-14.4879999	69912	1.57299995	200	0	0
-14.493	69918	1.54700005	200	0	0
-14.4829998	69919	1.54799998	200	0	0
-14.4650002	69913	1.574	200	0	0
-14.4729996	69914	1.574	200	0	0
-14.4919996	69920	1.57299995	200	0	0
-14.4840002	69919	1.57299995	200	0	0
-14.4779997	69918	1.57299995	200	0	0
-14.5579996	69941	1.56299996	200	0	0
-14.5559998	69938	1.53799999	200	0	0
-14.507	69928.0078	1.54400003	200	0	0
-14.5050001	69926	1.56900001	200	0	0
-14.559	69940.0078	1.56299996	200	0	0
-14.5150003	69929	1.54299998	200	0	0
-14.5570002	69936	1.53999996	200	0	0
-14.5159998	69930	1.54299998	200	0	0
-14.507	69927	1.56900001	200	0	0
-14.5190001	69931	1.54299998	200	0	0
-14.5419998	69935	1.54100001	200	0	0
-14.5439997	69934.0078	1.54100001	200	0	0
-14.5299997	69932	1.54200006	200	0	0
-14.5389996	69933	1.54100001	200	0	0
-14.5109997	69928.0078	1.56900001	200	0	0
-14.4969997	69926	1.54400003	200	0	0
-14.4960003	69927	1.54400003	200	0	0
-14.5690002	69948	1.63699996	200	0	0
-14.5670004	69945	1.61099994	200	0	0
-14.5979996	69954	1.86199999	200	0	0
-14.6000004	69955	1.88699996	200	0	0
-14.5970001	69955	1.93799996	200	0	0
-14.6040001	69955	1.91299999	200	0	0
-14.6049995	69954	1.88699996	200	0	0
-14.5889997	69953.0078	1.86199999	200	0	0
-14.592	69954	1.93900001	200	0	0
-14.6020002	69954	1.91299999	200	0	0
-14.6029997	69953.0078	1.88699996	200	0	0
-14.5869999	69953.0078	1.93900001	200	0	0
-14.585	69953.0078	1.91299999	200	0	0
-14.5930004	69952	1.93900001	200	0	0
-14.5950003	69952	1.91299999	200	0	0
-14.5719995	69951	1.93900001	200	0	0
-14.5970001	69950	1.93799996	200	0	0
-14.6129999	69954	2.01399994	200	0	0
-14.5900002	69953.0078	2.04099989	200	0	0
-14.5939999	69954	1.98899996	200	0	0
-14.5790005	69953.0078	2.0150001	200	0	0
-14.5830002	69953.0078	1.99000001	200	0	0
-14.6059999	69953.0078	1.73399997	200	0	0
-14.5909996	69951	1.68400002	200	0	0
-14.6020002	69954	1.73399997	200	0	0
-14.6079998	69954	1.75899994	200	0	0
-14.6009998	69954	1.78499997	200	0	0
-14.5939999	69954	1.81099999	200	0	0
-14.6040001	69957	1.78499997	200	0	0
-14.5970001	69956	1.86199999	200	0	0
-14.6160002	69956	1.78499997	200	0	0
-14.5959997	69957	1.81099999	200	0	0
-14.6020002	69955	1.75999999	200	0	0
-14.6049995	69955	1.86199999	200	0	0
-14.6140003	69956	1.80999994	200	0	0
-14.6070004	69955	1.78499997	200	0	0
-14.5979996	69955	1.81099999	200	0	0
-14.6029997	69957	1.88699996	200	0	0
-14.5959997	69957	1.93900001	200	0	0
-14.5979996	69957	1.91299999	200	0	0
-14.6040001	69956	1.88699996	200	0	0
-14.6059999	69956	1.93799996	200	0	0
-14.5959997	69956	1.91299999	200	0	0
-14.6129999	69957	1.86099994	200	0	0
-14.6029997	69955	1.98899996	200	0	0
-14.5900002	69956	1.73500001	200	0	0
-14.6099997	69955	1.73399997	200	0	0
-14.6070004	69956	1.75999999	200	0	0
-14.5959997	69956	1.99000001	200	0	0
-14.6070004	69957	1.98899996	200	0	0
-14.5900002	69955	2.0150001	200	0	0
-14.5979996	69953.0078	2.06599998	200	0	0
-14.599	69954	2.03999996	200	0	0
-14.6029997	69955	2.03999996	200	0	0
-14.5970001	69956	2.0150001	200	0	0
-14.6020002	69955	2.06599998	200	0	0
-14.6009998	69956	2.03999996	200	0	0
-14.5889997	69954	2.06599998	200	0	0
-14.5909996	69954	2.1170001	200	0	0
-14.6029997	69957	2.06599998	200	0	0
-14.6079998	69957	2.03999996	200	0	0
-14.5649996	69953.0078	2.11800003	200	0	0
-14.5780001	69952	2.1170001	200	0	0
-14.5950003	69956	2.06599998	200	0	0
-14.5749998	69951	2.1170001	200	0	0
-14.6009998	69956	2.14199996	200	0	0
-14.5889997	69955	2.16799998	200	0	0
-14.5950003	69956	2.1170001	200	0	0
-14.5979996	69955	2.14199996	200	0	0
-14.5869999	69955	2.1170001	200	0	0
-14.6000004	69954	2.14199996	200	0	0
-14.585	69952	2.16799998	200	0	0
-14.5860004	69953.0078	2.14199996	200	0	0
-14.552	69948	2.171	200	0	0
-14.5749998	69952	2.14299989	200	0	0
-14.5780001	69947	2.171	200	0	0
-14.5749998	69951	2.14299989	200	0	0
-14.5760002	69950	2.14299989	200	0	0
-14.5719995	69949	2.14499998	200	0	0
-14.5819998	69948	2.14499998	200	0	0
-14.618	69957	2.01399994	200	0	0
-14.6120005	69957	2.11599994	200	0	0
-14.5880003	69949	1.61000001	200	0	0
-14.5860004	69945	1.55900002	200	0	0
-14.5869999	69949	1.63499999	200	0	0
-14.5860004	69948	1.61000001	200	0	0
-14.5690002	69944	1.56299996	200	0	0
-14.5629997	69943	1.56299996	200	0	0
-14.5620003	69942	1.56299996	200	0	0
-14.5780001	69947	1.61099994	200	0	0
-14.5860004	69946	1.61000001	200	0	0
-14.5749998	69946	1.55999994	200	0	0
-14.5570002	69944	1.53799999	200	0	0
-14.5699997	69943	1.53699994	200	0	0
-14.5609999	69942	1.53799999	200	0	0
-14.5600004	69941	1.53799999	200	0	0
-14.559	69940.0078	1.53799999	200	0	0
-14.5559998	69939	1.53799999	200	0	0
-14.5819998	69950	1.65900004	200	0	0
-14.6009998	69957	2.14199996	200	0	0
-14.5229998	69912	2.25500011	200	0	0
-14.5979996	69957	1.60699999	200	0	0
-14.6199999	69957	1.63100004	200	0	0
-14.5959997	69957	1.68400002	200	0	0
-14.6020002	69955	1.60699999	200	0	0
-14.5970001	69957	1.65799999	200	0	0
-14.6029997	69956	1.68299997	200	0	0
-14.592	69956	1.63300002	200	0	0
-14.5839996	69954	1.60800004	200	0	0
-14.5970001	69955	1.63199997	200	0	0
-14.6029997	69955	1.68299997	200	0	0
-14.592	69955	1.65799999	200	0	0
-14.5979996	69954	1.68299997	200	0	0
-14.5790005	69950	1.60800004	200	0	0
-14.599	69954	1.65799999	200	0	0
-14.5970001	69953.0078	1.68299997	200	0	0
-14.6040001	69953.0078	1.65799999	200	0	0
-14.5970001	69952	1.63199997	200	0	0
-14.5959997	69952	1.68299997	200	0	0
-14.5880003	69952	1.65799999	200	0	0
-14.5790005	69950	1.63300002	200	0	0
-14.5839996	69951	1.65900004	200	0	0
-14.6169996	69957	1.73399997	200	0	0
-14.6040001	69957	1.75999999	200	0	0
-14.585	69951	1.55700004	200	0	0
-14.5839996	69950	1.55700004	200	0	0
-14.5830002	69949	1.55900002	200	0	0
-14.5830002	69948	1.55900002	200	0	0
-14.5780001	69947	1.55999994	200	0	0
-14.5769997	69949	1.53400004	200	0	0
-14.5740004	69948	1.53400004	200	0	0
-14.5780001	69947	1.53400004	200	0	0
-14.5760002	69946	1.53400004	200	0	0
-14.5349998	69934.0078	1.49100006	200	0	0
-14.5369997	69933	1.49100006	200	0	0
-14.5450001	69935	1.51600003	200	0	0
-14.533	69932	1.49100006	200	0	0
-14.4910002	69926	1.49399996	200	0	0
-14.5500002	69934.0078	1.51499999	200	0	0
-14.5270004	69928.0078	1.49100006	200	0	0
-14.5129995	69931	1.49199998	200	0	0
-14.5059996	69927	1.49300003	200	0	0
-14.5319996	69932	1.51600003	200	0	0
-14.4899998	69926	1.51900005	200	0	0
-14.5190001	69931	1.51699996	200	0	0
-14.5	69927	1.51900005	200	0	0
-14.5279999	69929	1.51699996	200	0	0
-14.5089998	69930	1.51800001	200	0	0
-14.5139999	69928.0078	1.51800001	200	0	0
-14.5640001	69945	1.48399997	200	0	0
-14.5790005	69946	1.50800002	200	0	0
-14.5620003	69943	1.48699999	200	0	0
-14.5439997	69935	1.49000001	200	0	0
-14.5579996	69942	1.48699999	200	0	0
-14.5670004	69945	1.50899994	200	0	0
-14.552	69941	1.48699999	200	0	0
-14.5389996	69937	1.49100006	200	0	0
-14.5530005	69940.0078	1.48699999	200	0	0
-14.5450001	69938	1.48800004	200	0	0
-14.5539999	69939	1.48699999	200	0	0
-14.5719995	69944	1.51100004	200	0	0
-14.5640001	69943	1.51199996	200	0	0
-14.5640001	69942	1.51199996	200	0	0
-14.5629997	69941	1.51199996	200	0	0
-14.5459995	69938	1.51300001	200	0	0
-14.559	69940.0078	1.51199996	200	0	0
-14.5570002	69939	1.51199996	200	0	0
-14.4989996	69920	1.49600005	200	0	0
-14.5	69919	1.49600005	200	0	0
-14.5039997	69918	1.49600005	200	0	0
-14.4729996	69920	1.523	200	0	0
-14.4840002	69919	1.52199996	200	0	0
-14.4750004	69918	1.523	200	0	0
-14.4630003	69914	1.49800003	200	0	0
-14.4849997	69913	1.49699998	200	0	0
-14.4639997	69912	1.49800003	200	0	0
-14.5010004	69912	1.52100003	200	0	0
-14.4610004	69914	1.52400005	200	0	0
-14.4750004	69913	1.523	200	0	0
-14.5760002	69946	1.48300004	200	0	0
-14.5649996	69950	1.53199995	200	0	0
-14.5839996	69948	1.50800002	200	0	0
-14.592	69947	1.50699997	200	0	0
-14.573	69951	1.53199995	200	0	0
-14.5939999	69957	1.55599999	200	0	0
-14.5979996	69954	1.52999997	200	0	0
-14.5670004	69956	1.55799997	200	0	0
-14.5860004	69953.0078	1.53100002	200	0	0
-14.5950003	69955	1.55599999	200	0	0
-14.5780001	69951	1.48000002	200	0	0
-14.6000004	69953.0078	1.50399995	200	0	0
-14.5909996	69950	1.48000002	200	0	0
-14.5939999	69952	1.505	200	0	0
-14.5780001	69949	1.48300004	200	0	0
-14.592	69948	1.48199999	200	0	0
-14.5880003	69951	1.505	200	0	0
-14.5860004	69947	1.48199999	200	0	0
-14.599	69950	1.505	200	0	0
-14.5860004	69949	1.50800002	200	0	0
-14.5979996	69954	1.505	200	0	0
-14.6020002	69955	1.52999997	200	0	0
-14.6020002	69956	1.52999997	200	0	0
-14.6079998	69957	1.52999997	200	0	0
-14.6040001	69956	1.47899997	200	0	0
-14.6020002	69955	1.47899997	200	0	0
-14.6149998	69957	1.50399995	200	0	0
-14.6009998	69954	1.47899997	200	0	0
-14.5909996	69953.0078	1.48000002	200	0	0
-14.5909996	69952	1.48000002	200	0	0
-14.6049995	69956	1.50399995	200	0	0
-14.6070004	69955	1.50399995	200	0	0
-14.5129995	69928.0078	1.41600001	200	0	0
-14.5150003	69926	1.44099998	200	0	0
-14.5530005	69939	1.41100001	200	0	0
-14.5109997	69929	1.41600001	200	0	0
-14.5600004	69941	1.43599999	200	0	0
-14.5089998	69927	1.44200003	200	0	0
-14.5150003	69930	1.41600001	200	0	0
-14.5509996	69937	1.41299999	200	0	0
-14.5539999	69940.0078	1.43599999	200	0	0
-14.5039997	69928.0078	1.44200003	200	0	0
-14.5279999	69931	1.41499996	200	0	0
-14.5389996	69935	1.41400003	200	0	0
-14.5380001	69933	1.41400003	200	0	0
-14.526	69934.0078	1.41499996	200	0	0
-14.5530005	69939	1.43599999	200	0	0
-14.5100002	69929	1.44200003	200	0	0
-14.5539999	69938	1.43599999	200	0	0
-14.5039997	69930	1.44200003	200	0	0
-14.5600004	69937	1.43799996	200	0	0
-14.526	69931	1.44099998	200	0	0
-14.552	69936	1.43900001	200	0	0
-14.5270004	69932	1.44000006	200	0	0
-14.54	69933	1.44000006	200	0	0
-14.54	69935	1.44000006	200	0	0
-14.5129995	69925	1.44400001	200	0	0
-14.5059996	69926	1.41700006	200	0	0
-14.5089998	69927	1.41600001	200	0	0
-14.4870005	69920	1.421	200	0	0
-14.4890003	69918	1.44599998	200	0	0
-14.4860001	69921	1.421	200	0	0
-14.4820004	69919	1.44599998	200	0	0
-14.5059996	69923	1.41900003	200	0	0
-14.5109997	69925	1.41900003	200	0	0
-14.4849997	69920	1.44599998	200	0	0
-14.4969997	69924	1.41999996	200	0	0
-14.4860001	69921	1.44599998	200	0	0
-14.5159998	69923	1.44400001	200	0	0
-14.5880003	69950	1.403	200	0	0
-14.5959997	69952	1.42799997	200	0	0
-14.5579996	69940.0078	1.40999997	200	0	0
-14.5760002	69949	1.40600002	200	0	0
-14.5889997	69948	1.40499997	200	0	0
-14.5979996	69946	1.40499997	200	0	0
-14.5869999	69951	1.42900002	200	0	0
-14.5600004	69941	1.40999997	200	0	0
-14.5959997	69950	1.42799997	200	0	0
-14.5839996	69945	1.40600002	200	0	0
-14.5749998	69947	1.40699995	200	0	0
-14.5629997	69942	1.40999997	200	0	0
-14.5629997	69943	1.40999997	200	0	0
-14.5760002	69944	1.40900004	200	0	0
-14.5939999	69948	1.43099999	200	0	0
-14.5710001	69949	1.43200004	200	0	0
-14.5799999	69947	1.43200004	200	0	0
-14.5640001	69942	1.43499994	200	0	0
-14.5830002	69945	1.43099999	200	0	0
-14.5760002	69946	1.43200004	200	0	0
-14.5620003	69943	1.43599999	200	0	0
-14.5710001	69944	1.43499994	200	0	0
-14.4899998	69914	1.41999996	200	0	0
-14.474	69912	1.44700003	200	0	0
-14.4860001	69913	1.44599998	200	0	0
-14.5019999	69918	1.41900003	200	0	0
-14.4919996	69919	1.41999996	200	0	0
-14.4770002	69913	1.421	200	0	0
-14.4899998	69912	1.421	200	0	0
-14.599	69954	1.42799997	200	0	0
-14.5830002	69951	1.403	200	0	0
-14.5979996	69953.0078	1.42799997	200	0	0
-14.6059999	69957	1.47899997	200	0	0
-14.6040001	69956	1.40199995	200	0	0
-14.6040001	69955	1.40199995	200	0	0
-14.6149998	69957	1.42700005	200	0	0
-14.5979996	69954	1.40199995	200	0	0
-14.5889997	69953.0078	1.403	200	0	0
-14.6099997	69956	1.42700005	200	0	0
-14.5839996	69952	1.403	200	0	0
-14.5970001	69955	1.42799997	200	0	0
-14.6140003	69957	1.40100002	200	0	0
-14.54	69936	1.36300004	200	0	0
-14.4820004	69919	1.39600003	200	0	0
-14.5439997	69935	1.36300004	200	0	0
-14.4779997	69920	1.39600003	200	0	0
-14.5509996	69934.0078	1.36199999	200	0	0
-14.5489998	69935	1.38800001	200	0	0
-14.4910002	69922	1.36899996	200	0	0
-14.5419998	69933	1.36300004	200	0	0
-14.54	69932	1.36300004	200	0	0
-14.5360003	69934.0078	1.38900006	200	0	0
-14.5089998	69923	1.36800003	200	0	0
-14.5120001	69924	1.36800003	200	0	0
-14.5369997	69933	1.38900006	200	0	0
-14.5270004	69931	1.36399996	200	0	0
-14.4989996	69925	1.36899996	200	0	0
-14.4980001	69926	1.36600006	200	0	0
-14.5200005	69930	1.36500001	200	0	0
-14.5139999	69923	1.39300001	200	0	0
-14.5229998	69928.0078	1.36399996	200	0	0
-14.5209999	69927	1.36500001	200	0	0
-14.5159998	69929	1.36500001	200	0	0
-14.5290003	69932	1.38900006	200	0	0
-14.5129995	69924	1.39300001	200	0	0
-14.5340004	69931	1.38900006	200	0	0
-14.5190001	69925	1.39300001	200	0	0
-14.5100002	69926	1.39100003	200	0	0
-14.5129995	69930	1.39100003	200	0	0
-14.5139999	69927	1.39100003	200	0	0
-14.5129995	69929	1.39100003	200	0	0
-14.507	69928.0078	1.39100003	200	0	0
-14.4779997	69918	1.39600003	200	0	0
-14.5900002	69946	1.35399997	200	0	0
-14.5839996	69945	1.35500002	200	0	0
-14.585	69946	1.38	200	0	0
-14.5609999	69944	1.35899997	200	0	0
-14.5799999	69945	1.38100004	200	0	0
-14.5679998	69943	1.35800004	200	0	0
-14.5690002	69942	1.35800004	200	0	0
-14.5769997	69944	1.38300002	200	0	0
-14.5539999	69941	1.36000001	200	0	0
-14.5609999	69940.0078	1.35899997	200	0	0
-14.5600004	69938	1.35899997	200	0	0
-14.5419998	69937	1.36300004	200	0	0
-14.5719995	69943	1.38399994	200	0	0
-14.5509996	69939	1.36000001	200	0	0
-14.5649996	69942	1.38399994	200	0	0
-14.5579996	69941	1.38499999	200	0	0
-14.5559998	69937	1.38699996	200	0	0
-14.5450001	69938	1.38600004	200	0	0
-14.5539999	69940.0078	1.38499999	200	0	0
-14.5559998	69939	1.38499999	200	0	0
-14.5900002	69948	1.38	200	0	0
-14.4949999	69919	1.36899996	200	0	0
-14.4720001	69920	1.37100005	200	0	0
-14.5050001	69918	1.36800003	200	0	0
-14.4689999	69912	1.37100005	200	0	0
-14.46	69912	1.39699996	200	0	0
-14.4890003	69913	1.37	200	0	0
-14.4680004	69914	1.37100005	200	0	0
-14.4820004	69913	1.39600003	200	0	0
-14.4770002	69914	1.39600003	200	0	0
-14.5799999	69949	1.30400002	200	0	0
-14.6219997	69957	1.34899998	200	0	0
-14.6120005	69956	1.35000002	200	0	0
-14.6059999	69957	1.37600005	200	0	0
-14.6049995	69955	1.35099995	200	0	0
-14.6140003	69956	1.37600005	200	0	0
-14.6070004	69954	1.35000002	200	0	0
-14.6000004	69953.0078	1.35099995	200	0	0
-14.6070004	69955	1.37600005	200	0	0
-14.5869999	69947	1.35399997	200	0	0
-14.5880003	69952	1.352	200	0	0
-14.5959997	69950	1.35099995	200	0	0
-14.585	69948	1.35500002	200	0	0
-14.5900002	69951	1.352	200	0	0
-14.6029997	69954	1.37600005	200	0	0
-14.5830002	69949	1.35500002	200	0	0
-14.5950003	69953.0078	1.37699997	200	0	0
-14.5939999	69952	1.37699997	200	0	0
-14.5909996	69951	1.37699997	200	0	0
-14.5810003	69950	1.37800002	200	0	0
-14.5880003	69949	1.38	200	0	0
-14.5190001	69930	1.28799999	200	0	0
-14.5150003	69928.0078	1.31400001	200	0	0
-14.5550003	69941	1.28299999	200	0	0
-14.5629997	69943	1.30799997	200	0	0
-14.5559998	69940.0078	1.28299999	200	0	0
-14.526	69929	1.31299996	200	0	0
-14.5229998	69932	1.28799999	200	0	0
-14.5530005	69939	1.28299999	200	0	0
-14.5609999	69938	1.28199995	200	0	0
-14.5579996	69942	1.30799997	200	0	0
-14.5360003	69933	1.28699994	200	0	0
-14.5190001	69930	1.31400001	200	0	0
-14.552	69937	1.28600001	200	0	0
-14.5279999	69934.0078	1.28799999	200	0	0
-14.5640001	69941	1.30799997	200	0	0
-14.5419998	69935	1.28600001	200	0	0
-14.5439997	69936	1.28600001	200	0	0
-14.5139999	69931	1.31400001	200	0	0
-14.5539999	69940.0078	1.30799997	200	0	0
-14.5179996	69932	1.31400001	200	0	0
-14.5539999	69939	1.30799997	200	0	0
-14.5389996	69933	1.31200004	200	0	0
-14.5310001	69934.0078	1.31299996	200	0	0
-14.5459995	69935	1.31200004	200	0	0
-14.5439997	69937	1.31200004	200	0	0
-14.5439997	69936	1.31200004	200	0	0
-14.4960003	69925	1.31799996	200	0	0
-14.4779997	69913	1.32000005	200	0	0
-14.5010004	69924	1.31799996	200	0	0
-14.4840002	69914	1.31900001	200	0	0
-14.5019999	69923	1.31799996	200	0	0
-14.5109997	69921	1.31700003	200	0	0
-14.493	69919	1.31799996	200	0	0
-14.4899998	69920	1.31900001	200	0	0
-14.4879999	69918	1.31900001	200	0	0
-14.5209999	69929	1.28799999	200	0	0
-14.4870005	69926	1.31700003	200	0	0
-14.5249996	69928.0078	1.28799999	200	0	0
-14.507	69927	1.28900003	200	0	0
-14.5170002	69926	1.28900003	200	0	0
-14.4619999	69918	1.296	200	0	0
-14.5050001	69919	1.29200006	200	0	0
-14.4919996	69920	1.29299998	200	0	0
-14.4949999	69923	1.29299998	200	0	0
-14.4790001	69921	1.29400003	200	0	0
-14.4960003	69927	1.31599998	200	0	0
-14.474	69912	1.32000005	200	0	0
-14.5790005	69952	1.27600002	200	0	0
-14.6059999	69954	1.29900002	200	0	0
-14.5819998	69951	1.27600002	200	0	0
-14.6020002	69953.0078	1.29999995	200	0	0
-14.5539999	69942	1.28299999	200	0	0
-14.592	69950	1.27499998	200	0	0
-14.5620003	69943	1.28199995	200	0	0
-14.5769997	69949	1.27900004	200	0	0
-14.5970001	69952	1.29999995	200	0	0
-14.5869999	69948	1.278	200	0	0
-14.5699997	69944	1.28199995	200	0	0
-14.5810003	69947	1.278	200	0	0
-14.5740004	69946	1.27900004	200	0	0
-14.5930004	69951	1.29999995	200	0	0
-14.5769997	69950	1.30200005	200	0	0
-14.5600004	69947	1.30499995	200	0	0
-14.5769997	69948	1.30400002	200	0	0
-14.5670004	69945	1.30499995	200	0	0
-14.5749998	69946	1.30400002	200	0	0
-14.4709997	69913	1.29499996	200	0	0
-14.4720001	69914	1.29499996	200	0	0
-14.4840002	69912	1.29400003	200	0	0
-14.5550003	69941	1.25699997	200	0	0
-14.5629997	69943	1.23099995	200	0	0
-14.6079998	69956	1.24800003	200	0	0
-14.6009998	69953.0078	1.22300005	200	0	0
-14.6260004	69957	1.29799998	200	0	0
-14.6110001	69957	1.273	200	0	0
-14.5749998	69944	1.23000002	200	0	0
-14.5579996	69942	1.25699997	200	0	0
-14.573	69945	1.22800004	200	0	0
-14.5839996	69952	1.22399998	200	0	0
-14.6029997	69955	1.24800003	200	0	0
-14.5649996	69946	1.22800004	200	0	0
-14.5869999	69951	1.22399998	200	0	0
-14.5930004	69950	1.22300005	200	0	0
-14.5869999	69947	1.227	200	0	0
-14.6020002	69956	1.27400005	200	0	0
-14.5810003	69948	1.227	200	0	0
-14.5790005	69943	1.255	200	0	0
-14.5839996	69949	1.227	200	0	0
-14.6110001	69956	1.29900002	200	0	0
-14.5909996	69954	1.24899995	200	0	0
-14.6070004	69955	1.27400005	200	0	0
-14.5810003	69953.0078	1.25	200	0	0
-14.5620003	69945	1.25399995	200	0	0
-14.5979996	69955	1.29999995	200	0	0
-14.5780001	69952	1.25	200	0	0
-14.5880003	69946	1.25199997	200	0	0
-14.5950003	69954	1.27499998	200	0	0
-14.5909996	69951	1.24899995	200	0	0
-14.5950003	69950	1.24899995	200	0	0
-14.5810003	69947	1.25300002	200	0	0
-14.5769997	69948	1.25300002	200	0	0
-14.5780001	69949	1.25300002	200	0	0
-14.5880003	69953.0078	1.27499998	200	0	0
-14.5080004	69921	1.26600003	200	0	0
-14.5380001	69937	1.23599994	200	0	0
-14.5340004	69938	1.25899994	200	0	0
-14.4940004	69922	1.26800001	200	0	0
-14.5129995	69923	1.24000001	200	0	0
-14.5430002	69936	1.23500001	200	0	0
-14.5550003	69935	1.23399997	200	0	0
-14.5030003	69924	1.24100006	200	0	0
-14.4960003	69923	1.26699996	200	0	0
-14.5340004	69937	1.26199996	200	0	0
-14.5530005	69934.0078	1.23399997	200	0	0
-14.5480003	69936	1.25999999	200	0	0
-14.5500002	69933	1.23500001	200	0	0
-14.5109997	69926	1.23800004	200	0	0
-14.5439997	69932	1.23500001	200	0	0
-14.54	69935	1.26100004	200	0	0
-14.5290003	69927	1.23699999	200	0	0
-14.5080004	69925	1.26600003	200	0	0
-14.5019999	69928.0078	1.23899996	200	0	0
-14.4910002	69926	1.26499999	200	0	0
-14.54	69934.0078	1.26100004	200	0	0
-14.5050001	69929	1.23899996	200	0	0
-14.5349998	69933	1.26100004	200	0	0
-14.533	69932	1.26199996	200	0	0
-14.5150003	69928.0078	1.26300001	200	0	0
-14.5109997	69929	1.26400006	200	0	0
-14.5170002	69931	1.26300001	200	0	0
-14.5129995	69930	1.26300001	200	0	0
-14.4849997	69920	1.26800001	200	0	0
-14.5459995	69938	1.23300004	200	0	0
-14.5489998	69939	1.23199999	200	0	0
-14.5640001	69942	1.23099995	200	0	0
-14.5609999	69941	1.23099995	200	0	0
-14.5550003	69940.0078	1.23199999	200	0	0
-14.5550003	69939	1.25699997	200	0	0
-14.5640001	69940.0078	1.25699997	200	0	0
-14.5609999	69937	1.18299997	200	0	0
-14.4720001	69919	1.24399996	200	0	0
-14.4799995	69920	1.24300003	200	0	0
-14.4899998	69918	1.26800001	200	0	0
-14.4750004	69922	1.24399996	200	0	0
-14.493	69919	1.26800001	200	0	0
-14.4540005	69913	1.24600005	200	0	0
-14.4779997	69914	1.24300003	200	0	0
-14.4759998	69912	1.24399996	200	0	0
-14.4630003	69911	1.26999998	200	0	0
-14.4589996	69914	1.27100003	200	0	0
-14.4650002	69912	1.26999998	200	0	0
-14.4779997	69913	1.26900005	200	0	0
-14.6140003	69957	1.222	200	0	0
-14.6090002	69956	1.222	200	0	0
-14.6140003	69957	1.24699998	200	0	0
-14.6029997	69955	1.22300005	200	0	0
-14.6090002	69954	1.222	200	0	0
-14.5819998	69946	1.176	200	0	0
-14.5500002	69935	1.18400002	200	0	0
-14.5579996	69945	1.17799997	200	0	0
-14.5609999	69944	1.17999995	200	0	0
-14.5570002	69938	1.17999995	200	0	0
-14.5620003	69943	1.17999995	200	0	0
-14.559	69939	1.17999995	200	0	0
-14.5649996	69942	1.17999995	200	0	0
-14.5550003	69940.0078	1.18099999	200	0	0
-14.5480003	69941	1.18099999	200	0	0
-14.599	69950	1.17200005	200	0	0
-14.5790005	69948	1.14999998	200	0	0
-14.5600004	69937	1.15699995	200	0	0
-14.5430002	69938	1.15600002	200	0	0
-14.5780001	69947	1.14999998	200	0	0
-14.5830002	69946	1.14999998	200	0	0
-14.559	69939	1.15499997	200	0	0
-14.5799999	69945	1.14999998	200	0	0
-14.5769997	69949	1.176	200	0	0
-14.5799999	69943	1.153	200	0	0
-14.5469999	69941	1.15600002	200	0	0
-14.5860004	69948	1.17499995	200	0	0
-14.566	69942	1.15400004	200	0	0
-14.5679998	69947	1.17700005	200	0	0
-14.5909996	69951	1.17200005	200	0	0
-14.5950003	69952	1.17200005	200	0	0
-14.6009998	69953.0078	1.17200005	200	0	0
-14.6210003	69957	1.16999996	200	0	0
-14.6079998	69954	1.171	200	0	0
-14.6029997	69955	1.171	200	0	0
-14.6059999	69956	1.171	200	0	0
-14.6140003	69957	1.14499998	200	0	0
-14.5790005	69949	1.14999998	200	0	0
-14.5950003	69950	1.14600003	200	0	0
-14.6009998	69956	1.14600003	200	0	0
-14.5959997	69955	1.14600003	200	0	0
-14.5889997	69951	1.14699996	200	0	0
-14.6079998	69954	1.14499998	200	0	0
-14.5909996	69952	1.14699996	200	0	0
-14.5950003	69953.0078	1.14600003	200	0	0
-14.5900002	69949	1.12399995	200	0	0
-14.4980001	69927	1.18799996	200	0	0
-14.4870005	69926	1.18900001	200	0	0
-14.4849997	69925	1.19200003	200	0	0
-14.4879999	69924	1.19200003	200	0	0
-14.4940004	69918	1.19099998	200	0	0
-14.5050001	69923	1.19000006	200	0	0
-14.493	69920	1.19099998	200	0	0
-14.4989996	69921	1.19099998	200	0	0
-14.5310001	69932	1.15999997	200	0	0
-14.5240002	69930	1.18599999	200	0	0
-14.5489998	69934.0078	1.15799999	200	0	0
-14.5139999	69931	1.18700004	200	0	0
-14.5439997	69935	1.15900004	200	0	0
-14.5310001	69932	1.18499994	200	0	0
-14.5489998	69933	1.18400002	200	0	0
-14.5410004	69934.0078	1.18400002	200	0	0
-14.5139999	69929	1.16100001	200	0	0
-14.4779997	69918	1.16700006	200	0	0
-14.5159998	69928.0078	1.16100001	200	0	0
-14.4940004	69927	1.16299999	200	0	0
-14.4899998	69919	1.16600001	200	0	0
-14.5019999	69920	1.16499996	200	0	0
-14.4829998	69921	1.16700006	200	0	0
-14.5019999	69929	1.18799996	200	0	0
-14.4829998	69922	1.16700006	200	0	0
-14.5139999	69925	1.16400003	200	0	0
-14.5159998	69924	1.16400003	200	0	0
-14.5100002	69923	1.16400003	200	0	0
-14.5120001	69928.0078	1.18700004	200	0	0
-14.5159998	69930	1.16100001	200	0	0
-14.4650002	69914	1.19400001	200	0	0
-14.526	69929	1.13499999	200	0	0
-14.5360003	69931	1.10800004	200	0	0
-14.5570002	69945	1.12699997	200	0	0
-14.5670004	69942	1.10300004	200	0	0
-14.5380001	69932	1.10800004	200	0	0
-14.5769997	69944	1.12699997	200	0	0
-14.5319996	69930	1.13399994	200	0	0
-14.5690002	69941	1.10300004	200	0	0
-14.5179996	69931	1.13499999	200	0	0
-14.5380001	69933	1.10800004	200	0	0
-14.5579996	69940.0078	1.10399997	200	0	0
-14.5799999	69943	1.12699997	200	0	0
-14.5570002	69939	1.10399997	200	0	0
-14.5419998	69938	1.10500002	200	0	0
-14.5439997	69935	1.10699999	200	0	0
-14.5469999	69936	1.10699999	200	0	0
-14.5469999	69937	1.10699999	200	0	0
-14.5690002	69942	1.12800002	200	0	0
-14.5349998	69932	1.13399994	200	0	0
-14.5649996	69941	1.12899995	200	0	0
-14.5550003	69940.0078	1.13	200	0	0
-14.5559998	69939	1.12899995	200	0	0
-14.5430002	69935	1.13300002	200	0	0
-14.5469999	69938	1.13	200	0	0
-14.5389996	69937	1.13300002	200	0	0
-14.5509996	69936	1.13199997	200	0	0
-14.4630003	69913	1.16900003	200	0	0
-14.4569998	69914	1.16900003	200	0	0
-14.493	69912	1.19099998	200	0	0
-14.4540005	69913	1.19500005	200	0	0
-14.467	69912	1.16799998	200	0	0
-14.5909996	69954	1.12100005	200	0	0
-14.5930004	69951	1.09500003	200	0	0
-14.599	69950	1.09500003	200	0	0
-14.5979996	69953.0078	1.12	200	0	0
-14.5950003	69952	1.12100005	200	0	0
-14.5909996	69948	1.09800005	200	0	0
-14.5780001	69943	1.102	200	0	0
-14.5860004	69947	1.09800005	200	0	0
-14.5690002	69945	1.10000002	200	0	0
-14.5670004	69944	1.10300004	200	0	0
-14.5819998	69946	1.09899998	200	0	0
-14.5939999	69951	1.12100005	200	0	0
-14.592	69950	1.12100005	200	0	0
-14.5749998	69948	1.125	200	0	0
-14.5620003	69946	1.12600005	200	0	0
-14.5740004	69947	1.125	200	0	0
-14.526	69928.0078	1.13499999	200	0	0
-14.6040001	69956	1.09399998	200	0	0
-14.6059999	69955	1.09399998	200	0	0
-14.6070004	69957	1.12	200	0	0
-14.5900002	69954	1.09500003	200	0	0
-14.6009998	69953.0078	1.09399998	200	0	0
-14.6040001	69952	1.09399998	200	0	0
-14.6070004	69956	1.12	200	0	0
-14.6149998	69955	1.11899996	200	0	0
-14.5760002	69944	1.051	200	0	0
-14.6020002	69957	1.09399998	200	0	0
-14.5710001	69943	1.051	200	0	0
-14.6040001	69954	1.04299998	200	0	0
-14.6000004	69953.0078	1.04299998	200	0	0
-14.5670004	69945	1.04900002	200	0	0
-14.5970001	69952	1.04299998	200	0	0
-14.5749998	69951	1.046	200	0	0
-14.5939999	69950	1.04400003	200	0	0
-14.5710001	69947	1.04900002	200	0	0
-14.5880003	69948	1.04700005	200	0	0
-14.5	69921	1.11399996	200	0	0
-14.5	69919	1.13999999	200	0	0
-14.4989996	69922	1.11399996	200	0	0
-14.4940004	69920	1.13999999	200	0	0
-14.5270004	69928.0078	1.10899997	200	0	0
-14.4899998	69923	1.11500001	200	0	0
-14.5150003	69929	1.11000001	200	0	0
-14.5109997	69924	1.11300004	200	0	0
-14.5150003	69927	1.11000001	200	0	0
-14.5139999	69921	1.13800001	200	0	0
-14.507	69925	1.11300004	200	0	0
-14.5010004	69926	1.11199999	200	0	0
-14.5089998	69923	1.13900006	200	0	0
-14.5019999	69924	1.13900006	200	0	0
-14.5170002	69925	1.13800001	200	0	0
-14.5139999	69926	1.13600004	200	0	0
-14.4870005	69920	1.11500001	200	0	0
-14.4989996	69918	1.13999999	200	0	0
-14.4890003	69918	1.11500001	200	0	0
-14.5150003	69919	1.11300004	200	0	0
-14.4619999	69912	1.11800003	200	0	0
-14.4829998	69913	1.11600006	200	0	0
-14.4759998	69914	1.11600006	200	0	0
-14.4840002	69912	1.14100003	200	0	0
-14.4560003	69914	1.14400005	200	0	0
-14.4899998	69913	1.14100003	200	0	0
-14.5030003	69923	1.06299996	200	0	0
-14.5360003	69934.0078	1.05700004	200	0	0
-14.5349998	69933	1.05700004	200	0	0
-14.4940004	69925	1.06400001	200	0	0
-14.5220003	69926	1.05799997	200	0	0
-14.5290003	69932	1.05799997	200	0	0
-14.5240002	69931	1.05799997	200	0	0
-14.5100002	69927	1.05999994	200	0	0
-14.5209999	69928.0078	1.05799997	200	0	0
-14.5229998	69929	1.05799997	200	0	0
-14.5190001	69930	1.05900002	200	0	0
-14.5039997	69925	1.03699994	200	0	0
-14.5480003	69939	1.05299997	200	0	0
-14.5419998	69937	1.03100002	200	0	0
-14.4989996	69926	1.03499997	200	0	0
-14.5450001	69936	1.02999997	200	0	0
-14.5570002	69938	1.05200005	200	0	0
-14.5120001	69927	1.03400004	200	0	0
-14.54	69935	1.03100002	200	0	0
-14.507	69928.0078	1.03400004	200	0	0
-14.5570002	69937	1.05499995	200	0	0
-14.5360003	69934.0078	1.03100002	200	0	0
-14.5179996	69929	1.03299999	200	0	0
-14.5389996	69933	1.03100002	200	0	0
-14.5120001	69931	1.03400004	200	0	0
-14.5209999	69932	1.03299999	200	0	0
-14.5369997	69936	1.05700004	200	0	0
-14.552	69935	1.05499995	200	0	0
-14.5509996	69940.0078	1.05299997	200	0	0
-14.566	69941	1.05200005	200	0	0
-14.566	69942	1.05200005	200	0	0
-14.5769997	69947	1.02199996	200	0	0
-14.5740004	69946	1.023	200	0	0
-14.5629997	69938	1.02600002	200	0	0
-14.566	69945	1.023	200	0	0
-14.5539999	69939	1.02699995	200	0	0
-14.5629997	69944	1.02600002	200	0	0
-14.5539999	69940.0078	1.02699995	200	0	0
-14.5780001	69943	1.02499998	200	0	0
-14.5600004	69941	1.02699995	200	0	0
-14.5559998	69942	1.02699995	200	0	0
-14.6140003	69957	1.04200006	200	0	0
-14.6120005	69956	1.04200006	200	0	0
-14.6070004	69955	1.04200006	200	0	0
-14.6040001	69957	1.01699996	200	0	0
-14.6110001	69956	1.01600003	200	0	0
-14.6029997	69955	1.01699996	200	0	0
-14.5819998	69954	1.01900005	200	0	0
-14.5959997	69948	1.01999998	200	0	0
-14.5979996	69953.0078	1.01800001	200	0	0
-14.5979996	69952	1.01800001	200	0	0
-14.5939999	69950	1.01800001	200	0	0
-14.5830002	69951	1.01900005	200	0	0
-14.5600004	69944	1.00100005	200	0	0
-14.5819998	69952	0.994000018	200	0	0
-14.5550003	69938	0.976000011	200	0	0
-14.5749998	69949	0.971000016	200	0	0
-14.5559998	69939	0.976000011	200	0	0
-14.5909996	69948	0.970000029	200	0	0
-14.5430002	69937	1.005	200	0	0
-14.5710001	69951	0.995000005	200	0	0
-14.5869999	69947	0.970000029	200	0	0
-14.5719995	69940.0078	0.973999977	200	0	0
-14.54	69938	1.00300002	200	0	0
-14.5530005	69941	0.976000011	200	0	0
-14.585	69950	0.992999971	200	0	0
-14.5640001	69946	0.972000003	200	0	0
-14.552	69942	0.976000011	200	0	0
-14.5699997	69945	0.972000003	200	0	0
-14.5769997	69944	0.97299999	200	0	0
-14.5749998	69943	0.973999977	200	0	0
-14.5760002	69949	0.996999979	200	0	0
-14.5649996	69939	1	200	0	0
-14.5480003	69940.0078	1.00199997	200	0	0
-14.5869999	69948	0.995999992	200	0	0
-14.5930004	69947	0.995000005	200	0	0
-14.5530005	69941	1.00199997	200	0	0
-14.5489998	69942	1.00199997	200	0	0
-14.5629997	69946	0.998000026	200	0	0
-14.5369997	69935	1.00600004	200	0	0
-14.5469999	69937	0.978999972	200	0	0
-14.5349998	69936	1.00600004	200	0	0
-14.5950003	69950	0.967000008	200	0	0
-14.573	69957	0.968999982	200	0	0
-14.5939999	69951	0.967000008	200	0	0
-14.6070004	69956	0.964999974	200	0	0
-14.5860004	69952	0.967999995	200	0	0
-14.5830002	69954	0.967999995	200	0	0
-14.599	69953.0078	0.966000021	200	0	0
-14.6000004	69955	0.966000021	200	0	0
-14.5889997	69957	0.992999971	200	0	0
-14.6020002	69956	0.991999984	200	0	0
-14.5930004	69953.0078	0.991999984	200	0	0
-14.5979996	69955	0.991999984	200	0	0
-14.6029997	69954	0.990999997	200	0	0
-14.4720001	69914	1.06599998	200	0	0
-14.4879999	69924	1.03900003	200	0	0
-14.4899998	69918	1.03900003	200	0	0
-14.4790001	69919	1.03999996	200	0	0
-14.4879999	69923	1.03900003	200	0	0
-14.5059996	69922	1.03699994	200	0	0
-14.4919996	69921	1.03799999	200	0	0
-14.4899998	69920	1.03900003	200	0	0
-14.4989996	69918	1.06299996	200	0	0
-14.4940004	69919	1.06400001	200	0	0
-14.4829998	69920	1.06500006	200	0	0
-14.4890003	69922	1.06400001	200	0	0
-14.5030003	69921	1.06299996	200	0	0
-14.4589996	69912	1.06700003	200	0	0
-14.4829998	69914	1.03900003	200	0	0
-14.4580002	69913	1.06700003	200	0	0
-14.4610004	69912	1.04200006	200	0	0
-14.4420004	69911	1.06900001	200	0	0
-14.4729996	69913	1.03999996	200	0	0
-14.5170002	69931	1.00800002	200	0	0
-14.5059996	69928.0078	0.98299998	200	0	0
-14.4619999	69919	0.99000001	200	0	0
-14.5200005	69927	0.981999993	200	0	0
-14.4870005	69918	0.987999976	200	0	0
-14.5200005	69930	1.00699997	200	0	0
-14.4940004	69920	0.986999989	200	0	0
-14.4910002	69921	0.986999989	200	0	0
-14.4899998	69925	0.987999976	200	0	0
-14.526	69928.0078	1.00699997	200	0	0
-14.5059996	69924	0.986000001	200	0	0
-14.4980001	69922	0.986999989	200	0	0
-14.4940004	69923	0.986999989	200	0	0
-14.4899998	69918	1.01300001	200	0	0
-14.507	69927	1.00899994	200	0	0
-14.493	69919	1.01300001	200	0	0
-14.4799995	69920	1.01400006	200	0	0
-14.5150003	69925	1.01100004	200	0	0
-14.4899998	69924	1.01300001	200	0	0
-14.4919996	69922	1.01300001	200	0	0
-14.4860001	69923	1.01400006	200	0	0
-14.5059996	69929	0.98299998	200	0	0
-14.5120001	69930	0.98299998	200	0	0
-14.5139999	69931	0.981999993	200	0	0
-14.552	69935	0.977999985	200	0	0
-14.5129995	69932	0.98299998	200	0	0
-14.5209999	69936	0.981999993	200	0	0
-14.5159998	69934.0078	0.981999993	200	0	0
-14.5220003	69933	0.981999993	200	0	0
-14.5159998	69932	1.00800002	200	0	0
-14.5319996	69934.0078	1.00600004	200	0	0
-14.5609999	69944	0.924000025	200	0	0
-14.573	69949	0.920000017	200	0	0
-14.5570002	69939	0.924000025	200	0	0
-14.5679998	69948	0.921000004	200	0	0
-14.5780001	69947	0.91900003	200	0	0
-14.5819998	69946	0.91900003	200	0	0
-14.5570002	69940.0078	0.924000025	200	0	0
-14.5640001	69941	0.922999978	200	0	0
-14.5760002	69945	0.920000017	200	0	0
-14.559	69942	0.924000025	200	0	0
-14.5600004	69943	0.924000025	200	0	0
-14.6000004	69957	0.915000021	200	0	0
-14.6070004	69956	0.913999975	200	0	0
-14.6020002	69955	0.913999975	200	0	0
-14.6000004	69954	0.915000021	200	0	0
-14.592	69953.0078	0.915000021	200	0	0
-14.592	69951	0.915000021	200	0	0
-14.5939999	69952	0.915000021	200	0	0
-14.5780001	69950	0.916999996	200	0	0
-14.5579996	69944	0.898000002	200	0	0
-14.5010004	69931	0.933000028	200	0	0
-14.5179996	69933	0.904999971	200	0	0
-14.5480003	69943	0.898999989	200	0	0
-14.5249996	69934.0078	0.903999984	200	0	0
-14.5120001	69935	0.906000018	200	0	0
-14.5559998	69942	0.898999989	200	0	0
-14.5150003	69932	0.930999994	200	0	0
-14.5620003	69941	0.898000002	200	0	0
-14.5530005	69940.0078	0.898999989	200	0	0
-14.5129995	69933	0.930999994	200	0	0
-14.5369997	69936	0.902999997	200	0	0
-14.5509996	69939	0.898999989	200	0	0
-14.5430002	69938	0.899999976	200	0	0
-14.5539999	69937	0.901000023	200	0	0
-14.5240002	69934.0078	0.930000007	200	0	0
-14.5179996	69935	0.930999994	200	0	0
-14.526	69936	0.930000007	200	0	0
-14.5380001	69937	0.92900002	200	0	0
-14.6009998	69953.0078	0.888999999	200	0	0
-14.5839996	69954	0.890999973	200	0	0
-14.592	69952	0.889999986	200	0	0
-14.5930004	69951	0.889999986	200	0	0
-14.5819998	69946	0.893000007	200	0	0
-14.5909996	69950	0.889999986	200	0	0
-14.5740004	69947	0.893999994	200	0	0
-14.5749998	69949	0.893999994	200	0	0
-14.5690002	69948	0.894999981	200	0	0
-14.5030003	69930	0.933000028	200	0	0
-14.5120001	69932	0.906000018	200	0	0
-14.6020002	69956	0.888999999	200	0	0
-14.6049995	69955	0.888000011	200	0	0
-14.6099997	69957	0.888000011	200	0	0
-14.427	69911	0.994000018	200	0	0
-14.4549999	69912	0.990999997	200	0	0
-14.4759998	69913	0.989000022	200	0	0
-14.4569998	69914	0.990999997	200	0	0
-14.448	69912	1.01699996	200	0	0
-14.4680004	69913	1.01499999	200	0	0
-14.4689999	69914	1.01499999	200	0	0
-14.4840002	69926	0.935000002	200	0	0
-14.4949999	69927	0.933000028	200	0	0
-14.4910002	69928.0078	0.934000015	200	0	0
-14.5059996	69929	0.931999981	200	0	0
-14.4720001	69920	0.938000023	200	0	0
-14.4759998	69922	0.912	200	0	0
-14.5	69923	0.910000026	200	0	0
-14.493	69921	0.93599999	200	0	0
-14.4960003	69924	0.910000026	200	0	0
-14.5019999	69931	0.907000005	200	0	0
-14.4790001	69922	0.938000023	200	0	0
-14.4899998	69925	0.911000013	200	0	0
-14.5	69930	0.907000005	200	0	0
-14.5010004	69926	0.907000005	200	0	0
-14.507	69929	0.907000005	200	0	0
-14.4759998	69923	0.938000023	200	0	0
-14.4840002	69924	0.936999977	200	0	0
-14.4770002	69913	0.912	200	0	0
-14.4799995	69914	0.912	200	0	0
-14.4949999	69912	0.93599999	200	0	0
-14.4860001	69918	0.911000013	200	0	0
-14.4809999	69920	0.912	200	0	0
-14.4700003	69913	0.93900001	200	0	0
-14.474	69914	0.938000023	200	0	0
-14.4720001	69919	0.938000023	200	0	0
-14.4630003	69918	0.93900001	200	0	0
-14.4639997	69912	0.913999975	200	0	0
-14.5839996	69949	0.842000008	200	0	0
-14.5609999	69938	0.847000003	200	0	0
-14.592	69951	0.864000022	200	0	0
-14.5410004	69936	0.876999974	200	0	0
-14.552	69939	0.84799999	200	0	0
-14.5719995	69948	0.842999995	200	0	0
-14.533	69937	0.878000021	200	0	0
-14.5740004	69947	0.842999995	200	0	0
-14.5609999	69940.0078	0.847000003	200	0	0
-14.5810003	69950	0.86500001	200	0	0
-14.5740004	69946	0.842999995	200	0	0
-14.5670004	69941	0.846000016	200	0	0
-14.5760002	69942	0.845000029	200	0	0
-14.5649996	69945	0.843999982	200	0	0
-14.5509996	69938	0.874000013	200	0	0
-14.5600004	69943	0.847000003	200	0	0
-14.5550003	69944	0.847000003	200	0	0
-14.5790005	69949	0.867999971	200	0	0
-14.5649996	69939	0.871999979	200	0	0
-14.5679998	69948	0.869000018	200	0	0
-14.5719995	69940.0078	0.870999992	200	0	0
-14.5769997	69947	0.867999971	200	0	0
-14.5629997	69941	0.871999979	200	0	0
-14.573	69946	0.869000018	200	0	0
-14.5670004	69945	0.869000018	200	0	0
-14.5570002	69942	0.873000026	200	0	0
-14.5609999	69943	0.871999979	200	0	0
-14.5679998	69944	0.871999979	200	0	0
-14.5930004	69954	0.838	200	0	0
-14.6009998	69953.0078	0.837000012	200	0	0
-14.5970001	69956	0.864000022	200	0	0
-14.6090002	69955	0.861999989	200	0	0
-14.5939999	69952	0.838	200	0	0
-14.5979996	69951	0.838	200	0	0
-14.5950003	69950	0.838	200	0	0
-14.5939999	69954	0.864000022	200	0	0
-14.599	69953.0078	0.862999976	200	0	0
-14.5930004	69952	0.864000022	200	0	0
-14.5120001	69934.0078	0.855000019	200	0	0
-14.526	69932	0.879000008	200	0	0
-14.5349998	69935	0.851999998	200	0	0
-14.54	69936	0.851999998	200	0	0
-14.5310001	69937	0.852999985	200	0	0
-14.5360003	69934.0078	0.878000021	200	0	0
-14.5369997	69935	0.878000021	200	0	0
-14.6210003	69957	0.834999979	200	0	0
-14.6040001	69955	0.837000012	200	0	0
-14.5979996	69956	0.838	200	0	0
-14.5959997	69957	0.864000022	200	0	0
-14.5039997	69925	0.85799998	200	0	0
-14.5010004	69926	0.856000006	200	0	0
-14.5080004	69927	0.855000019	200	0	0
-14.4949999	69928.0078	0.856999993	200	0	0
-14.5039997	69933	0.856000006	200	0	0
-14.5120001	69931	0.855000019	200	0	0
-14.5010004	69932	0.856000006	200	0	0
-14.4910002	69925	0.88499999	200	0	0
-14.507	69927	0.880999982	200	0	0
-14.526	69930	0.879000008	200	0	0
-14.4890003	69924	0.860000014	200	0	0
-14.5080004	69922	0.883000016	200	0	0
-14.5050001	69920	0.85799998	200	0	0
-14.5120001	69921	0.856999993	200	0	0
-14.4689999	69919	0.888000011	200	0	0
-14.4829998	69922	0.861000001	200	0	0
-14.4890003	69923	0.860000014	200	0	0
-14.467	69920	0.888000011	200	0	0
-14.4799995	69921	0.885999978	200	0	0
-14.4659996	69912	0.888000011	200	0	0
-14.507	69914	0.883000016	200	0	0
-14.4569998	69913	0.888999999	200	0	0
-14.5	69919	0.859000027	200	0	0
-14.4650002	69918	0.862999976	200	0	0
-14.4980001	69912	0.859000027	200	0	0
-14.4449997	69913	0.86500001	200	0	0
-14.5550003	69943	0.769999981	200	0	0
-14.5550003	69941	0.796000004	200	0	0
-14.5930004	69954	0.760999978	200	0	0
-14.5939999	69953.0078	0.760999978	200	0	0
-14.5600004	69944	0.769999981	200	0	0
-14.5509996	69942	0.796000004	200	0	0
-14.5810003	69956	0.787999988	200	0	0
-14.5620003	69945	0.76700002	200	0	0
-14.5740004	69952	0.763000011	200	0	0
-14.5900002	69951	0.760999978	200	0	0
-14.5699997	69946	0.765999973	200	0	0
-14.5810003	69955	0.787999988	200	0	0
-14.585	69950	0.762000024	200	0	0
-14.5559998	69943	0.796000004	200	0	0
-14.5810003	69947	0.764999986	200	0	0
-14.6029997	69954	0.785000026	200	0	0
-14.5799999	69948	0.764999986	200	0	0
-14.559	69944	0.796000004	200	0	0
-14.5819998	69953.0078	0.787999988	200	0	0
-14.5699997	69945	0.791999996	200	0	0
-14.5939999	69952	0.786000013	200	0	0
-14.5950003	69951	0.786000013	200	0	0
-14.5699997	69946	0.791999996	200	0	0
-14.5979996	69950	0.786000013	200	0	0
-14.5860004	69947	0.790000021	200	0	0
-14.5830002	69948	0.790000021	200	0	0
-14.5790005	69949	0.791000009	200	0	0
-14.5220003	69930	0.801999986	200	0	0
-14.5100002	69933	0.777999997	200	0	0
-14.5249996	69931	0.801999986	200	0	0
-14.5690002	69942	0.768999994	200	0	0
-14.5089998	69933	0.80400002	200	0	0
-14.5469999	69941	0.771000028	200	0	0
-14.54	69935	0.773999989	200	0	0
-14.5290003	69938	0.773000002	200	0	0
-14.5249996	69937	0.776000023	200	0	0
-14.5579996	69940.0078	0.769999981	200	0	0
-14.5410004	69936	0.773999989	200	0	0
-14.5509996	69939	0.771000028	200	0	0
-14.5200005	69934.0078	0.801999986	200	0	0
-14.5109997	69935	0.80400002	200	0	0
-14.5170002	69936	0.802999973	200	0	0
-14.5640001	69940.0078	0.795000017	200	0	0
-14.5450001	69939	0.796999991	200	0	0
-14.5570002	69938	0.796000004	200	0	0
-14.5509996	69937	0.799000025	200	0	0
-14.6009998	69957	0.75999999	200	0	0
-14.599	69956	0.75999999	200	0	0
-14.5909996	69955	0.760999978	200	0	0
-14.618	69957	0.783999979	200	0	0
-14.4919996	69929	0.779999971	200	0	0
-14.5080004	69930	0.777999997	200	0	0
-14.507	69931	0.777999997	200	0	0
-14.5209999	69932	0.77700001	200	0	0
-14.5059996	69928.0078	0.80400002	200	0	0
-14.5050001	69929	0.80400002	200	0	0
-14.4849997	69921	0.783999979	200	0	0
-14.4919996	69922	0.782999992	200	0	0
-14.4860001	69927	0.781000018	200	0	0
-14.4969997	69919	0.808000028	200	0	0
-14.4960003	69925	0.782000005	200	0	0
-14.4940004	69924	0.782999992	200	0	0
-14.4989996	69920	0.808000028	200	0	0
-14.4729996	69921	0.81099999	200	0	0
-14.4729996	69923	0.81099999	200	0	0
-14.4980001	69922	0.808000028	200	0	0
-14.4809999	69924	0.810000002	200	0	0
-14.4720001	69913	0.81099999	200	0	0
-14.4580002	69912	0.811999977	200	0	0
-14.4589996	69912	0.787	200	0	0
-14.4650002	69913	0.786000013	200	0	0
-14.5909996	69950	0.708999991	200	0	0
-14.5950003	69951	0.735000014	200	0	0
-14.5170002	69936	0.726000011	200	0	0
-14.5229998	69935	0.750999987	200	0	0
-14.5900002	69950	0.735000014	200	0	0
-14.5880003	69948	0.712000012	200	0	0
-14.566	69949	0.714999974	200	0	0
-14.5349998	69937	0.723999977	200	0	0
-14.5450001	69936	0.748000026	200	0	0
-14.5780001	69947	0.713999987	200	0	0
-14.5419998	69938	0.720000029	200	0	0
-14.5830002	69946	0.713	200	0	0
-14.5679998	69949	0.74000001	200	0	0
-14.5360003	69939	0.721000016	200	0	0
-14.5380001	69937	0.749000013	200	0	0
-14.5670004	69940.0078	0.717000008	200	0	0
-14.5710001	69948	0.74000001	200	0	0
-14.5349998	69938	0.746999979	200	0	0
-14.5839996	69947	0.739000022	200	0	0
-14.5769997	69943	0.716000021	200	0	0
-14.5629997	69944	0.717999995	200	0	0
-14.5419998	69939	0.745999992	200	0	0
-14.5699997	69946	0.74000001	200	0	0
-14.5760002	69945	0.74000001	200	0	0
-14.5629997	69940.0078	0.744000018	200	0	0
-14.5749998	69943	0.741999984	200	0	0
-14.5480003	69941	0.745000005	200	0	0
-14.5640001	69942	0.742999971	200	0	0
-14.5600004	69944	0.744000018	200	0	0
-14.5209999	69933	0.750999987	200	0	0
-14.6090002	69957	0.707000017	200	0	0
-14.5760002	69956	0.711000025	200	0	0
-14.6040001	69955	0.708000004	200	0	0
-14.5889997	69952	0.709999979	200	0	0
-14.5959997	69953.0078	0.708999991	200	0	0
-14.5959997	69954	0.708999991	200	0	0
-14.6099997	69957	0.73299998	200	0	0
-14.6059999	69952	0.73299998	200	0	0
-14.5769997	69956	0.736999989	200	0	0
-14.6040001	69955	0.734000027	200	0	0
-14.592	69953.0078	0.735000014	200	0	0
-14.5889997	69954	0.735000014	200	0	0
-14.5459995	69927	0.722000003	200	0	0
-14.5170002	69934.0078	0.726000011	200	0	0
-14.5389996	69930	0.72299999	200	0	0
-14.5279999	69928.0078	0.725000024	200	0	0
-14.5209999	69932	0.725000024	200	0	0
-14.5030003	69929	0.727999985	200	0	0
-14.5179996	69928.0078	0.750999987	200	0	0
-14.5220003	69932	0.750999987	200	0	0
-14.5109997	69931	0.751999974	200	0	0
-14.4560003	69912	0.762000024	200	0	0
-14.4879999	69913	0.758000016	200	0	0
-14.4390001	69913	0.737999976	200	0	0
-14.46	69912	0.736000001	200	0	0
-14.5830002	69956	0.633000016	200	0	0
-14.6230001	69957	0.653999984	200	0	0
-14.5679998	69944	0.639999986	200	0	0
-14.5979996	69955	0.630999982	200	0	0
-14.5799999	69945	0.635999978	200	0	0
-14.5749998	69946	0.635999978	200	0	0
-14.5760002	69943	0.665000021	200	0	0
-14.599	69953.0078	0.630999982	200	0	0
-14.5830002	69947	0.63499999	200	0	0
-14.5930004	69952	0.632000029	200	0	0
-14.5869999	69956	0.657999992	200	0	0
-14.5699997	69948	0.637000024	200	0	0
-14.5749998	69950	0.634000003	200	0	0
-14.585	69955	0.658999979	200	0	0
-14.573	69945	0.662999988	200	0	0
-14.599	69953.0078	0.657000005	200	0	0
-14.5710001	69947	0.662999988	200	0	0
-14.5609999	69949	0.663999975	200	0	0
-14.5930004	69952	0.657999992	200	0	0
-14.5900002	69948	0.660000026	200	0	0
-14.5860004	69950	0.657999992	200	0	0
-14.5220003	69930	0.648000002	200	0	0
-14.5419998	69940.0078	0.643000007	200	0	0
-14.5170002	69928.0078	0.675000012	200	0	0
-14.5310001	69931	0.647000015	200	0	0
-14.552	69937	0.643999994	200	0	0
-14.566	69940.0078	0.666000009	200	0	0
-14.5039997	69929	0.675999999	200	0	0
-14.5279999	69938	0.644999981	200	0	0
-14.5489998	69941	0.667999983	200	0	0
-14.5179996	69933	0.648999989	200	0	0
-14.533	69935	0.647000015	200	0	0
-14.5290003	69930	0.672999978	200	0	0
-14.5010004	69931	0.675999999	200	0	0
-14.5419998	69933	0.671000004	200	0	0
-14.5150003	69932	0.675000012	200	0	0
-14.526	69939	0.671000004	200	0	0
-14.5450001	69936	0.671000004	200	0	0
-14.5310001	69934.0078	0.672999978	200	0	0
-14.5310001	69937	0.672999978	200	0	0
-14.5579996	69941	0.640999973	200	0	0
-14.6000004	69957	0.630999982	200	0	0
-14.5139999	69927	0.648999989	200	0	0
-14.5310001	69929	0.647000015	200	0	0
-14.5209999	69926	0.648000002	200	0	0
-14.5240002	69928.0078	0.648000002	200	0	0
-14.4949999	69912	0.680000007	200	0	0
-14.4779997	69913	0.681999981	200	0	0
-14.4689999	69912	0.657999992	200	0	0
-14.4940004	69913	0.653999984	200	0	0
-14.5780001	69947	0.610000014	200	0	0
-14.5939999	69950	0.579999983	200	0	0
-14.5869999	69951	0.58099997	200	0	0
-14.5860004	69952	0.58099997	200	0	0
-14.5869999	69950	0.606999993	200	0	0
-14.6029997	69953.0078	0.578999996	200	0	0
-14.6099997	69957	0.578000009	200	0	0
-14.5970001	69954	0.578999996	200	0	0
-14.585	69951	0.606999993	200	0	0
-14.5900002	69956	0.579999983	200	0	0
-14.573	69955	0.583000004	200	0	0
-14.5760002	69952	0.60799998	200	0	0
-14.5979996	69953.0078	0.605000019	200	0	0
-14.6049995	69958	0.603999972	200	0	0
-14.5970001	69954	0.605000019	200	0	0
-14.6020002	69956	0.605000019	200	0	0
-14.592	69955	0.606000006	200	0	0
-14.5769997	69957	0.60799998	200	0	0
-14.54	69935	0.620000005	200	0	0
-14.5459995	69936	0.593999982	200	0	0
-14.5229998	69937	0.597000003	200	0	0
-14.5480003	69936	0.619000018	200	0	0
-14.5489998	69938	0.591000021	200	0	0
-14.54	69937	0.620000005	200	0	0
-14.5349998	69939	0.592999995	200	0	0
-14.5360003	69940.0078	0.592000008	200	0	0
-14.5600004	69938	0.61500001	200	0	0
-14.5799999	69947	0.583999991	200	0	0
-14.5419998	69939	0.616999984	200	0	0
-14.5790005	69946	0.583999991	200	0	0
-14.559	69941	0.588999987	200	0	0
-14.5640001	69942	0.588999987	200	0	0
-14.5679998	69945	0.586000025	200	0	0
-14.5550003	69943	0.589999974	200	0	0
-14.5649996	69944	0.588999987	200	0	0
-14.5609999	69941	0.61500001	200	0	0
-14.5710001	69946	0.611000001	200	0	0
-14.5799999	69945	0.610000014	200	0	0
-14.559	69942	0.61500001	200	0	0
-14.5690002	69944	0.614000022	200	0	0
-14.5030003	69922	0.601999998	200	0	0
-14.5240002	69921	0.625	200	0	0
-14.5170002	69923	0.600000024	200	0	0
-14.5209999	69922	0.625	200	0	0
-14.4960003	69924	0.602999985	200	0	0
-14.5410004	69935	0.593999982	200	0	0
-14.507	69923	0.626999974	200	0	0
-14.5279999	69925	0.598999977	200	0	0
-14.5229998	69934.0078	0.597000003	200	0	0
-14.5179996	69924	0.625999987	200	0	0
-14.533	69933	0.595000029	200	0	0
-14.5129995	69927	0.59799999	200	0	0
-14.5019999	69928.0078	0.598999977	200	0	0
-14.5270004	69925	0.624000013	200	0	0
-14.5050001	69932	0.598999977	200	0	0
-14.5170002	69929	0.597000003	200	0	0
-14.5229998	69931	0.597000003	200	0	0
-14.5139999	69930	0.59799999	200	0	0
-14.5270004	69934.0078	0.621999979	200	0	0
-14.5249996	69926	0.621999979	200	0	0
-14.54	69933	0.620000005	200	0	0
-14.5270004	69927	0.621999979	200	0	0
-14.526	69928.0078	0.621999979	200	0	0
-14.5179996	69932	0.623000026	200	0	0
-14.5159998	69929	0.623000026	200	0	0
-14.5190001	69931	0.623000026	200	0	0
-14.5220003	69930	0.621999979	200	0	0
-14.5170002	69920	0.625999987	200	0	0
-14.5010004	69920	0.652999997	200	0	0
-14.5059996	69919	0.601000011	200	0	0
-14.5089998	69918	0.626999974	200	0	0
-14.5120001	69920	0.601000011	200	0	0
-14.5089998	69919	0.626999974	200	0	0
-14.5089998	69921	0.601000011	200	0	0
-14.4989996	69918	0.601999998	200	0	0
-14.4910002	69914	0.602999985	200	0	0
-14.4870005	69912	0.603999972	200	0	0
-14.448	69913	0.63499999	200	0	0
-14.4779997	69914	0.630999982	200	0	0
-14.4870005	69912	0.629999995	200	0	0
-14.566	69952	0.532000005	200	0	0
-14.5900002	69951	0.528999984	200	0	0
-14.5620003	69942	0.537	200	0	0
-14.5410004	69943	0.540000021	200	0	0
-14.5749998	69950	0.531000018	200	0	0
-14.5710001	69944	0.536000013	200	0	0
-14.573	69945	0.532999992	200	0	0
-14.5600004	69948	0.535000026	200	0	0
-14.5710001	69946	0.533999979	200	0	0
-14.566	69947	0.533999979	200	0	0
-14.5970001	69956	0.501999974	200	0	0
-14.5539999	69944	0.513000011	200	0	0
-14.5889997	69955	0.503000021	200	0	0
-14.599	69954	0.500999987	200	0	0
-14.6020002	69957	0.52700001	200	0	0
-14.5710001	69946	0.508000016	200	0	0
-14.5830002	69953.0078	0.504000008	200	0	0
-14.5939999	69956	0.527999997	200	0	0
-14.5950003	69951	0.501999974	200	0	0
-14.585	69950	0.503000021	200	0	0
-14.5830002	69948	0.505999982	200	0	0
-14.5860004	69949	0.505999982	200	0	0
-14.5959997	69955	0.527999997	200	0	0
-14.6009998	69954	0.52700001	200	0	0
-14.5900002	69953.0078	0.528999984	200	0	0
-14.6049995	69957	0.500999987	200	0	0
-14.6280003	69958	0.497999996	200	0	0
-14.533	69940.0078	0.541000009	200	0	0
-14.5129995	69930	0.546000004	200	0	0
-14.533	69939	0.541000009	200	0	0
-14.5450001	69938	0.540000021	200	0	0
-14.5190001	69932	0.546000004	200	0	0
-14.5249996	69937	0.545000017	200	0	0
-14.5139999	69934.0078	0.546000004	200	0	0
-14.5319996	69933	0.54400003	200	0	0
-14.5369997	69936	0.542999983	200	0	0
-14.533	69935	0.54400003	200	0	0
-14.4960003	69929	0.549000025	200	0	0
-14.507	69931	0.521000028	200	0	0
-14.5249996	69939	0.51700002	200	0	0
-14.5509996	69938	0.513000011	200	0	0
-14.5430002	69937	0.51700002	200	0	0
-14.5389996	69941	0.540000021	200	0	0
-14.5469999	69942	0.513999999	200	0	0
-14.5710001	69943	0.50999999	200	0	0
-14.4809999	69914	0.552999973	200	0	0
-14.5109997	69925	0.523999989	200	0	0
-14.5030003	69919	0.524999976	200	0	0
-14.5	69928.0078	0.547999978	200	0	0
-14.4770002	69922	0.527999997	200	0	0
-14.5179996	69925	0.547999978	200	0	0
-14.4790001	69920	0.55400002	200	0	0
-14.5050001	69921	0.550000012	200	0	0
-14.5019999	69922	0.550999999	200	0	0
-14.5019999	69929	0.522000015	200	0	0
-14.5089998	69930	0.521000028	200	0	0
-14.4829998	69913	0.52700001	200	0	0
-14.4870005	69914	0.52700001	200	0	0
-14.4940004	69912	0.551999986	200	0	0
-14.4759998	69913	0.55400002	200	0	0
-14.4779997	69912	0.527999997	200	0	0
-14.5699997	69946	0.456	200	0	0
-14.6049995	69955	0.449000001	200	0	0
-14.5839996	69947	0.453999996	200	0	0
-14.5889997	69948	0.453000009	200	0	0
-14.599	69953.0078	0.449999988	200	0	0
-14.5790005	69945	0.481000006	200	0	0
-14.5900002	69954	0.451000005	200	0	0
-14.5880003	69949	0.453999996	200	0	0
-14.5930004	69952	0.449999988	200	0	0
-14.5909996	69951	0.451000005	200	0	0
-14.6040001	69957	0.474999994	200	0	0
-14.6129999	69956	0.474000007	200	0	0
-14.5810003	69950	0.451999992	200	0	0
-14.5760002	69946	0.481000006	200	0	0
-14.6009998	69954	0.474999994	200	0	0
-14.5839996	69948	0.479999989	200	0	0
-14.592	69955	0.476999998	200	0	0
-14.592	69950	0.476999998	200	0	0
-14.592	69953.0078	0.476999998	200	0	0
-14.5810003	69949	0.481000006	200	0	0
-14.5819998	69951	0.477999985	200	0	0
-14.6120005	69956	0.448000014	200	0	0
-14.5670004	69945	0.456999987	200	0	0
-14.5480003	69936	0.463999987	200	0	0
-14.5489998	69937	0.463999987	200	0	0
-14.5629997	69938	0.460000008	200	0	0
-14.5609999	69939	0.460000008	200	0	0
-14.5629997	69944	0.460000008	200	0	0
-14.559	69943	0.460000008	200	0	0
-14.559	69941	0.460000008	200	0	0
-14.5550003	69937	0.488999993	200	0	0
-14.559	69940.0078	0.486000001	200	0	0
-14.5539999	69941	0.486999989	200	0	0
-14.5609999	69942	0.486000001	200	0	0
-14.6140003	69957	0.448000014	200	0	0
-14.5389996	69935	0.465000004	200	0	0
-14.5129995	69924	0.472000003	200	0	0
-14.4989996	69922	0.499000013	200	0	0
-14.5109997	69925	0.472000003	200	0	0
-14.5360003	69928.0078	0.465999991	200	0	0
-14.5270004	69931	0.467000008	200	0	0
-14.5179996	69929	0.467999995	200	0	0
-14.4960003	69930	0.472000003	200	0	0
-14.5209999	69929	0.493999988	200	0	0
-14.5050001	69923	0.47299999	200	0	0
-14.5019999	69921	0.499000013	200	0	0
-14.5089998	69919	0.472000003	200	0	0
-14.4809999	69920	0.476000011	200	0	0
-14.5	69918	0.474000007	200	0	0
-14.4969997	69917	0.474000007	200	0	0
-14.4949999	69912	0.474000007	200	0	0
-14.4890003	69914	0.474999994	200	0	0
-14.4809999	69913	0.476000011	200	0	0
-14.5	69919	0.499000013	200	0	0
-14.4809999	69918	0.501999974	200	0	0
-14.4860001	69912	0.500999987	200	0	0
-14.4870005	69914	0.500999987	200	0	0
-14.4770002	69913	0.503000021	200	0	0
-14.4829998	69921	0.476000011	200	0	0
-14.5839996	69951	0.374000013	200	0	0
-14.5489998	69940.0078	0.384000003	200	0	0
-14.5509996	69938	0.409999996	200	0	0
-14.5880003	69950	0.372999996	200	0	0
-14.592	69953.0078	0.398999989	200	0	0
-14.5419998	69941	0.38499999	200	0	0
-14.5550003	69939	0.409000009	200	0	0
-14.5629997	69942	0.381999999	200	0	0
-14.5830002	69948	0.375999987	200	0	0
-14.5690002	69949	0.379000008	200	0	0
-14.5609999	69943	0.381999999	200	0	0
-14.5780001	69945	0.377000004	200	0	0
-14.5749998	69947	0.377999991	200	0	0
-14.5889997	69951	0.398999989	200	0	0
-14.5710001	69946	0.377999991	200	0	0
-14.5579996	69940.0078	0.409000009	200	0	0
-14.5649996	69944	0.381999999	200	0	0
-14.5889997	69950	0.398999989	200	0	0
-14.552	69941	0.409000009	200	0	0
-14.5710001	69949	0.404000014	200	0	0
-14.5629997	69943	0.407999992	200	0	0
-14.566	69948	0.405000001	200	0	0
-14.573	69944	0.405999988	200	0	0
-14.5699997	69945	0.404000014	200	0	0
-14.5629997	69947	0.405000001	200	0	0
-14.5719995	69946	0.404000014	200	0	0
-14.5900002	69952	0.372999996	200	0	0
-14.6079998	69957	0.370000005	200	0	0
-14.6070004	69953.0078	0.370999992	200	0	0
-14.6059999	69956	0.370999992	200	0	0
-14.6059999	69955	0.370999992	200	0	0
-14.5909996	69954	0.372999996	200	0	0
-14.6040001	69956	0.397000015	200	0	0
-14.5979996	69954	0.398000002	200	0	0
-14.5500002	69939	0.384000003	200	0	0
-14.5450001	69937	0.412999988	200	0	0
-14.5170002	69928.0078	0.416999996	200	0	0
-14.5100002	69929	0.418000013	200	0	0
-14.5220003	69932	0.389999986	200	0	0
-14.5410004	69938	0.38499999	200	0	0
-14.5050001	69931	0.419	200	0	0
-14.5340004	69934.0078	0.388999999	200	0	0
-14.5530005	69936	0.386000007	200	0	0
-14.5389996	69937	0.388000011	200	0	0
-14.5279999	69932	0.414999992	200	0	0
-14.5369997	69934.0078	0.414000005	200	0	0
-14.5430002	69936	0.412999988	200	0	0
-14.5220003	69929	0.389999986	200	0	0
-14.5	69918	0.395999998	200	0	0
-14.5220003	69928.0078	0.389999986	200	0	0
-14.4969997	69919	0.397000015	200	0	0
-14.4940004	69920	0.397000015	200	0	0
-14.4949999	69921	0.397000015	200	0	0
-14.5080004	69922	0.395000011	200	0	0
-14.4949999	69918	0.423000008	200	0	0
-14.4870005	69923	0.398000002	200	0	0
-14.5129995	69925	0.393999994	200	0	0
-14.4899998	69919	0.423000008	200	0	0
-14.5030003	69920	0.421999991	200	0	0
-14.5039997	69921	0.421000004	200	0	0
-14.5	69922	0.421999991	200	0	0
-14.5120001	69925	0.419999987	200	0	0
-14.5	69923	0.421999991	200	0	0
-14.5019999	69913	0.395999998	200	0	0
-14.4809999	69914	0.398999989	200	0	0
-14.4870005	69912	0.423999995	200	0	0
-14.4919996	69913	0.423000008	200	0	0
-14.4759998	69914	0.425000012	200	0	0
-14.4910002	69912	0.398000002	200	0	0
-14.5609999	69942	0.356000006	200	0	0
-14.559	69943	0.331	200	0	0
-14.6210003	69957	0.317000002	200	0	0
-14.5459995	69944	0.333000004	200	0	0
-14.5670004	69943	0.356000006	200	0	0
-14.6149998	69958	0.342999995	200	0	0
-14.6070004	69956	0.319000006	200	0	0
-14.5780001	69945	0.324999988	200	0	0
-14.5640001	69944	0.356000006	200	0	0
-14.5769997	69946	0.326000005	200	0	0
-14.6029997	69957	0.344999999	200	0	0
-14.5830002	69947	0.324999988	200	0	0
-14.6059999	69953.0078	0.319000006	200	0	0
-14.5760002	69954	0.323000014	200	0	0
-14.5790005	69948	0.324999988	200	0	0
-14.5909996	69956	0.347000003	200	0	0
-14.592	69946	0.349000007	200	0	0
-14.5710001	69949	0.326000005	200	0	0
-14.5880003	69951	0.32100001	200	0	0
-14.5819998	69950	0.321999997	200	0	0
-14.566	69947	0.352999985	200	0	0
-14.592	69954	0.347000003	200	0	0
-14.5869999	69948	0.349999994	200	0	0
-14.5959997	69953.0078	0.345999986	200	0	0
-14.5679998	69949	0.352999985	200	0	0
-14.5869999	69950	0.34799999	200	0	0
-14.5819998	69952	0.34799999	200	0	0
-14.5860004	69951	0.34799999	200	0	0
-14.5389996	69931	0.361999989	200	0	0
-14.5249996	69933	0.338	200	0	0
-14.5290003	69932	0.363000005	200	0	0
-14.526	69934.0078	0.338	200	0	0
-14.5419998	69935	0.335999995	200	0	0
-14.5369997	69934.0078	0.361999989	200	0	0
-14.552	69936	0.333999991	200	0	0
-14.5620003	69942	0.330000013	200	0	0
-14.5450001	69937	0.335000008	200	0	0
-14.5530005	69935	0.360000014	200	0	0
-14.5430002	69938	0.333000004	200	0	0
-14.5539999	69940.0078	0.331	200	0	0
-14.5480003	69939	0.331999987	200	0	0
-14.5480003	69936	0.361000001	200	0	0
-14.552	69937	0.360000014	200	0	0
-14.566	69941	0.356000006	200	0	0
-14.5550003	69938	0.356999993	200	0	0
-14.5450001	69939	0.358999997	200	0	0
-14.552	69940.0078	0.35800001	200	0	0
-14.5170002	69930	0.36500001	200	0	0
-14.6289997	69958	0.314999998	200	0	0
-14.5369997	69931	0.335999995	200	0	0
-14.5209999	69929	0.36500001	200	0	0
-14.5139999	69922	0.342000008	200	0	0
-14.5030003	69920	0.370000005	200	0	0
-14.5019999	69923	0.344000012	200	0	0
-14.5200005	69921	0.368000001	200	0	0
-14.5	69924	0.344999999	200	0	0
-14.5229998	69925	0.340999991	200	0	0
-14.5319996	69928.0078	0.337000012	200	0	0
-14.4960003	69922	0.370999992	200	0	0
-14.4940004	69923	0.370999992	200	0	0
-14.5030003	69924	0.370000005	200	0	0
-14.5389996	69928.0078	0.361999989	200	0	0
-14.5249996	69925	0.367000014	200	0	0
-14.4779997	69912	0.34799999	200	0	0
-14.4779997	69914	0.34799999	200	0	0
-14.5	69912	0.370000005	200	0	0
-14.4759998	69921	0.34799999	200	0	0
-14.5059996	69913	0.370000005	200	0	0
-14.5039997	69920	0.344000012	200	0	0
-14.4770002	69919	0.34799999	200	0	0
-14.5	69918	0.344999999	200	0	0
-14.5039997	69919	0.370000005	200	0	0
-14.5030003	69918	0.370000005	200	0	0
-14.5430002	69936	0.284000009	200	0	0
-14.5629997	69947	0.275999993	200	0	0
-14.5550003	69937	0.282000005	200	0	0
-14.5690002	69945	0.275000006	200	0	0
-14.5459995	69938	0.280999988	200	0	0
-14.5740004	69944	0.27700001	200	0	0
-14.552	69939	0.280000001	200	0	0
-14.5480003	69940.0078	0.280999988	200	0	0
-14.5620003	69943	0.277999997	200	0	0
-14.5559998	69941	0.279000014	200	0	0
-14.5500002	69942	0.280000001	200	0	0
-14.5690002	69948	0.248999998	200	0	0
-14.5360003	69937	0.259000003	200	0	0
-14.5419998	69935	0.284000009	200	0	0
-14.5769997	69950	0.270999998	200	0	0
-14.5749998	69947	0.247999996	200	0	0
-14.5419998	69938	0.254999995	200	0	0
-14.5699997	69946	0.248999998	200	0	0
-14.5469999	69939	0.254999995	200	0	0
-14.5369997	69940.0078	0.256000012	200	0	0
-14.5629997	69945	0.25	200	0	0
-14.566	69949	0.275000006	200	0	0
-14.5710001	69943	0.250999987	200	0	0
-14.5570002	69941	0.252999991	200	0	0
-14.5559998	69942	0.252999991	200	0	0
-14.5579996	69944	0.252999991	200	0	0
-14.5649996	69948	0.275000006	200	0	0
-14.5830002	69952	0.244000003	200	0	0
-14.5970001	69953.0078	0.241999999	200	0	0
-14.5740004	69955	0.245000005	200	0	0
-14.5950003	69954	0.241999999	200	0	0
-14.6009998	69951	0.26699999	200	0	0
-14.6000004	69956	0.241999999	200	0	0
-14.6120005	69957	0.239999995	200	0	0
-14.5860004	69952	0.270000011	200	0	0
-14.5970001	69953.0078	0.268000007	200	0	0
-14.5880003	69954	0.268999994	200	0	0
-14.592	69956	0.268999994	200	0	0
-14.5959997	69957	0.268000007	200	0	0
-14.592	69950	0.243000001	200	0	0
-14.5790005	69951	0.245000005	200	0	0
-14.5860004	69949	0.246000007	200	0	0
-14.5600004	69932	0.280999988	200	0	0
-14.5310001	69930	0.286000013	200	0	0
-14.5310001	69936	0.25999999	200	0	0
-14.5240002	69930	0.261000007	200	0	0
-14.5380001	69931	0.259000003	200	0	0
-14.4949999	69924	0.294	200	0	0
-14.4949999	69923	0.294	200	0	0
-14.4750004	69917	0.270999998	200	0	0
-14.4849997	69918	0.268999994	200	0	0
-14.5190001	69924	0.263999999	200	0	0
-14.5080004	69920	0.266000003	200	0	0
-14.5139999	69923	0.264999986	200	0	0
-14.4960003	69921	0.268000007	200	0	0
-14.5080004	69922	0.266000003	200	0	0
-14.4799995	69918	0.296000004	200	0	0
-14.4820004	69919	0.296000004	200	0	0
-14.4820004	69920	0.296000004	200	0	0
-14.4899998	69921	0.294	200	0	0
-14.5059996	69922	0.291999996	200	0	0
-14.4770002	69914	0.270999998	200	0	0
-14.4809999	69912	0.270000011	200	0	0
-14.474	69913	0.270999998	200	0	0
-14.4840002	69912	0.294999987	200	0	0
-14.4729996	69913	0.296999991	200	0	0
-14.5609999	69941	0.200000003	200	0	0
-14.5640001	69943	0.225999996	200	0	0
-14.5570002	69940.0078	0.201000005	200	0	0
-14.5559998	69939	0.201000005	200	0	0
-14.5570002	69938	0.201000005	200	0	0
-14.5649996	69942	0.225999996	200	0	0
-14.5229998	69930	0.234999999	200	0	0
-14.5500002	69936	0.204999998	200	0	0
-14.5430002	69937	0.206	200	0	0
-14.5509996	69941	0.228	200	0	0
-14.5640001	69940.0078	0.225999996	200	0	0
-14.526	69931	0.233999997	200	0	0
-14.5649996	69939	0.225999996	200	0	0
-14.5419998	69938	0.230000004	200	0	0
-14.5550003	69937	0.230000004	200	0	0
-14.5459995	69936	0.231000006	200	0	0
-14.5959997	69954	0.216000006	200	0	0
-14.5860004	69950	0.192000002	200	0	0
-14.5690002	69942	0.199000001	200	0	0
-14.5970001	69953.0078	0.216000006	200	0	0
-14.5640001	69951	0.194999993	200	0	0
-14.5909996	69949	0.193000004	200	0	0
-14.5679998	69943	0.199000001	200	0	0
-14.5869999	69948	0.194000006	200	0	0
-14.5710001	69944	0.199000001	200	0	0
-14.566	69945	0.196999997	200	0	0
-14.5880003	69952	0.216999993	200	0	0
-14.5760002	69947	0.195999995	200	0	0
-14.5690002	69946	0.196999997	200	0	0
-14.5909996	69950	0.216999993	200	0	0
-14.573	69951	0.219999999	200	0	0
-14.5760002	69944	0.224000007	200	0	0
-14.585	69948	0.219999999	200	0	0
-14.5719995	69949	0.222000003	200	0	0
-14.5760002	69947	0.222000003	200	0	0
-14.5539999	69945	0.224999994	200	0	0
-14.6090002	69956	0.214000002	200	0	0
-14.6040001	69954	0.188999996	200	0	0
-14.6140003	69957	0.213	200	0	0
-14.5310001	69924	0.236000001	200	0	0
-14.5120001	69924	0.213	200	0	0
-14.5089998	69922	0.239999995	200	0	0
-14.5059996	69923	0.239999995	200	0	0
-14.5109997	69922	0.214000002	200	0	0
-14.5209999	69921	0.238000005	200	0	0
-14.5229998	69923	0.211999997	200	0	0
-14.5209999	69919	0.211999997	200	0	0
-14.4899998	69918	0.216999993	200	0	0
-14.5190001	69921	0.211999997	200	0	0
-14.4969997	69920	0.216000006	200	0	0
-14.4989996	69918	0.240999997	200	0	0
-14.5179996	69919	0.238000005	200	0	0
-14.5120001	69920	0.238999993	200	0	0
-14.4709997	69912	0.219999999	200	0	0
-14.4779997	69913	0.218999997	200	0	0
-14.4639997	69914	0.221000001	200	0	0
-14.4790001	69912	0.245000005	200	0	0
-14.4960003	69913	0.241999999	200	0	0
-14.4890003	69914	0.243000001	200	0	0
-14.5500002	69947	0.122000001	200	0	0
-14.5909996	69948	0.141000003	200	0	0
-14.5620003	69945	0.119999997	200	0	0
-14.5500002	69936	0.127000004	200	0	0
-14.5799999	69947	0.143000007	200	0	0
-14.5670004	69944	0.120999999	200	0	0
-14.5559998	69937	0.126000002	200	0	0
-14.5749998	69943	0.119999997	200	0	0
-14.5419998	69938	0.125	200	0	0
-14.5480003	69939	0.125	200	0	0
-14.5620003	69941	0.122000001	200	0	0
-14.5559998	69940.0078	0.123000003	200	0	0
-14.559	69942	0.123000003	200	0	0
-14.5419998	69936	0.153999999	200	0	0
-14.5629997	69945	0.145999998	200	0	0
-14.54	69937	0.153999999	200	0	0
-14.5760002	69944	0.145999998	200	0	0
-14.5550003	69938	0.149000004	200	0	0
-14.5629997	69943	0.148000002	200	0	0
-14.5550003	69939	0.149000004	200	0	0
-14.5649996	69942	0.148000002	200	0	0
-14.5459995	69940.0078	0.150999993	200	0	0
-14.5609999	69941	0.148000002	200	0	0
-14.5080004	69924	0.162	200	0	0
-14.5810003	69949	0.143000007	200	0	0
-14.5839996	69950	0.140000001	200	0	0
-14.5780001	69951	0.141000003	200	0	0
-14.6000004	69954	0.136999995	200	0	0
-14.5620003	69953.0078	0.116999999	200	0	0
-14.5860004	69950	0.112999998	200	0	0
-14.5830002	69951	0.114	200	0	0
-14.5710001	69948	0.118000001	200	0	0
-14.5629997	69949	0.119999997	200	0	0
-14.6120005	69956	0.108999997	200	0	0
-14.4989996	69918	0.164000005	200	0	0
-14.4949999	69919	0.164000005	200	0	0
-14.5179996	69920	0.159999996	200	0	0
-14.5129995	69921	0.160999998	200	0	0
-14.5080004	69922	0.162	200	0	0
-14.5150003	69923	0.160999998	200	0	0
-14.4960003	69918	0.137999997	200	0	0
-14.4969997	69919	0.137999997	200	0	0
-14.4960003	69920	0.137999997	200	0	0
-14.5120001	69921	0.136000007	200	0	0
-14.5200005	69924	0.134000003	200	0	0
-14.5129995	69923	0.135000005	200	0	0
-14.4870005	69914	0.165999994	200	0	0
-14.4969997	69913	0.137999997	200	0	0
-14.4799995	69914	0.141000003	200	0	0
-14.4870005	69913	0.165999994	200	0	0
-14.4809999	69912	0.141000003	200	0	0
-14.5570002	69939	0.0710000023	200	0	0
-14.5579996	69938	0.0970000029	200	0	0
-14.566	69940.0078	0.0700000003	200	0	0
-14.5819998	69952	0.061999999	200	0	0
-14.5539999	69939	0.0979999974	200	0	0
-14.5679998	69941	0.0689999983	200	0	0
-14.5799999	69951	0.061999999	200	0	0
-14.5710001	69940.0078	0.0949999988	200	0	0
-14.5830002	69950	0.061999999	200	0	0
-14.5959997	69951	0.0860000029	200	0	0
-14.5539999	69942	0.0719999969	200	0	0
-14.5640001	69943	0.0700000003	200	0	0
-14.5620003	69941	0.0960000008	200	0	0
-14.5749998	69949	0.0659999996	200	0	0
-14.5609999	69944	0.0700000003	200	0	0
-14.5889997	69950	0.0869999975	200	0	0
-14.5609999	69942	0.0960000008	200	0	0
-14.5539999	69947	0.0689999983	200	0	0
-14.5860004	69949	0.0900000036	200	0	0
-14.5799999	69944	0.0930000022	200	0	0
-14.5649996	69943	0.0960000008	200	0	0
-14.573	69948	0.0920000002	200	0	0
-14.5629997	69945	0.0939999968	200	0	0
-14.5620003	69947	0.0939999968	200	0	0
-14.6009998	69956	0.0850000009	200	0	0
-14.5450001	69936	0.101000004	200	0	0
-14.5550003	69937	0.074000001	200	0	0
-14.5579996	69938	0.0710000023	200	0	0
-14.5450001	69937	0.101000004	200	0	0
-14.5480003	69936	0.075000003	200	0	0
-14.533	69922	0.0799999982	200	0	0
-14.4980001	69920	0.0860000029	200	0	0
-14.4910002	69921	0.0869999975	200	0	0
-14.493	69918	0.112999998	200	0	0
-14.493	69923	0.0869999975	200	0	0
-14.507	69919	0.109999999	200	0	0
-14.5220003	69920	0.108000003	200	0	0
-14.5120001	69921	0.109999999	200	0	0
-14.5299997	69924	0.107000001	200	0	0
-14.5249996	69923	0.107000001	200	0	0
-14.5129995	69922	0.108999997	200	0	0
-14.4829998	69914	0.0890000015	200	0	0
-14.4980001	69912	0.112000003	200	0	0
-14.4910002	69913	0.112999998	200	0	0
-14.4829998	69914	0.114	200	0	0
-14.5679998	69947	0.0140000004	200	0	0
-14.5579996	69944	-0.00700000022	200	0	0
-14.5579996	69943	-0.00700000022	200	0	0
-14.566	69942	-0.00899999961	200	0	0
-14.5629997	69941	-0.00800000038	200	0	0
-14.5410004	69945	0.0189999994	200	0	0
-14.5679998	69939	-0.00899999961	200	0	0
-14.5430002	69936	-0.00200000009	200	0	0
-14.5600004	69938	-0.00800000038	200	0	0
-14.5500002	69940.0078	-0.00600000005	200	0	0
-14.5439997	69937	-0.00300000003	200	0	0
-14.533	69944	0.023	200	0	0
-14.5480003	69943	0.0199999996	200	0	0
-14.5640001	69942	0.0179999992	200	0	0
-14.5290003	69936	0.0260000005	200	0	0
-14.5290003	69937	0.0260000005	200	0	0
-14.5570002	69941	0.0189999994	200	0	0
-14.5600004	69940.0078	0.0179999992	200	0	0
-14.5360003	69939	0.0219999999	200	0	0
-14.5450001	69938	0.0209999997	200	0	0
-14.5760002	69945	-0.0130000003	200	0	0
-14.5579996	69947	-0.00999999978	200	0	0
-14.6020002	69952	-0.0199999996	200	0	0
-14.5530005	69949	-0.00899999961	200	0	0
-14.5640001	69950	-0.0140000004	200	0	0
-14.5719995	69951	-0.0149999997	200	0	0
-14.585	69956	0.00899999961	200	0	0
-14.5760002	69949	0.0130000003	200	0	0
-14.5889997	69952	0.00800000038	200	0	0
-14.5780001	69951	0.00999999978	200	0	0
-14.5640001	69929	0.0199999996	200	0	0
-14.5349998	69920	0.00200000009	200	0	0
-14.5389996	69922	0.00100000005	200	0	0
-14.526	69921	0.00300000003	200	0	0
-14.533	69920	0.0280000009	200	0	0
-14.5050001	69922	0.0329999998	200	0	0
-14.4899998	69914	0.00899999961	200	0	0
-14.4849997	69914	0.0359999985	200	0	0
-14.4610004	69911	0.0140000004	200	0	0
-14.5810003	69941	-0.064000003	200	0	0
-14.559	69939	-0.0340000018	200	0	0
-14.5799999	69942	-0.064000003	200	0	0
-14.5880003	69950	-0.0700000003	200	0	0
-14.5959997	69948	-0.0689999983	200	0	0
-14.5780001	69943	-0.063000001	200	0	0
-14.5690002	69940.0078	-0.0359999985	200	0	0
-14.5869999	69949	-0.0670000017	200	0	0
-14.5950003	69952	-0.0450000018	200	0	0
-14.5620003	69944	-0.0599999987	200	0	0
-14.5629997	69945	-0.063000001	200	0	0
-14.5649996	69941	-0.0350000001	200	0	0
-14.5860004	69951	-0.0439999998	200	0	0
-14.5489998	69942	-0.0320000015	200	0	0
-14.5880003	69950	-0.0439999998	200	0	0
-14.5500002	69943	-0.0320000015	200	0	0
-14.5799999	69949	-0.0399999991	200	0	0
-14.5649996	69948	-0.0370000005	200	0	0
-14.559	69947	-0.0359999985	200	0	0
-14.5450001	69937	-0.0549999997	200	0	0
-14.552	69936	-0.0299999993	200	0	0
-14.5539999	69938	-0.0590000004	200	0	0
-14.5860004	69940.0078	-0.0649999976	200	0	0
-14.5670004	69939	-0.0610000007	200	0	0
-14.552	69937	-0.0299999993	200	0	0
-14.5539999	69938	-0.0329999998	200	0	0
-14.6120005	69952	-0.074000001	200	0	0
-14.6029997	69951	-0.0729999989	200	0	0
-14.6169996	69956	-0.0489999987	200	0	0
-14.5579996	69923	-0.0549999997	200	0	0
-14.5500002	69922	-0.0270000007	200	0	0
-14.5439997	69923	-0.0260000005	200	0	0
-14.5010004	69911	-0.0179999992	200	0	0
-14.5050001	69912	-0.0450000018	200	0	0
-14.4870005	69913	-0.0419999994	200	0	0
-14.5030003	69914	-0.0450000018	200	0	0
-14.5220003	69914	-0.0219999999	200	0	0
-14.552	69922	-0.0529999994	200	0	0
-14.5430002	69919	-0.0520000011	200	0	0
-14.5310001	69920	-0.0500000007	200	0	0
-14.5039997	69920	-0.0189999994	200	0	0
-14.5419998	69919	-0.0260000005	200	0	0
-14.5950003	69949	-0.120999999	200	0	0
-14.5860004	69948	-0.119999997	200	0	0
-14.5790005	69944	-0.142000005	200	0	0
-14.5710001	69938	-0.141000003	200	0	0
-14.5550003	69939	-0.137999997	200	0	0
-14.5830002	69942	-0.143000007	200	0	0
-14.5699997	69940.0078	-0.140000001	200	0	0
-14.6059999	69944	-0.120999999	200	0	0
-14.5559998	69938	-0.112000003	200	0	0
-14.5570002	69939	-0.112000003	200	0	0
-14.5710001	69943	-0.114	200	0	0
-14.5810003	69942	-0.115999997	200	0	0
-14.5679998	69940.0078	-0.114	200	0	0
-14.573	69941	-0.115000002	200	0	0
-14.5900002	69950	-0.123000003	200	0	0
-14.5719995	69948	-0.143000007	200	0	0
-14.5889997	69947	-0.145999998	200	0	0
-14.6120005	69951	-0.152999997	200	0	0
-14.6009998	69952	-0.150999993	200	0	0
-14.6040001	69950	-0.151999995	200	0	0
-14.6049995	69956	-0.125	200	0	0
-14.5939999	69949	-0.147	200	0	0
-14.5839996	69955	-0.122000001	200	0	0
-14.5880003	69952	-0.123000003	200	0	0
-14.5909996	69951	-0.123000003	200	0	0
-14.618	69955	-0.153999999	200	0	0
-14.493	69914	-0.0949999988	200	0	0
-14.4689999	69911	-0.0909999982	200	0	0
-14.573	69941	-0.166999996	200	0	0
-14.5710001	69946	-0.195999995	200	0	0
-14.5939999	69955	-0.175999999	200	0	0
-14.6009998	69949	-0.201000005	200	0	0
-14.5830002	69948	-0.197999999	200	0	0
-14.618	69952	-0.180999994	200	0	0
-14.5819998	69944	-0.169	200	0	0
-14.5769997	69945	-0.171000004	200	0	0
-14.5830002	69946	-0.172000006	200	0	0
-14.5909996	69951	-0.175999999	200	0	0
-14.5970001	69950	-0.177000001	200	0	0
-14.5979996	69948	-0.173999995	200	0	0
-14.5979996	69949	-0.173999995	200	0	0
-14.5979996	69940.0078	-0.172000006	200	0	0
-14.552	69937	-0.160999998	200	0	0
-14.5699997	69939	-0.193000004	200	0	0
-14.5629997	69938	-0.165000007	200	0	0
-14.573	69940.0078	-0.194000006	200	0	0
-14.5869999	69939	-0.170000002	200	0	0
-14.5500002	69940.0078	-0.241999999	200	0	0
-14.559	69941	-0.243000001	200	0	0
-14.5710001	69940.0078	-0.272000015	200	0	0
-14.6029997	69952	-0.256999999	200	0	0
-14.566	69941	-0.270999998	200	0	0
-14.5950003	69948	-0.279000014	200	0	0
-14.5860004	69949	-0.27700001	200	0	0
-14.5860004	69951	-0.254000008	200	0	0
-14.6049995	69946	-0.254999995	200	0	0
-14.5740004	69949	-0.248999998	200	0	0
-14.6210003	69951	-0.287	200	0	0
-14.585	69952	-0.280000001	200	0	0
-14.585	69939	-0.275000006	200	0	0
-14.5760002	69946	-0.301999986	200	0	0
-14.5620003	69939	-0.296999991	200	0	0
-14.5410004	69940.0078	-0.291999996	200	0	0
-14.6020002	69947	-0.307000011	200	0	0
-14.6129999	69948	-0.308999985	200	0	0
-14.6029997	69948	-0.333000004	200	0	0
-14.6289997	69955	-0.31400001	200	0	0
-14.6079998	69949	-0.307999998	200	0	0
-14.5749998	69950	-0.30399999	200	0	0
-14.5930004	69951	-0.307999998	200	0	0
-14.5930004	69952	-0.307999998	200	0	0
-14.6280003	69957	-0.340999991	200	0	0
-14.5909996	69947	-0.384000003	200	0	0
-14.5319996	69939	-0.370000005	200	0	0
-14.5819998	69948	-0.407999992	200	0	0
-14.6199999	69957	-0.39199999	200	0	0
-14.5950003	69957	-0.439999998	200	0	0
