-3.27900004	67027	4.24599981	200	0	0
-3.27900004	67037	4.24599981	200	0	0
-3.28399992	67034.0078	4.17500019	200	0	0
-3.28200006	67036	4.20300007	200	0	0
-3.27900004	67030	4.15100002	200	0	0
-3.27999997	67035	4.1880002	200	0	0
-3.27699995	67029	4.1500001	200	0	0
-3.27600002	67028.0078	4.14900017	200	0	0
-3.27600002	67027	4.14900017	200	0	0
-3.28900003	67036	4.21400023	200	0	0
-3.27800012	67032	4.16499996	200	0	0
-3.28200006	67033	4.17399979	200	0	0
-3.27600002	67034.0078	4.18499994	200	0	0
-3.27999997	67036	4.22399998	200	0	0
-3.28200006	67035	4.20300007	200	0	0
-3.27900004	67031	4.16499996	200	0	0
-3.27999997	67036	4.23899984	200	0	0
-3.28399992	67036	4.24900007	200	0	0
-3.28500009	67035	4.21199989	200	0	0
-3.28200006	67030	4.16699982	200	0	0
-3.29099989	67032	4.1789999	200	0	0
-3.273	67027	4.16200018	200	0	0
-3.27399993	67028.0078	4.16300011	200	0	0
-3.2750001	67035	4.22200012	200	0	0
-3.2809999	67033	4.1880002	200	0	0
-3.27800012	67029	4.16499996	200	0	0
-3.2809999	67031	4.17399979	200	0	0
-3.28299999	67034.0078	4.204	200	0	0
-3.27600002	67035	4.23699999	200	0	0
-3.28200006	67035	4.24700022	200	0	0
-3.28399992	67034.0078	4.21099997	200	0	0
-3.27900004	67032	4.1869998	200	0	0
-3.2750001	67028.0078	4.17000008	200	0	0
-3.27699995	67029	4.17199993	200	0	0
-3.28600001	67030	4.17600012	200	0	0
-3.2750001	67027	4.17000008	200	0	0
-3.2809999	67033	4.20300007	200	0	0
-3.27900004	67034.0078	4.22399998	200	0	0
-3.28399992	67034.0078	4.24100018	200	0	0
-3.28299999	67034.0078	4.24800014	200	0	0
-3.28399992	67033	4.21099997	200	0	0
-3.28500009	67031	4.19000006	200	0	0
-3.26900005	67028.0078	4.18200016	200	0	0
-3.28299999	67032	4.204	200	0	0
-3.27999997	67030	4.1880002	200	0	0
-3.26900005	67027	4.18200016	200	0	0
-3.27600002	67029	4.18499994	200	0	0
-3.28399992	67033	4.22599983	200	0	0
-3.28500009	67032	4.21199989	200	0	0
-3.2809999	67033	4.23999977	200	0	0
-3.28299999	67033	4.24800014	200	0	0
-3.27999997	67031	4.20200014	200	0	0
-3.27399993	67032	4.22100019	200	0	0
-3.28299999	67031	4.21099997	200	0	0
-3.28299999	67030	4.204	200	0	0
-3.27999997	67032	4.23899984	200	0	0
-3.28299999	67032	4.24800014	200	0	0
-3.27200007	67028.0078	4.19799995	200	0	0
-3.27999997	67029	4.20200014	200	0	0
-3.27600002	67027	4.19999981	200	0	0
-3.28600001	67030	4.21299982	200	0	0
-3.28500009	67031	4.22700024	200	0	0
-3.27900004	67029	4.20900011	200	0	0
-3.27900004	67031	4.23899984	200	0	0
-3.28399992	67031	4.24900007	200	0	0
-3.27600002	67027	4.20699978	200	0	0
-3.2750001	67030	4.22200012	200	0	0
-3.27999997	67028.0078	4.21000004	200	0	0
-3.27699995	67029	4.22200012	200	0	0
-3.28500009	67030	4.24900007	200	0	0
-3.2809999	67030	4.23999977	200	0	0
-3.273	67028.0078	4.22100019	200	0	0
-3.27099991	67027	4.21999979	200	0	0
-3.28299999	67029	4.23999977	200	0	0
-3.28299999	67029	4.24800014	200	0	0
-3.26900005	67028.0078	4.2329998	200	0	0
-3.27399993	67028.0078	4.24300003	200	0	0
-3.27600002	67027	4.23699999	200	0	0
-3.27900004	67027	4.24599981	200	0	0
-3.27099991	67046	4.20499992	200	0	0
-3.28200006	67040.0078	4.15199995	200	0	0
-3.28699994	67045	4.19099998	200	0	0
-3.27900004	67035	4.15100002	200	0	0
-3.27699995	67038	4.1500001	200	0	0
-3.2809999	67039	4.15199995	200	0	0
-3.27900004	67042	4.16499996	200	0	0
-3.2809999	67036	4.15199995	200	0	0
-3.26999998	67046	4.21899986	200	0	0
-3.2809999	67037	4.15199995	200	0	0
-3.28200006	67043	4.17399979	200	0	0
-3.27999997	67045	4.20200014	200	0	0
-3.27699995	67041	4.16400003	200	0	0
-3.27999997	67044	4.1880002	200	0	0
-3.273	67046	4.23500013	200	0	0
-3.27699995	67046	4.24399996	200	0	0
-3.27999997	67033	4.16599989	200	0	0
-3.28200006	67042	4.17399979	200	0	0
-3.27699995	67034.0078	4.16400003	200	0	0
-3.28600001	67045	4.21199989	200	0	0
-3.2809999	67040.0078	4.16599989	200	0	0
-3.27699995	67039	4.16400003	200	0	0
-3.2750001	67045	4.22100019	200	0	0
-3.27800012	67035	4.16499996	200	0	0
-3.2809999	67041	4.17299986	200	0	0
-3.28299999	67043	4.18900013	200	0	0
-3.2809999	67044	4.20200014	200	0	0
-3.27699995	67037	4.16400003	200	0	0
-3.28299999	67045	4.23999977	200	0	0
-3.27900004	67045	4.24599981	200	0	0
-3.28200006	67038	4.16699982	200	0	0
-3.28200006	67036	4.16699982	200	0	0
-3.27800012	67044	4.20900011	200	0	0
-3.27999997	67040.0078	4.17299986	200	0	0
-3.28399992	67042	4.18900013	200	0	0
-3.28299999	67035	4.17399979	200	0	0
-3.27600002	67044	4.22200012	200	0	0
-3.27900004	67038	4.17299986	200	0	0
-3.28299999	67043	4.204	200	0	0
-3.28600001	67039	4.17600012	200	0	0
-3.2750001	67041	4.18499994	200	0	0
-3.2809999	67036	4.17399979	200	0	0
-3.28399992	67037	4.17500019	200	0	0
-3.2809999	67044	4.23899984	200	0	0
-3.27999997	67044	4.24599981	200	0	0
-3.28299999	67043	4.21099997	200	0	0
-3.27999997	67042	4.20200014	200	0	0
-3.27399993	67043	4.22100019	200	0	0
-3.28200006	67040.0078	4.18900013	200	0	0
-3.27600002	67039	4.18499994	200	0	0
-3.27200007	67043	4.23500013	200	0	0
-3.28299999	67042	4.21099997	200	0	0
-3.27800012	67041	4.20100021	200	0	0
-3.27999997	67043	4.24599981	200	0	0
-3.27800012	67037	4.1869998	200	0	0
-3.27999997	67036	4.1880002	200	0	0
-3.28399992	67038	4.19000006	200	0	0
-3.28200006	67042	4.2249999	200	0	0
-3.28200006	67041	4.21000004	200	0	0
-3.28500009	67040.0078	4.20499992	200	0	0
-3.27999997	67042	4.23899984	200	0	0
-3.28399992	67042	4.24800014	200	0	0
-3.27600002	67039	4.19999981	200	0	0
-3.28200006	67040.0078	4.21000004	200	0	0
-3.27600002	67041	4.22200012	200	0	0
-3.2750001	67037	4.19999981	200	0	0
-3.2809999	67038	4.20200014	200	0	0
-3.28200006	67039	4.21000004	200	0	0
-3.27999997	67041	4.23899984	200	0	0
-3.28200006	67041	4.24700022	200	0	0
-3.28399992	67040.0078	4.22599983	200	0	0
-3.28200006	67037	4.21000004	200	0	0
-3.28600001	67038	4.21299982	200	0	0
-3.27999997	67040.0078	4.23899984	200	0	0
-3.28399992	67040.0078	4.24800014	200	0	0
-3.27900004	67039	4.22300005	200	0	0
-3.2750001	67038	4.22200012	200	0	0
-3.27800012	67037	4.22300005	200	0	0
-3.2750001	67039	4.23600006	200	0	0
-3.28500009	67039	4.24900007	200	0	0
-3.28399992	67038	4.24100018	200	0	0
-3.28299999	67038	4.24800014	200	0	0
-3.27699995	67037	4.23699999	200	0	0
-3.28200006	67044	4.17399979	200	0	0
-3.28800011	67041	4.10500002	200	0	0
-3.27800012	67036	4.079	200	0	0
-3.27900004	67032	4.079	200	0	0
-3.27699995	67035	4.07800007	200	0	0
-3.28500009	67031	4.08199978	200	0	0
-3.2809999	67043	4.13700008	200	0	0
-3.27600002	67028.0078	4.09899998	200	0	0
-3.27800012	67034.0078	4.079	200	0	0
-3.27399993	67027	4.11199999	200	0	0
-3.2809999	67040.0078	4.10200024	200	0	0
-3.2809999	67029	4.09499979	200	0	0
-3.2809999	67039	4.09499979	200	0	0
-3.27900004	67043	4.15100002	200	0	0
-3.28600001	67033	4.08300018	200	0	0
-3.27399993	67029	4.09800005	200	0	0
-3.27900004	67042	4.12900019	200	0	0
-3.27999997	67041	4.11499977	200	0	0
-3.27600002	67043	4.16400003	200	0	0
-3.27900004	67038	4.09399986	200	0	0
-3.2809999	67030	4.09499979	200	0	0
-3.2750001	67037	4.09200001	200	0	0
-3.2809999	67042	4.13700008	200	0	0
-3.273	67028.0078	4.11199999	200	0	0
-3.28699994	67039	4.10400009	200	0	0
-3.273	67027	4.12599993	200	0	0
-3.27800012	67040.0078	4.11399984	200	0	0
-3.28399992	67031	4.09600019	200	0	0
-3.27600002	67035	4.09200001	200	0	0
-3.27900004	67042	4.15100002	200	0	0
-3.27999997	67032	4.09399986	200	0	0
-3.2809999	67038	4.10200024	200	0	0
-3.2809999	67041	4.13000011	200	0	0
-3.28299999	67036	4.09600019	200	0	0
-3.27699995	67027	4.13500023	200	0	0
-3.27800012	67037	4.0999999	200	0	0
-3.28200006	67033	4.09499979	200	0	0
-3.2750001	67029	4.11299992	200	0	0
-3.28999996	67030	4.10599995	200	0	0
-3.2809999	67031	4.10200024	200	0	0
-3.28500009	67034.0078	4.09600019	200	0	0
-3.27900004	67039	4.11499977	200	0	0
-3.28600001	67041	4.13999987	200	0	0
-3.27699995	67028.0078	4.12799978	200	0	0
-3.27600002	67041	4.14900017	200	0	0
-3.28299999	67036	4.10300016	200	0	0
-3.2809999	67033	4.10200024	200	0	0
-3.28600001	67040.0078	4.1329999	200	0	0
-3.28800011	67032	4.10500002	200	0	0
-3.28299999	67035	4.10300016	200	0	0
-3.27800012	67028.0078	4.13600016	200	0	0
-3.2809999	67030	4.11600018	200	0	0
-3.2809999	67040.0078	4.13700008	200	0	0
-3.28600001	67034.0078	4.10400009	200	0	0
-3.27399993	67029	4.12699986	200	0	0
-3.28399992	67038	4.11800003	200	0	0
-3.27999997	67037	4.11499977	200	0	0
-3.28200006	67039	4.13100004	200	0	0
-3.27699995	67032	4.11399984	200	0	0
-3.28500009	67031	4.11800003	200	0	0
-3.27399993	67038	4.12699986	200	0	0
-3.2809999	67029	4.13800001	200	0	0
-3.28299999	67039	4.13800001	200	0	0
-3.28399992	67036	4.1170001	200	0	0
-3.27900004	67035	4.11499977	200	0	0
-3.27900004	67034.0078	4.11499977	200	0	0
-3.28200006	67033	4.11600018	200	0	0
-3.28299999	67030	4.13100004	200	0	0
-3.27900004	67038	4.13600016	200	0	0
-3.27900004	67031	4.12900019	200	0	0
-3.2809999	67037	4.13000011	200	0	0
-3.28800011	67030	4.14099979	200	0	0
-3.27699995	67032	4.12799978	200	0	0
-3.27900004	67036	4.12900019	200	0	0
-3.2750001	67035	4.12699986	200	0	0
-3.28200006	67031	4.13800001	200	0	0
-3.28500009	67037	4.13899994	200	0	0
-3.27999997	67033	4.13000011	200	0	0
-3.28500009	67034.0078	4.13199997	200	0	0
-3.2809999	67036	4.13800001	200	0	0
-3.28299999	67032	4.13800001	200	0	0
-3.28200006	67033	4.13800001	200	0	0
-3.28200006	67031	4.15199995	200	0	0
-3.28500009	67035	4.13899994	200	0	0
-3.28600001	67034.0078	4.13999987	200	0	0
-3.27999997	67032	4.15100002	200	0	0
-3.27600002	67034.0078	4.14900017	200	0	0
-3.28200006	67033	4.15199995	200	0	0
-3.2809999	67045	4.16599989	200	0	0
-3.28200006	67045	4.17399979	200	0	0
-3.28299999	67044	4.15299988	200	0	0
-3.27699995	67044	4.16400003	200	0	0
-3.2750001	67027	4.05600023	200	0	0
-3.273	67028.0078	4.05499983	200	0	0
-3.28800011	67034.0078	4.0619998	200	0	0
-3.28299999	67033	4.05999994	200	0	0
-3.27600002	67029	4.05700016	200	0	0
-3.28200006	67032	4.05900002	200	0	0
-3.28200006	67034.0078	4.06599998	200	0	0
-3.27699995	67027	4.06400013	200	0	0
-3.28299999	67031	4.05999994	200	0	0
-3.28999996	67030	4.0630002	200	0	0
-3.27800012	67028.0078	4.06500006	200	0	0
-3.28600001	67033	4.06899977	200	0	0
-3.28299999	67032	4.06699991	200	0	0
-3.2809999	67029	4.06599998	200	0	0
-3.28399992	67031	4.06799984	200	0	0
-3.28900003	67030	4.07000017	200	0	0
-3.27399993	67027	4.07700014	200	0	0
-3.27200007	67029	4.07600021	200	0	0
-3.2750001	67028.0078	4.07800007	200	0	0
-3.27699995	67030	4.07800007	200	0	0
-3.27600002	67027	4.09200001	200	0	0
-3.27399993	67028.0078	4.09100008	200	0	0
-3.27999997	67027	4.10099983	200	0	0
-3.27999997	67043	4.12900019	200	0	0
-3.27099991	67052	4.125	200	0	0
-3.26900005	67054	4.14499998	200	0	0
-3.27600002	67042	4.11399984	200	0	0
-3.27699995	67053.0078	4.13500023	200	0	0
-3.27200007	67049	4.11100006	200	0	0
-3.27600002	67055	4.24399996	200	0	0
-3.26900005	67048	4.11000013	200	0	0
-3.2750001	67055	4.17000008	200	0	0
-3.2750001	67055	4.23600006	200	0	0
-3.27900004	67043	4.11499977	200	0	0
-3.27399993	67047	4.11199999	200	0	0
-3.27699995	67044	4.11399984	200	0	0
-3.27399993	67046	4.11199999	200	0	0
-3.27200007	67055	4.18300009	200	0	0
-3.27600002	67051	4.12799978	200	0	0
-3.27800012	67052	4.13600016	200	0	0
-3.273	67055	4.21999979	200	0	0
-3.27999997	67045	4.11499977	200	0	0
-3.2750001	67054	4.16300011	200	0	0
-3.273	67053.0078	4.14799976	200	0	0
-3.2750001	67055	4.19899988	200	0	0
-3.2750001	67055	4.20599985	200	0	0
-3.273	67054	4.2420001	200	0	0
-3.27399993	67051	4.1329999	200	0	0
-3.27399993	67054	4.17000008	200	0	0
-3.27699995	67050	4.12799978	200	0	0
-3.27200007	67054	4.23400021	200	0	0
-3.27399993	67049	4.12599993	200	0	0
-3.273	67052	4.14799976	200	0	0
-3.27200007	67053.0078	4.16099977	200	0	0
-3.27600002	67054	4.18499994	200	0	0
-3.273	67050	4.1329999	200	0	0
-3.27399993	67048	4.12599993	200	0	0
-3.273	67054	4.21999979	200	0	0
-3.27900004	67053.0078	4.24499989	200	0	0
-3.2750001	67044	4.12699986	200	0	0
-3.27399993	67054	4.19899988	200	0	0
-3.27600002	67054	4.20699978	200	0	0
-3.27099991	67046	4.125	200	0	0
-3.2750001	67045	4.12699986	200	0	0
-3.2750001	67047	4.12699986	200	0	0
-3.27699995	67053.0078	4.171	200	0	0
-3.26999998	67051	4.14599991	200	0	0
-3.27099991	67053.0078	4.23400021	200	0	0
-3.27800012	67049	4.13600016	200	0	0
-3.27200007	67052	4.16099977	200	0	0
-3.27399993	67048	4.13399982	200	0	0
-3.27699995	67044	4.13500023	200	0	0
-3.27600002	67053.0078	4.18499994	200	0	0
-3.273	67053.0078	4.21999979	200	0	0
-3.2750001	67052	4.24300003	200	0	0
-3.27200007	67053.0078	4.19799995	200	0	0
-3.2750001	67053.0078	4.20699978	200	0	0
-3.27600002	67046	4.13500023	200	0	0
-3.27900004	67047	4.13600016	200	0	0
-3.2750001	67052	4.17000008	200	0	0
-3.27600002	67050	4.14900017	200	0	0
-3.28200006	67045	4.13800001	200	0	0
-3.26999998	67051	4.15999985	200	0	0
-3.27099991	67052	4.23400021	200	0	0
-3.27099991	67052	4.18300009	200	0	0
-3.27699995	67051	4.24399996	200	0	0
-3.27800012	67049	4.1500001	200	0	0
-3.26900005	67048	4.14599991	200	0	0
-3.27200007	67052	4.21999979	200	0	0
-3.2750001	67051	4.17000008	200	0	0
-3.26900005	67052	4.1960001	200	0	0
-3.26900005	67050	4.15999985	200	0	0
-3.27399993	67052	4.20599985	200	0	0
-3.26999998	67046	4.14599991	200	0	0
-3.27399993	67047	4.14799976	200	0	0
-3.26900005	67051	4.2329998	200	0	0
-3.27900004	67045	4.15100002	200	0	0
-3.27099991	67051	4.18300009	200	0	0
-3.273	67050	4.2420001	200	0	0
-3.27800012	67050	4.17199993	200	0	0
-3.26900005	67051	4.21799994	200	0	0
-3.27699995	67049	4.16400003	200	0	0
-3.27600002	67051	4.19999981	200	0	0
-3.26699996	67048	4.15899992	200	0	0
-3.2750001	67051	4.20699978	200	0	0
-3.27399993	67050	4.23500013	200	0	0
-3.2750001	67049	4.24300003	200	0	0
-3.273	67050	4.18300009	200	0	0
-3.27800012	67049	4.17199993	200	0	0
-3.27200007	67047	4.16099977	200	0	0
-3.26999998	67046	4.15999985	200	0	0
-3.27399993	67050	4.22100019	200	0	0
-3.27399993	67048	4.24300003	200	0	0
-3.27099991	67048	4.16800022	200	0	0
-3.27099991	67049	4.23400021	200	0	0
-3.27699995	67047	4.24399996	200	0	0
-3.273	67050	4.19799995	200	0	0
-3.27200007	67050	4.20499992	200	0	0
-3.27099991	67047	4.16800022	200	0	0
-3.27099991	67049	4.18300009	200	0	0
-3.2750001	67046	4.17000008	200	0	0
-3.26999998	67048	4.2329998	200	0	0
-3.27099991	67049	4.21899986	200	0	0
-3.273	67047	4.23500013	200	0	0
-3.26900005	67049	4.1960001	200	0	0
-3.273	67049	4.20599985	200	0	0
-3.27200007	67048	4.18300009	200	0	0
-3.273	67048	4.21999979	200	0	0
-3.273	67047	4.18400002	200	0	0
-3.26799989	67048	4.1960001	200	0	0
-3.27099991	67046	4.18300009	200	0	0
-3.273	67048	4.20599985	200	0	0
-3.26999998	67047	4.21899986	200	0	0
-3.2750001	67047	4.19999981	200	0	0
-3.26600003	67046	4.19500017	200	0	0
-3.27399993	67047	4.20599985	200	0	0
-3.27699995	67037	4.05700016	200	0	0
-3.28699994	67036	4.0619998	200	0	0
-3.27099991	67046	4.07499981	200	0	0
-3.28399992	67045	4.06799984	200	0	0
-3.273	67048	4.09800005	200	0	0
-3.26699996	67047	4.08799982	200	0	0
-3.2809999	67042	4.05900002	200	0	0
-3.27900004	67039	4.05800009	200	0	0
-3.28299999	67044	4.06699991	200	0	0
-3.2809999	67041	4.05900002	200	0	0
-3.28500009	67038	4.06099987	200	0	0
-3.27099991	67041	4.06099987	200	0	0
-3.28299999	67040.0078	4.05999994	200	0	0
-3.28800011	67036	4.07000017	200	0	0
-3.2809999	67043	4.06599998	200	0	0
-3.273	67045	4.07700014	200	0	0
-3.28500009	67037	4.06799984	200	0	0
-3.27399993	67047	4.09800005	200	0	0
-3.2809999	67042	4.06599998	200	0	0
-3.27099991	67046	4.08900023	200	0	0
-3.28299999	67038	4.06699991	200	0	0
-3.27800012	67040.0078	4.06500006	200	0	0
-3.28399992	67039	4.06799984	200	0	0
-3.27099991	67046	4.09600019	200	0	0
-3.27999997	67044	4.07999992	200	0	0
-3.27600002	67037	4.07800007	200	0	0
-3.27999997	67043	4.07999992	200	0	0
-3.27999997	67045	4.09399986	200	0	0
-3.27699995	67041	4.07800007	200	0	0
-3.2809999	67042	4.07999992	200	0	0
-3.27800012	67039	4.079	200	0	0
-3.2809999	67038	4.08099985	200	0	0
-3.27999997	67040.0078	4.07999992	200	0	0
-3.27900004	67044	4.09299994	200	0	0
-3.28200006	67045	4.10200024	200	0	0
-3.27999997	67044	4.10099983	200	0	0
-3.28600001	67043	4.09700012	200	0	0
-3.27999997	67042	4.09399986	200	0	0
-3.27900004	67040.0078	4.09299994	200	0	0
-3.2809999	67041	4.09499979	200	0	0
-3.28699994	67043	4.10400009	200	0	0
-3.28200006	67042	4.10200024	200	0	0
-3.27399993	67050	4.11199999	200	0	0
-3.28200006	67035	4.05900002	200	0	0
-3.26900005	67048	4.08799982	200	0	0
-3.27200007	67049	4.09700012	200	0	0
-3.27600002	67056	4.24399996	200	0	0
-3.2750001	67049	4.09100008	200	0	0
-3.2750001	67050	4.09899998	200	0	0
-3.27099991	67051	4.11100006	200	0	0
-3.27699995	67050	4.06400013	200	0	0
-3.27800012	67043	4.00899982	200	0	0
-3.27600002	67042	4.0079999	200	0	0
-3.27600002	67040.0078	4.0079999	200	0	0
-3.28699994	67033	4.04799986	200	0	0
-3.26900005	67048	4.03900003	200	0	0
-3.27600002	67047	4.02899981	200	0	0
-3.27699995	67036	4.02199984	200	0	0
-3.28200006	67039	4.01000023	200	0	0
-3.27900004	67035	4.03000021	200	0	0
-3.27999997	67046	4.02299976	200	0	0
-3.273	67050	4.07600021	200	0	0
-3.28299999	67041	4.01100016	200	0	0
-3.2750001	67045	4.02099991	200	0	0
-3.27999997	67049	4.05800009	200	0	0
-3.273	67050	4.09000015	200	0	0
-3.26699996	67047	4.03800011	200	0	0
-3.28299999	67034.0078	4.046	200	0	0
-3.27999997	67037	4.02299976	200	0	0
-3.273	67044	4.01999998	200	0	0
-3.27800012	67046	4.03000021	200	0	0
-3.27900004	67036	4.03000021	200	0	0
-3.27800012	67049	4.06500006	200	0	0
-3.26900005	67048	4.05299997	200	0	0
-3.2809999	67038	4.02400017	200	0	0
-3.27200007	67049	4.07600021	200	0	0
-3.2809999	67035	4.04500008	200	0	0
-3.27800012	67043	4.02299976	200	0	0
-3.28200006	67039	4.02400017	200	0	0
-3.27399993	67048	4.0619998	200	0	0
-3.2809999	67040.0078	4.02400017	200	0	0
-3.28200006	67041	4.02400017	200	0	0
-3.28900003	67037	4.03499985	200	0	0
-3.28200006	67044	4.03100014	200	0	0
-3.27399993	67047	4.05499983	200	0	0
-3.27999997	67046	4.04400015	200	0	0
-3.27999997	67043	4.03000021	200	0	0
-3.27999997	67039	4.03000021	200	0	0
-3.28600001	67038	4.03299999	200	0	0
-3.28900003	67042	4.02799988	200	0	0
-3.28299999	67036	4.046	200	0	0
-3.273	67048	4.07600021	200	0	0
-3.2750001	67045	4.04199982	200	0	0
-3.2750001	67037	4.04199982	200	0	0
-3.28399992	67042	4.03200006	200	0	0
-3.28399992	67040.0078	4.03200006	200	0	0
-3.27600002	67047	4.06400013	200	0	0
-3.27099991	67038	4.03999996	200	0	0
-3.28299999	67041	4.03200006	200	0	0
-3.27800012	67046	4.05800009	200	0	0
-3.27999997	67044	4.04400015	200	0	0
-3.27399993	67047	4.07700014	200	0	0
-3.273	67045	4.05499983	200	0	0
-3.27900004	67039	4.04400015	200	0	0
-3.27900004	67046	4.06500006	200	0	0
-3.27900004	67041	4.04400015	200	0	0
-3.28800011	67043	4.04799986	200	0	0
-3.28399992	67042	4.04699993	200	0	0
-3.28699994	67040.0078	4.04799986	200	0	0
-3.273	67043	4.05499983	200	0	0
-3.28200006	67044	4.05900002	200	0	0
-3.28999996	67030	4	200	0	0
-3.27699995	67029	4.0079999	200	0	0
-3.273	67028.0078	4.01999998	200	0	0
-3.26999998	67027	4.03999996	200	0	0
-3.2809999	67031	3.99600005	200	0	0
-3.27999997	67033	3.98900008	200	0	0
-3.28800011	67041	3.99900007	200	0	0
-3.27699995	67028.0078	4.02899981	200	0	0
-3.28200006	67039	3.99000001	200	0	0
-3.2809999	67040.0078	3.99600005	200	0	0
-3.27999997	67038	3.98900008	200	0	0
-3.27999997	67037	3.98799992	200	0	0
-3.27900004	67035	3.98799992	200	0	0
-3.27399993	67029	4.02099991	200	0	0
-3.27800012	67036	3.98799992	200	0	0
-3.28399992	67034.0078	3.99099994	200	0	0
-3.28399992	67030	4.01200008	200	0	0
-3.27200007	67028.0078	4.04099989	200	0	0
-3.29099989	67032	4.00099993	200	0	0
-3.2809999	67039	3.99600005	200	0	0
-3.28399992	67033	3.99799991	200	0	0
-3.2809999	67038	3.99600005	200	0	0
-3.2809999	67034.0078	3.99600005	200	0	0
-3.28200006	67029	4.03100014	200	0	0
-3.27999997	67037	3.99499989	200	0	0
-3.28500009	67031	4.01200008	200	0	0
-3.2809999	67035	3.99600005	200	0	0
-3.2809999	67036	3.99600005	200	0	0
-3.27800012	67032	4.00899982	200	0	0
-3.28399992	67030	4.02600002	200	0	0
-3.27399993	67029	4.04199982	200	0	0
-3.28800011	67030	4.03399992	200	0	0
-3.27699995	67038	4.0079999	200	0	0
-3.28299999	67031	4.0250001	200	0	0
-3.28699994	67033	4.01300001	200	0	0
-3.27999997	67034.0078	4.00899982	200	0	0
-3.273	67036	4.00699997	200	0	0
-3.27900004	67035	4.00899982	200	0	0
-3.27800012	67037	4.00899982	200	0	0
-3.28299999	67031	4.03200006	200	0	0
-3.28200006	67032	4.02400017	200	0	0
-3.28600001	67030	4.04799986	200	0	0
-3.27999997	67033	4.02299976	200	0	0
-3.27900004	67032	4.03000021	200	0	0
-3.27900004	67031	4.04400015	200	0	0
-3.28200006	67034.0078	4.02400017	200	0	0
-3.27900004	67035	4.02299976	200	0	0
-3.28500009	67033	4.03299999	200	0	0
-3.27800012	67034.0078	4.03000021	200	0	0
-3.28500009	67032	4.04699993	200	0	0
-3.273	67029	3.98600006	200	0	0
-3.27999997	67027	3.99499989	200	0	0
-3.27900004	67028.0078	3.99499989	200	0	0
-3.27999997	67030	3.98900008	200	0	0
-3.27699995	67032	3.98699999	200	0	0
-3.28200006	67031	3.99000001	200	0	0
-3.27800012	67029	3.99499989	200	0	0
-3.27800012	67027	4.00899982	200	0	0
-3.27200007	67028.0078	4.00600004	200	0	0
-3.273	67027	4.01999998	200	0	0
-3.27600002	67027	4.02899981	200	0	0
-3.273	67052	4.09700012	200	0	0
-3.26900005	67052	4.11000013	200	0	0
-3.27999997	67051	4.09399986	200	0	0
-3.27600002	67051	4.09899998	200	0	0
-3.27800012	67044	4.00899982	200	0	0
-3.2750001	67054	4.12699986	200	0	0
-3.27099991	67053.0078	4.11100006	200	0	0
-3.2750001	67054	4.13399982	200	0	0
-3.26799989	67053.0078	4.12300014	200	0	0
-3.28999996	67030	3.96499991	200	0	0
-3.27999997	67028.0078	3.96099997	200	0	0
-3.28399992	67029	3.96300006	200	0	0
-3.27999997	67032	3.9749999	200	0	0
-3.28200006	67027	3.96199989	200	0	0
-3.28500009	67031	3.977	200	0	0
-3.2809999	67030	3.9749999	200	0	0
-3.27800012	67029	3.97399998	200	0	0
-3.2750001	67027	3.97199988	200	0	0
-3.27699995	67028.0078	3.97300005	200	0	0
-3.26900005	67027	3.98399997	200	0	0
-3.2750001	67028.0078	3.98600006	200	0	0
-3.28800011	67032	3.96499991	200	0	0
-3.2809999	67033	3.9749999	200	0	0
-3.28299999	67039	3.97600007	200	0	0
-3.28800011	67036	3.96499991	200	0	0
-3.28999996	67034.0078	3.96499991	200	0	0
-3.27600002	67040.0078	3.98699999	200	0	0
-3.27600002	67037	3.97300005	200	0	0
-3.2809999	67036	3.9749999	200	0	0
-3.2809999	67035	3.9749999	200	0	0
-3.27900004	67034.0078	3.9749999	200	0	0
-3.27999997	67033	3.96099997	200	0	0
-3.26799989	67052	4.08799982	200	0	0
-3.27099991	67051	4.07499981	200	0	0
-3.27900004	67055	4.03000021	200	0	0
-3.27399993	67051	4.02699995	200	0	0
-3.27699995	67054	4.02899981	200	0	0
-3.27399993	67052	4.02699995	200	0	0
-3.27200007	67057	4.04099989	200	0	0
-3.2750001	67053.0078	4.02799988	200	0	0
-3.27900004	67050	4.03000021	200	0	0
-3.27800012	67057	4.20800018	200	0	0
-3.27900004	67059.0078	4.1869998	200	0	0
-3.27900004	67056	4.20900011	200	0	0
-3.27699995	67056	4.04300022	200	0	0
-3.27600002	67057	4.19999981	200	0	0
-3.27099991	67055	4.03999996	200	0	0
-3.2750001	67049	4.04199982	200	0	0
-3.27600002	67050	4.04199982	200	0	0
-3.27800012	67057	4.05700016	200	0	0
-3.27800012	67054	4.04300022	200	0	0
-3.27800012	67059.0078	4.17199993	200	0	0
-3.273	67051	4.04099989	200	0	0
-3.2750001	67053.0078	4.04199982	200	0	0
-3.26799989	67056	4.19500017	200	0	0
-3.27200007	67056	4.05499983	200	0	0
-3.28299999	67052	4.046	200	0	0
-3.27699995	67057	4.06400013	200	0	0
-3.273	67057	4.18300009	200	0	0
-3.27600002	67055	4.05600023	200	0	0
-3.27800012	67056	4.06400013	200	0	0
-3.27399993	67054	4.05499983	200	0	0
-3.27200007	67050	4.05499983	200	0	0
-3.26999998	67053.0078	4.05299997	200	0	0
-3.27600002	67056	4.18499994	200	0	0
-3.27099991	67052	4.0539999	200	0	0
-3.2750001	67057	4.07700014	200	0	0
-3.27800012	67051	4.05700016	200	0	0
-3.27999997	67055	4.06500006	200	0	0
-3.27099991	67057	4.16800022	200	0	0
-3.26900005	67056	4.07399988	200	0	0
-3.27099991	67053.0078	4.06099987	200	0	0
-3.27900004	67054	4.06500006	200	0	0
-3.27699995	67057	4.16400003	200	0	0
-3.2750001	67052	4.0630002	200	0	0
-3.27699995	67051	4.06400013	200	0	0
-3.27800012	67056	4.17199993	200	0	0
-3.27699995	67057	4.09200001	200	0	0
-3.27699995	67057	4.09899998	200	0	0
-3.27800012	67055	4.079	200	0	0
-3.2750001	67057	4.14799976	200	0	0
-3.27200007	67056	4.16099977	200	0	0
-3.27099991	67056	4.08900023	200	0	0
-3.2750001	67054	4.07700014	200	0	0
-3.26799989	67053.0078	4.07399988	200	0	0
-3.273	67057	4.11100006	200	0	0
-3.27800012	67057	4.13600016	200	0	0
-3.27399993	67057	4.12599993	200	0	0
-3.26999998	67052	4.07499981	200	0	0
-3.2750001	67056	4.09800005	200	0	0
-3.27200007	67055	4.16099977	200	0	0
-3.27200007	67056	4.14699984	200	0	0
-3.27900004	67055	4.09299994	200	0	0
-3.273	67056	4.11100006	200	0	0
-3.26799989	67054	4.08799982	200	0	0
-3.27800012	67056	4.13600016	200	0	0
-3.2750001	67056	4.12699986	200	0	0
-3.27900004	67055	4.0999999	200	0	0
-3.27600002	67055	4.14900017	200	0	0
-3.26999998	67053.0078	4.08900023	200	0	0
-3.2809999	67055	4.13700008	200	0	0
-3.27900004	67054	4.0999999	200	0	0
-3.27600002	67055	4.11299992	200	0	0
-3.27399993	67055	4.12599993	200	0	0
-3.273	67053.0078	4.09700012	200	0	0
-3.27699995	67054	4.11399984	200	0	0
-3.28399992	67059.0078	4.22599983	200	0	0
-3.27800012	67056	4.23799992	200	0	0
-3.273	67057	4.23500013	200	0	0
-3.28600001	67059.0078	4.21199989	200	0	0
-3.2750001	67057	4.22100019	200	0	0
-3.27699995	67056	4.22200012	200	0	0
-3.27900004	67059.0078	4.20100021	200	0	0
-3.27699995	67053.0078	4.02199984	200	0	0
-3.26600003	67047	4.0170002	200	0	0
-3.27200007	67052	4.01999998	200	0	0
-3.273	67051	4.01999998	200	0	0
-3.27600002	67048	4.02099991	200	0	0
-3.2750001	67050	4.02099991	200	0	0
-3.27600002	67049	4.02099991	200	0	0
-3.27699995	67049	4.02899981	200	0	0
-3.27900004	67048	4.03000021	200	0	0
-3.2809999	67058	4.24700022	200	0	0
-3.27600002	67057	4.24399996	200	0	0
-3.28500009	67045	3.99799991	200	0	0
-3.27699995	67044	3.98699999	200	0	0
-3.2809999	67035	3.96099997	200	0	0
-3.27999997	67042	3.9749999	200	0	0
-3.28500009	67038	3.96300006	200	0	0
-3.29099989	67039	3.96600008	200	0	0
-3.27699995	67044	3.99399996	200	0	0
-3.273	67041	3.97199988	200	0	0
-3.27200007	67043	3.9849999	200	0	0
-3.27999997	67045	4.00899982	200	0	0
-3.27699995	67042	3.98699999	200	0	0
-3.28500009	67043	3.99799991	200	0	0
-3.29099989	67040.0078	3.98000002	200	0	0
-3.27699995	67041	3.98699999	200	0	0
-3.2809999	67042	3.99600005	200	0	0
-3.27399993	67053.0078	4.00600004	200	0	0
-3.2750001	67050	3.98600006	200	0	0
-3.27699995	67054	4.02199984	200	0	0
-3.2809999	67051	3.99600005	200	0	0
-3.27399993	67049	3.98600006	200	0	0
-3.26799989	67047	3.98300004	200	0	0
-3.27399993	67048	3.98600006	200	0	0
-3.26999998	67046	3.98399997	200	0	0
-3.27600002	67050	3.99399996	200	0	0
-3.27699995	67052	4.0079999	200	0	0
-3.2750001	67049	3.99300003	200	0	0
-3.2809999	67045	3.98900008	200	0	0
-3.26999998	67051	4.00500011	200	0	0
-3.27399993	67048	3.99300003	200	0	0
-3.273	67047	3.9920001	200	0	0
-3.28399992	67046	3.99699998	200	0	0
-3.27999997	67050	4.00899982	200	0	0
-3.27600002	67049	4.00699997	200	0	0
-3.2750001	67048	4.00699997	200	0	0
-3.27099991	67047	4.00500011	200	0	0
-3.2809999	67046	4.01000023	200	0	0
-3.27699995	67043	3.97300005	200	0	0
-3.27800012	67044	3.97399998	200	0	0
-3.27900004	67046	3.97399998	200	0	0
-3.27999997	67045	3.9749999	200	0	0
-3.2809999	67040.0078	3.96099997	200	0	0
-3.27699995	67041	3.96000004	200	0	0
-3.27999997	67043	3.96099997	200	0	0
-3.27999997	67042	3.96099997	200	0	0
-3.27800012	67056	4.02899981	200	0	0
-3.27800012	67055	4.02199984	200	0	0
-3.27399993	67054	4.00600004	200	0	0
-3.27800012	67056	4.02199984	200	0	0
-3.28200006	67057	4.03100014	200	0	0
-3.27399993	67056	3.9849999	200	0	0
-3.27800012	67057	3.99399996	200	0	0
-3.26900005	67047	3.97000003	200	0	0
-3.2750001	67053.0078	3.97199988	200	0	0
-3.26900005	67048	3.97000003	200	0	0
-3.273	67052	3.97099996	200	0	0
-3.27200007	67049	3.97099996	200	0	0
-3.27600002	67056	3.99300003	200	0	0
-3.27399993	67050	3.97199988	200	0	0
-3.27600002	67051	3.97300005	200	0	0
-3.27999997	67055	3.98799992	200	0	0
-3.27699995	67057	4.0079999	200	0	0
-3.27699995	67054	3.98699999	200	0	0
-3.27800012	67055	3.99399996	200	0	0
-3.273	67053.0078	3.9849999	200	0	0
-3.273	67057	4.01999998	200	0	0
-3.2750001	67056	4.00699997	200	0	0
-3.27200007	67052	3.9849999	200	0	0
-3.27999997	67054	3.99499989	200	0	0
-3.27699995	67051	3.98699999	200	0	0
-3.27699995	67053.0078	3.99399996	200	0	0
-3.27900004	67055	4.00899982	200	0	0
-3.27600002	67052	3.99300003	200	0	0
-3.27200007	67048	3.9230001	200	0	0
-3.2750001	67051	3.95099998	200	0	0
-3.27800012	67036	3.94000006	200	0	0
-3.28200006	67035	3.95499992	200	0	0
-3.2750001	67051	3.95799994	200	0	0
-3.2750001	67047	3.92400002	200	0	0
-3.27600002	67049	3.93799996	200	0	0
-3.27900004	67039	3.92600012	200	0	0
-3.27600002	67050	3.9519999	200	0	0
-3.26999998	67048	3.93600011	200	0	0
-3.28200006	67036	3.95499992	200	0	0
-3.27999997	67046	3.92700005	200	0	0
-3.28500009	67040.0078	3.9289999	200	0	0
-3.27699995	67050	3.96000004	200	0	0
-3.273	67049	3.95099998	200	0	0
-3.28600001	67038	3.94300008	200	0	0
-3.28399992	67041	3.9289999	200	0	0
-3.2809999	67042	3.92700005	200	0	0
-3.27999997	67044	3.92700005	200	0	0
-3.27200007	67047	3.93700004	200	0	0
-3.2809999	67043	3.92700005	200	0	0
-3.27699995	67039	3.93899989	200	0	0
-3.27399993	67049	3.95799994	200	0	0
-3.27399993	67048	3.95099998	200	0	0
-3.27999997	67046	3.94000006	200	0	0
-3.2809999	67040.0078	3.94099998	200	0	0
-3.27200007	67047	3.95000005	200	0	0
-3.2750001	67048	3.95799994	200	0	0
-3.2809999	67041	3.94099998	200	0	0
-3.27699995	67043	3.93899989	200	0	0
-3.27999997	67044	3.94000006	200	0	0
-3.28500009	67042	3.94199991	200	0	0
-3.28299999	67039	3.95600009	200	0	0
-3.27699995	67047	3.96000004	200	0	0
-3.2809999	67046	3.954	200	0	0
-3.28500009	67040.0078	3.95600009	200	0	0
-3.27699995	67046	3.96000004	200	0	0
-3.27600002	67043	3.9519999	200	0	0
-3.27999997	67044	3.954	200	0	0
-3.28900003	67041	3.95799994	200	0	0
-3.28399992	67042	3.95600009	200	0	0
-3.27800012	67044	3.96000004	200	0	0
-3.28200006	67034.0078	3.95499992	200	0	0
-3.28999996	67035	3.94499993	200	0	0
-3.29500008	67034.0078	3.93300009	200	0	0
-3.28399992	67033	3.94199991	200	0	0
-3.28699994	67032	3.95700002	200	0	0
-3.28500009	67035	3.9289999	200	0	0
-3.27900004	67036	3.92600012	200	0	0
-3.2809999	67034.0078	3.94099998	200	0	0
-3.28200006	67033	3.95499992	200	0	0
-3.27800012	67053.0078	3.95300007	200	0	0
-3.27800012	67054	3.96000004	200	0	0
-3.27399993	67055	3.97199988	200	0	0
-3.27399993	67052	3.95099998	200	0	0
-3.27600002	67053.0078	3.95900011	200	0	0
-3.27200007	67054	3.97099996	200	0	0
-3.27900004	67052	3.96000004	200	0	0
-3.27200007	67050	3.93700004	200	0	0
-3.28200006	67033	3.92700005	200	0	0
-3.27600002	67029	3.9519999	200	0	0
-3.27900004	67032	3.94000006	200	0	0
-3.2750001	67027	3.92499995	200	0	0
-3.27399993	67028.0078	3.92400002	200	0	0
-3.27800012	67029	3.92600012	200	0	0
-3.29099989	67032	3.93099999	200	0	0
-3.273	67027	3.93700004	200	0	0
-3.27399993	67028.0078	3.93799996	200	0	0
-3.27800012	67029	3.94000006	200	0	0
-3.27999997	67027	3.954	200	0	0
-3.273	67028.0078	3.95099998	200	0	0
-3.2809999	67049	3.92700005	200	0	0
-3.2750001	67052	3.93799996	200	0	0
-3.27099991	67055	3.93600011	200	0	0
-3.273	67054	3.93700004	200	0	0
-3.27699995	67053.0078	3.93899989	200	0	0
-3.27600002	67056	3.93799996	200	0	0
-3.27200007	67057	3.95000005	200	0	0
-3.27099991	67056	3.95000005	200	0	0
-3.27200007	67055	3.95000005	200	0	0
-3.27399993	67054	3.95099998	200	0	0
-3.27399993	67057	3.95799994	200	0	0
-3.27900004	67055	3.96000004	200	0	0
-3.2809999	67056	3.96099997	200	0	0
-3.273	67057	3.97099996	200	0	0
-3.27399993	67056	3.97199988	200	0	0
-3.27600002	67057	3.98600006	200	0	0
-3.27099991	67051	3.93600011	200	0	0
-3.2750001	67068	4.14699984	200	0	0
-3.2809999	67068	4.22300005	200	0	0
-3.27600002	67067	4.13399982	200	0	0
-3.27900004	67067	4.23699999	200	0	0
-3.2750001	67068	4.16200018	200	0	0
-3.27699995	67068	4.20599985	200	0	0
-3.28299999	67068	4.17299986	200	0	0
-3.27800012	67068	4.19899988	200	0	0
-3.273	67068	4.18200016	200	0	0
-3.27600002	67067	4.21999979	200	0	0
-3.2809999	67067	4.17199993	200	0	0
-3.2809999	67067	4.18599987	200	0	0
-3.27900004	67067	4.05600023	200	0	0
-3.27699995	67068	4.13399982	200	0	0
-3.27200007	67068	4.23999977	200	0	0
-3.27600002	67068	4.23500013	200	0	0
-3.28399992	67067	4.24700022	200	0	0
-3.27900004	67052	3.92600012	200	0	0
-3.2750001	67051	3.92400002	200	0	0
-3.296	67066	3.96000004	200	0	0
-3.29500008	67066	3.94499993	200	0	0
-3.27699995	67067	3.98600006	200	0	0
-3.27399993	67073	4.06099987	200	0	0
-3.2809999	67069	4.24499989	200	0	0
-3.27800012	67075	4.07800007	200	0	0
-3.27200007	67070	4.05299997	200	0	0
-3.27099991	67072	4.05999994	200	0	0
-3.273	67072	4.23400021	200	0	0
-3.26999998	67069	4.05299997	200	0	0
-3.273	67074	4.21899986	200	0	0
-3.27699995	67071	4.23500013	200	0	0
-3.27600002	67074	4.07600021	200	0	0
-3.26999998	67071	4.05999994	200	0	0
-3.27600002	67068	4.05499983	200	0	0
-3.2750001	67075	4.20599985	200	0	0
-3.27699995	67069	4.23600006	200	0	0
-3.27399993	67070	4.23400021	200	0	0
-3.27800012	67075	4.09200001	200	0	0
-3.27099991	67073	4.07399988	200	0	0
-3.27399993	67070	4.06099987	200	0	0
-3.27399993	67073	4.21899986	200	0	0
-3.273	67075	4.19700003	200	0	0
-3.27900004	67075	4.09899998	200	0	0
-3.27800012	67069	4.0630002	200	0	0
-3.27699995	67068	4.0630002	200	0	0
-3.2750001	67074	4.20499992	200	0	0
-3.26999998	67072	4.07399988	200	0	0
-3.27600002	67072	4.21999979	200	0	0
-3.27600002	67074	4.09000015	200	0	0
-3.27800012	67074	4.19999981	200	0	0
-3.26900005	67071	4.07299995	200	0	0
-3.27800012	67075	4.18499994	200	0	0
-3.27600002	67071	4.21999979	200	0	0
-3.27399993	67075	4.11100006	200	0	0
-3.27099991	67073	4.08799982	200	0	0
-3.27699995	67073	4.20599985	200	0	0
-3.27800012	67074	4.09899998	200	0	0
-3.27699995	67070	4.22100019	200	0	0
-3.26900005	67075	4.12300014	200	0	0
-3.27699995	67075	4.17000008	200	0	0
-3.27800012	67072	4.20699978	200	0	0
-3.27099991	67069	4.21799994	200	0	0
-3.27600002	67069	4.07600021	200	0	0
-3.27600002	67075	4.16200018	200	0	0
-3.27399993	67073	4.19799995	200	0	0
-3.27099991	67072	4.08799982	200	0	0
-3.27999997	67075	4.13500023	200	0	0
-3.27600002	67068	4.07600021	200	0	0
-3.27699995	67075	4.14799976	200	0	0
-3.27699995	67073	4.09800005	200	0	0
-3.273	67074	4.18200016	200	0	0
-3.27600002	67074	4.11199999	200	0	0
-3.2809999	67067	4.079	200	0	0
-3.26699996	67071	4.08599997	200	0	0
-3.27800012	67071	4.20699978	200	0	0
-3.2750001	67072	4.19799995	200	0	0
-3.27399993	67072	4.09700012	200	0	0
-3.273	67074	4.125	200	0	0
-3.2750001	67074	4.16900015	200	0	0
-3.26600003	67071	4.09299994	200	0	0
-3.27699995	67070	4.20599985	200	0	0
-3.27800012	67074	4.16300011	200	0	0
-3.273	67073	4.11100006	200	0	0
-3.27600002	67074	4.1329999	200	0	0
-3.2750001	67073	4.18300009	200	0	0
-3.27200007	67070	4.08900023	200	0	0
-3.273	67074	4.14599991	200	0	0
-3.27699995	67069	4.20599985	200	0	0
-3.273	67071	4.19700003	200	0	0
-3.27600002	67069	4.09000015	200	0	0
-3.27399993	67068	4.09000015	200	0	0
-3.26900005	67072	4.1079998	200	0	0
-3.26900005	67073	4.12300014	200	0	0
-3.27999997	67073	4.171	200	0	0
-3.27399993	67070	4.19799995	200	0	0
-3.27699995	67070	4.09800005	200	0	0
-3.27099991	67072	4.18100023	200	0	0
-3.2750001	67069	4.19799995	200	0	0
-3.27099991	67073	4.15999985	200	0	0
-3.27699995	67073	4.13399982	200	0	0
-3.27200007	67073	4.14599991	200	0	0
-3.26799989	67071	4.1079998	200	0	0
-3.27800012	67069	4.09899998	200	0	0
-3.27900004	67068	4.09899998	200	0	0
-3.27600002	67071	4.18400002	200	0	0
-3.26900005	67072	4.12300014	200	0	0
-3.2750001	67072	4.16900015	200	0	0
-3.27099991	67070	4.10900021	200	0	0
-3.2750001	67072	4.16200018	200	0	0
-3.27600002	67072	4.13399982	200	0	0
-3.2750001	67070	4.18300009	200	0	0
-3.27399993	67072	4.14699984	200	0	0
-3.26799989	67071	4.12200022	200	0	0
-3.27200007	67069	4.11000013	200	0	0
-3.27699995	67071	4.17000008	200	0	0
-3.27200007	67069	4.18200016	200	0	0
-3.2750001	67068	4.11199999	200	0	0
-3.27099991	67071	4.15999985	200	0	0
-3.27800012	67071	4.13500023	200	0	0
-3.27600002	67070	4.17000008	200	0	0
-3.27200007	67071	4.14599991	200	0	0
-3.273	67070	4.125	200	0	0
-3.27399993	67069	4.16900015	200	0	0
-3.27200007	67070	4.15999985	200	0	0
-3.27999997	67070	4.13500023	200	0	0
-3.27200007	67068	4.12400007	200	0	0
-3.27699995	67069	4.12699986	200	0	0
-3.273	67070	4.14599991	200	0	0
-3.2750001	67069	4.1329999	200	0	0
-3.26999998	67069	4.15899992	200	0	0
-3.27800012	67069	4.14900017	200	0	0
-3.27699995	67075	4.24300003	200	0	0
-3.27399993	67075	4.23400021	200	0	0
-3.27699995	67075	4.22100019	200	0	0
-3.27900004	67074	4.24399996	200	0	0
-3.273	67074	4.23400021	200	0	0
-3.27900004	67073	4.24399996	200	0	0
-3.27399993	67073	4.23400021	200	0	0
-3.27800012	67072	4.24399996	200	0	0
-3.27900004	67071	4.24399996	200	0	0
-3.28600001	67070	4.24800014	200	0	0
-3.27600002	67073	4.05499983	200	0	0
-3.27900004	67074	4.06400013	200	0	0
-3.2750001	67070	4.04099989	200	0	0
-3.26999998	67072	4.05200005	200	0	0
-3.27399993	67069	4.03999996	200	0	0
-3.26600003	67071	4.05000019	200	0	0
-3.2750001	67068	4.04099989	200	0	0
-3.27999997	67068	3.95900011	200	0	0
-3.27999997	67067	3.96000004	200	0	0
-3.26999998	67073	3.98300004	200	0	0
-3.27800012	67074	3.99300003	200	0	0
-3.27699995	67071	3.97199988	200	0	0
-3.273	67070	3.97000003	200	0	0
-3.2750001	67075	4.01999998	200	0	0
-3.2750001	67073	3.9920001	200	0	0
-3.27399993	67069	3.97099996	200	0	0
-3.27600002	67074	4.00600004	200	0	0
-3.27600002	67072	3.98600006	200	0	0
-3.27399993	67068	3.97099996	200	0	0
-3.27800012	67075	4.02799988	200	0	0
-3.27699995	67067	3.97199988	200	0	0
-3.273	67071	3.98399997	200	0	0
-3.27200007	67075	4.03900003	200	0	0
-3.27600002	67072	3.9920001	200	0	0
-3.2809999	67075	4.06500006	200	0	0
-3.27800012	67075	4.05600023	200	0	0
-3.27200007	67073	4.00400019	200	0	0
-3.273	67074	4.01900005	200	0	0
-3.27399993	67070	3.98399997	200	0	0
-3.27800012	67074	4.02799988	200	0	0
-3.273	67069	3.98399997	200	0	0
-3.27999997	67071	3.99399996	200	0	0
-3.2750001	67074	4.04099989	200	0	0
-3.27099991	67073	4.01800013	200	0	0
-3.27600002	67072	4.00600004	200	0	0
-3.27600002	67070	3.9920001	200	0	0
-3.27699995	67068	3.98600006	200	0	0
-3.273	67074	4.0539999	200	0	0
-3.27099991	67073	4.0250001	200	0	0
-3.27900004	67069	3.99399996	200	0	0
-3.2750001	67068	3.9920001	200	0	0
-3.2750001	67071	4.00600004	200	0	0
-3.273	67073	4.03999996	200	0	0
-3.26900005	67070	4.00299978	200	0	0
-3.2750001	67072	4.01999998	200	0	0
-3.27900004	67072	4.02799988	200	0	0
-3.26799989	67068	4.00199986	200	0	0
-3.27399993	67069	4.00500011	200	0	0
-3.27600002	67071	4.01999998	200	0	0
-3.27699995	67072	4.04199982	200	0	0
-3.2750001	67071	4.02699995	200	0	0
-3.27399993	67070	4.01900005	200	0	0
-3.27399993	67071	4.03999996	200	0	0
-3.27999997	67070	4.02899981	200	0	0
-3.27699995	67069	4.02099991	200	0	0
-3.27900004	67068	4.02099991	200	0	0
-3.27600002	67069	4.02699995	200	0	0
-3.28200006	67068	4.03000021	200	0	0
-3.273	67075	3.95000005	200	0	0
-3.2750001	67075	3.97099996	200	0	0
-3.2750001	67074	3.9230001	200	0	0
-3.27399993	67074	3.98399997	200	0	0
-3.27900004	67074	3.93899989	200	0	0
-3.273	67074	3.97000003	200	0	0
-3.27600002	67074	3.95099998	200	0	0
-3.27699995	67074	3.95799994	200	0	0
-3.27900004	67073	3.92499995	200	0	0
-3.27699995	67073	3.93799996	200	0	0
-3.27200007	67073	3.94899988	200	0	0
-3.27399993	67073	3.97099996	200	0	0
-3.27999997	67073	3.96000004	200	0	0
-3.27399993	67072	3.93600011	200	0	0
-3.27099991	67072	3.9690001	200	0	0
-3.27600002	67072	3.95099998	200	0	0
-3.2750001	67072	3.95700002	200	0	0
-3.27600002	67071	3.93700004	200	0	0
-3.2750001	67071	3.95700002	200	0	0
-3.27800012	67071	3.9519999	200	0	0
-3.27900004	67070	3.93899989	200	0	0
-3.27399993	67070	3.95000005	200	0	0
-3.27600002	67070	3.95799994	200	0	0
-3.27600002	67069	3.93700004	200	0	0
-3.26900005	67068	3.93400002	200	0	0
-3.27600002	67069	3.95099998	200	0	0
-3.27600002	67069	3.95799994	200	0	0
-3.2750001	67068	3.95000005	200	0	0
-3.27800012	67067	3.93799996	200	0	0
-3.27699995	67067	3.95099998	200	0	0
