-3.52399993	69216	-0.289000005	0	200	0
-3.49300003	69218	-0.204999998	0	200	0
-3.48799992	69218	-0.105999999	0	200	0
-3.50399995	69220	-0.108999997	0	200	0
-3.4920001	69219	-0.108999997	0	200	0
-3.52399993	69216	-0.289000005	0	200	0
-3.48900008	69219	-0.115999997	0	200	0
-3.5480001	69221	-0.141000003	0	200	0
-3.49600005	69220	-0.122000001	0	200	0
-3.53999996	69217	-0.135000005	0	200	0
-3.54200006	69221	-0.147	0	200	0
-3.49900007	69218	-0.123999998	0	200	0
-3.55500007	69221	-0.165999994	0	200	0
-3.49000001	69219	-0.127000004	0	200	0
-3.4920001	69218	-0.128000006	0	200	0
-3.49600005	69220	-0.130999997	0	200	0
-3.54200006	69217	-0.147	0	200	0
-3.55100012	69221	-0.172000006	0	200	0
-3.477	69219	-0.136000007	0	200	0
-3.54099989	69217	-0.155000001	0	200	0
-3.54500008	69217	-0.167999998	0	200	0
-3.477	69219	-0.144999996	0	200	0
-3.49099994	69218	-0.147	0	200	0
-3.49699998	69220	-0.150999993	0	200	0
-3.49799991	69220	-0.160999998	0	200	0
-3.49300003	69218	-0.157000005	0	200	0
-3.48300004	69219	-0.159999996	0	200	0
-3.4920001	69220	-0.166999996	0	200	0
-3.48000002	69219	-0.166999996	0	200	0
-3.49799991	69218	-0.171000004	0	200	0
-3.48699999	69218	-0.172000006	0	200	0
-3.56699991	69221	-0.0610000007	0	200	0
-3.49900007	69219	-0.0120000001	0	200	0
-3.56399989	69221	-0.0680000037	0	200	0
-3.56800008	69221	-0.0799999982	0	200	0
-3.51699996	69220	-0.0240000002	0	200	0
-3.56999993	69221	-0.0909999982	0	200	0
-3.49699998	69219	-0.0189999994	0	200	0
-3.51399994	69218	-0.023	0	200	0
-3.56200004	69221	-0.123000003	0	200	0
-3.51399994	69220	-0.0320000015	0	200	0
-3.55200005	69217	-0.0590000004	0	200	0
-3.55800009	69221	-0.129999995	0	200	0
-3.51200008	69218	-0.0309999995	0	200	0
-3.55999994	69221	-0.112000003	0	200	0
-3.55900002	69221	-0.101999998	0	200	0
-3.55599999	69217	-0.0719999969	0	200	0
-3.5	69219	-0.0309999995	0	200	0
-3.50600004	69218	-0.0350000001	0	200	0
-3.55500007	69217	-0.0799999982	0	200	0
-3.5	69219	-0.0399999991	0	200	0
-3.5150001	69220	-0.0520000011	0	200	0
-3.50699997	69218	-0.0460000001	0	200	0
-3.49499989	69219	-0.0549999997	0	200	0
-3.51099992	69220	-0.0670000017	0	200	0
-3.48900008	69219	-0.0599999987	0	200	0
-3.5079999	69218	-0.0649999976	0	200	0
-3.5079999	69220	-0.074000001	0	200	0
-3.50099993	69218	-0.0689999983	0	200	0
-3.49300003	69219	-0.0719999969	0	200	0
-3.48600006	69219	-0.0769999996	0	200	0
-3.49900007	69220	-0.0860000029	0	200	0
-3.50399995	69218	-0.0810000002	0	200	0
-3.50099993	69218	-0.0879999995	0	200	0
-3.49000001	69219	-0.0979999974	0	200	0
-3.49699998	69218	-0.104000002	0	200	0
-3.57299995	69221	-0.0460000001	0	200	0
-3.51099992	69218	0.0160000008	0	200	0
-3.56999993	69217	0.0299999993	0	200	0
-3.5150001	69220	0.0219999999	0	200	0
-3.52200007	69218	0.0179999992	0	200	0
-3.50099993	69219	0.00499999989	0	200	0
-3.5079999	69219	0.00999999978	0	200	0
-3.57399988	69217	0.0179999992	0	200	0
-3.51699996	69218	0.00300000003	0	200	0
-3.51399994	69220	0.00499999989	0	200	0
-3.57299995	69217	0.00899999961	0	200	0
-3.51900005	69218	-0.00800000038	0	200	0
-3.523	69220	-0.00999999978	0	200	0
-3.579	69221	0.00499999989	0	200	0
-3.56299996	69217	-0.0109999999	0	200	0
-3.57200003	69221	0.00100000005	0	200	0
-3.56999993	69217	-0.0250000004	0	200	0
-3.56599998	69221	-0.0130000003	0	200	0
-3.57299995	69221	-0.0280000009	0	200	0
-3.57999992	69221	-0.0419999994	0	200	0
-3.52600002	69218	0.0780000016	0	200	0
-3.5309999	69220	0.075000003	0	200	0
-3.50600004	69219	0.074000001	0	200	0
-3.52099991	69220	0.064000003	0	200	0
-3.50699997	69219	0.064000003	0	200	0
-3.52099991	69218	0.0549999997	0	200	0
-3.52600002	69220	0.050999999	0	200	0
-3.50699997	69219	0.0549999997	0	200	0
-3.51999998	69218	0.0460000001	0	200	0
-3.52600002	69220	0.0419999994	0	200	0
-3.51300001	69219	0.0419999994	0	200	0
-3.52099991	69218	0.0370000005	0	200	0
-3.523	69220	0.0350000001	0	200	0
-3.50999999	69219	0.0260000005	0	200	0
-3.50500011	69219	0.0209999997	0	200	0
-3.58899999	69221	0.0439999998	0	200	0
-3.58299994	69221	0.0390000008	0	200	0
-3.58200002	69217	0.0489999987	0	200	0
-3.52399993	69220	0.107000001	0	200	0
-3.58500004	69221	0.0649999976	0	200	0
-3.52600002	69218	0.104999997	0	200	0
-3.51399994	69219	0.104999997	0	200	0
-3.52399993	69220	0.0979999974	0	200	0
-3.57599998	69221	0.061999999	0	200	0
-3.51600003	69219	0.0939999968	0	200	0
-3.5250001	69220	0.0879999995	0	200	0
-3.50900006	69219	0.0900000036	0	200	0
-3.52800012	69218	0.0860000029	0	200	0
-3.59699988	69217	0.119999997	0	200	0
-3.53600001	69218	0.115999997	0	200	0
-3.59200001	69221	0.105999999	0	200	0
-3.55500007	69220	0.104000002	0	200	0
-3.59100008	69221	0.0879999995	0	200	0
-3.58699989	69217	0.100000001	0	200	0
-3.59200001	69217	0.0879999995	0	200	0
-3.51099992	69219	0.115999997	0	200	0
-3.54200006	69218	0.174999997	0	200	0
-3.5940001	69221	0.140000001	0	200	0
-3.602	69217	0.135000005	0	200	0
-3.60400009	69221	0.123999998	0	200	0
-3.55299997	69220	0.166999996	0	200	0
-3.53200006	69219	0.172000006	0	200	0
-3.53699994	69220	0.169	0	200	0
-3.60400009	69217	0.125	0	200	0
-3.54299998	69218	0.165000007	0	200	0
-3.52900004	69219	0.165000007	0	200	0
-3.54200006	69220	0.157000005	0	200	0
-3.54500008	69218	0.155000001	0	200	0
-3.52200007	69219	0.151999995	0	200	0
-3.53500009	69220	0.143999994	0	200	0
-3.51999998	69219	0.144999996	0	200	0
-3.53699994	69220	0.133000001	0	200	0
-3.51999998	69219	0.136000007	0	200	0
-3.53299999	69218	0.136000007	0	200	0
-3.52999997	69220	0.129999995	0	200	0
-3.52200007	69219	0.126000002	0	200	0
-3.53600001	69218	0.125	0	200	0
-3.59699988	69221	0.147	0	200	0
-3.60400009	69217	0.142000005	0	200	0
-3.54399991	69220	0.199000001	0	200	0
-3.59500003	69221	0.165999994	0	200	0
-3.523	69219	0.195999995	0	200	0
-3.53999996	69218	0.185000002	0	200	0
-3.53600001	69220	0.187000006	0	200	0
-3.52699995	69219	0.184	0	200	0
-3.60800004	69217	0.158000007	0	200	0
-3.6170001	69221	0.204999998	0	200	0
-3.61100006	69221	0.200000003	0	200	0
-3.64100003	69217	0.199000001	0	200	0
-3.6170001	69217	0.204999998	0	200	0
-3.60299993	69221	0.187999994	0	200	0
-3.63700008	69217	0.184	0	200	0
-3.59899998	69221	0.180999994	0	200	0
-3.60800004	69221	0.166999996	0	200	0
-3.61400008	69217	0.180000007	0	200	0
-3.6170001	69217	0.170000002	0	200	0
-3.61299992	69217	0.163000003	0	200	0
-3.54200006	69220	0.209999993	0	200	0
-3.52999997	69219	0.208000004	0	200	0
-3.61599994	69217	0.240999997	0	200	0
-3.546	69220	0.26699999	0	200	0
-3.53699994	69219	0.263999999	0	200	0
-3.60400009	69221	0.231000006	0	200	0
-3.61199999	69217	0.225999996	0	200	0
-3.546	69220	0.259000003	0	200	0
-3.60299993	69221	0.223000005	0	200	0
-3.53500009	69219	0.256999999	0	200	0
-3.55299997	69218	0.254999995	0	200	0
-3.5480001	69220	0.248999998	0	200	0
-3.53299999	69219	0.25	0	200	0
-3.546	69220	0.240999997	0	200	0
-3.54399991	69218	0.243000001	0	200	0
-3.523	69219	0.238999993	0	200	0
-3.523	69219	0.230000004	0	200	0
-3.53900003	69220	0.229000002	0	200	0
-3.53699994	69220	0.221000001	0	200	0
-3.5309999	69219	0.216999993	0	200	0
-3.54099989	69219	0.296000004	0	200	0
-3.61899996	69221	0.256000012	0	200	0
-3.6170001	69217	0.248999998	0	200	0
-3.55699992	69218	0.286000013	0	200	0
-3.5539999	69220	0.287999988	0	200	0
-3.54099989	69219	0.287	0	200	0
-3.55999994	69218	0.275999993	0	200	0
-3.55599999	69220	0.277999997	0	200	0
-3.6329999	69217	0.247999996	0	200	0
-3.63800001	69217	0.252999991	0	200	0
-3.6170001	69221	0.300000012	0	200	0
-3.64100003	69217	0.286000013	0	200	0
-3.63899994	69217	0.279000014	0	200	0
-3.64199996	69217	0.268000007	0	200	0
-3.62100005	69221	0.280999988	0	200	0
-3.62199998	69221	0.263000011	0	200	0
-3.64199996	69217	0.294	0	200	0
-3.54900002	69220	0.307999998	0	200	0
-3.53800011	69219	0.307000011	0	200	0
-3.55100012	69220	0.298999995	0	200	0
-3.6400001	69217	0.338	0	200	0
-3.62400007	69221	0.331	0	200	0
-3.61999989	69221	0.324000001	0	200	0
-3.64100003	69217	0.328999996	0	200	0
-3.64199996	69217	0.319999993	0	200	0
-3.61500001	69221	0.310000002	0	200	0
-3.64599991	69217	0.308999985	0	200	0
-3.55699992	69218	0.363000005	0	200	0
-3.55299997	69220	0.36500001	0	200	0
-3.54099989	69219	0.354999989	0	200	0
-3.55100012	69220	0.349000007	0	200	0
-3.55599999	69218	0.338	0	200	0
-3.54500008	69219	0.335999995	0	200	0
-3.55900002	69218	0.326999992	0	200	0
-3.54200006	69219	0.330000013	0	200	0
-3.55500007	69220	0.330000013	0	200	0
-3.55500007	69220	0.32100001	0	200	0
-3.53699994	69219	0.316000015	0	200	0
-3.62700009	69221	0.338	0	200	0
-3.54999995	69220	0.39199999	0	200	0
-3.55699992	69218	0.388000011	0	200	0
-3.53999996	69219	0.388999999	0	200	0
-3.54999995	69220	0.384000003	0	200	0
-3.54200006	69219	0.379999995	0	200	0
-3.55500007	69220	0.372000009	0	200	0
-3.55599999	69218	0.370999992	0	200	0
-3.54200006	69219	0.370999992	0	200	0
-3.62599993	69221	0.345999986	0	200	0
-3.64100003	69217	0.379999995	0	200	0
-3.62800002	69221	0.388000011	0	200	0
-3.63400006	69217	0.375999987	0	200	0
-3.61999989	69221	0.384000003	0	200	0
-3.64100003	69217	0.363000005	0	200	0
-3.64299989	69217	0.352999985	0	200	0
-3.63100004	69221	0.368999988	0	200	0
-3.62700009	69221	0.363000005	0	200	0
-3.56100011	69218	0.40200001	0	200	0
-3.55699992	69220	0.404000014	0	200	0
-3.54099989	69219	0.397000015	0	200	0
-3.64400005	69217	0.437000006	0	200	0
-3.625	69221	0.423000008	0	200	0
-3.62599993	69221	0.414000005	0	200	0
-3.62299991	69221	0.407999992	0	200	0
-3.64599991	69217	0.419999987	0	200	0
-3.64199996	69217	0.412999988	0	200	0
-3.64700007	69217	0.40200001	0	200	0
-3.64599991	69217	0.393999994	0	200	0
-3.55299997	69220	0.456	0	200	0
-3.54299998	69219	0.453999996	0	200	0
-3.56100011	69218	0.451000005	0	200	0
-3.55299997	69220	0.448000014	0	200	0
-3.55900002	69218	0.444999993	0	200	0
-3.53900003	69219	0.43900001	0	200	0
-3.53800011	69219	0.432000011	0	200	0
-3.54299998	69219	0.421000004	0	200	0
-3.5539999	69220	0.414000005	0	200	0
-3.54399991	69219	0.412	0	200	0
-3.54099989	69219	0.463	0	200	0
-3.5539999	69220	0.463999987	0	200	0
-3.62299991	69221	0.432000011	0	200	0
-3.5539999	69220	0.488000005	0	200	0
-3.62599993	69221	0.446999997	0	200	0
-3.56399989	69218	0.481999993	0	200	0
-3.54099989	69219	0.479000002	0	200	0
-3.53600001	69219	0.474000007	0	200	0
-3.55299997	69220	0.47299999	0	200	0
-3.64400005	69217	0.479000002	0	200	0
-3.62299991	69221	0.465000004	0	200	0
-3.63899994	69217	0.465000004	0	200	0
-3.62899995	69221	0.453999996	0	200	0
-3.64199996	69217	0.455000013	0	200	0
-3.64299989	69217	0.44600001	0	200	0
-3.62199998	69221	0.474999994	0	200	0
-3.55500007	69220	0.495999992	0	200	0
-3.546	69219	0.493000001	0	200	0
-3.56200004	69218	0.492000014	0	200	0
-3.54399991	69219	0.501999974	0	200	0
-3.62199998	69221	0.514999986	0	200	0
-3.6500001	69217	0.524999976	0	200	0
-3.62199998	69221	0.508000016	0	200	0
-3.64700007	69217	0.518000007	0	200	0
-3.61800003	69221	0.493000001	0	200	0
-3.63100004	69221	0.493999988	0	200	0
-3.64400005	69217	0.503000021	0	200	0
-3.648	69217	0.493000001	0	200	0
-3.64700007	69217	0.485000014	0	200	0
-3.54200006	69219	0.550999999	0	200	0
-3.55100012	69220	0.546000004	0	200	0
-3.54399991	69219	0.541999996	0	200	0
-3.55200005	69220	0.537	0	200	0
-3.546	69219	0.532999992	0	200	0
-3.55599999	69220	0.52700001	0	200	0
-3.56800008	69218	0.521000028	0	200	0
-3.53999996	69219	0.519999981	0	200	0
-3.53800011	69219	0.513000011	0	200	0
-3.55100012	69220	0.513999999	0	200	0
-3.55900002	69218	0.501999974	0	200	0
-3.54699993	69220	0.556999981	0	200	0
-3.54500008	69219	0.556999981	0	200	0
-3.625	69221	0.529999971	0	200	0
-3.55200005	69220	0.584999979	0	200	0
-3.62100005	69221	0.556999981	0	200	0
-3.54399991	69219	0.582000017	0	200	0
-3.6170001	69221	0.550999999	0	200	0
-3.62899995	69221	0.536000013	0	200	0
-3.5539999	69220	0.575999975	0	200	0
-3.56299996	69218	0.572000027	0	200	0
-3.546	69219	0.573000014	0	200	0
-3.56200004	69218	0.564999998	0	200	0
-3.55599999	69220	0.566999972	0	200	0
-3.64199996	69217	0.537	0	200	0
-3.64499998	69217	0.575999975	0	200	0
-3.65400004	69217	0.563000023	0	200	0
-3.65199995	69217	0.555999994	0	200	0
-3.64400005	69217	0.54400003	0	200	0
-3.62199998	69221	0.572000027	0	200	0
-3.55100012	69220	0.593999982	0	200	0
-3.54299998	69219	0.591000021	0	200	0
-3.54299998	69219	0.598999977	0	200	0
-3.6500001	69217	0.59799999	0	200	0
-3.62700009	69221	0.610000014	0	200	0
-3.65300012	69217	0.579999983	0	200	0
-3.62199998	69221	0.588	0	200	0
-3.62700009	69221	0.577000022	0	200	0
-3.648	69217	0.623000026	0	200	0
-3.64700007	69217	0.61500001	0	200	0
-3.648	69217	0.606999993	0	200	0
-3.55500007	69220	0.647000015	0	200	0
-3.56399989	69218	0.64200002	0	200	0
-3.54299998	69219	0.638000011	0	200	0
-3.54299998	69219	0.629999995	0	200	0
-3.54500008	69219	0.620999992	0	200	0
-3.55699992	69220	0.61500001	0	200	0
-3.546	69219	0.611999989	0	200	0
-3.56699991	69218	0.601999998	0	200	0
-3.62199998	69221	0.620000005	0	200	0
-3.5539999	69220	0.654999971	0	200	0
-3.5480001	69219	0.651000023	0	200	0
-3.62400007	69221	0.626999974	0	200	0
-3.62700009	69221	0.649999976	0	200	0
-3.56500006	69218	0.680999994	0	200	0
-3.546	69219	0.675999999	0	200	0
-3.62100005	69221	0.637000024	0	200	0
-3.54099989	69219	0.670000017	0	200	0
-3.55100012	69220	0.665000021	0	200	0
-3.54500008	69219	0.660000026	0	200	0
-3.65499997	69217	0.63499999	0	200	0
-3.625	69221	0.657999992	0	200	0
-3.65100002	69217	0.661000013	0	200	0
-3.65400004	69217	0.65200001	0	200	0
-3.65899992	69217	0.640999973	0	200	0
-3.62100005	69221	0.667999983	0	200	0
-3.5480001	69219	0.689999998	0	200	0
-3.5539999	69220	0.68599999	0	200	0
-3.64899993	69217	0.694000006	0	200	0
-3.62400007	69221	0.675000012	0	200	0
-3.66000009	69217	0.680999994	0	200	0
-3.65199995	69217	0.675999999	0	200	0
-3.62199998	69221	0.699000001	0	200	0
-3.62199998	69221	0.691999972	0	200	0
-3.65499997	69217	0.722000003	0	200	0
-3.65700006	69217	0.713	0	200	0
-3.648	69217	0.702000022	0	200	0
-3.54500008	69219	0.745000005	0	200	0
-3.5480001	69220	0.744000018	0	200	0
-3.62299991	69221	0.713999987	0	200	0
-3.54699993	69219	0.736000001	0	200	0
-3.61400008	69221	0.711000025	0	200	0
-3.55500007	69220	0.731999993	0	200	0
-3.54900002	69219	0.727999985	0	200	0
-3.56599998	69218	0.720000029	0	200	0
-3.55900002	69220	0.72299999	0	200	0
-3.54200006	69219	0.716000021	0	200	0
-3.54099989	69219	0.708999991	0	200	0
-3.55500007	69220	0.709999979	0	200	0
-3.54500008	69219	0.699000001	0	200	0
-3.55299997	69220	0.749000013	0	200	0
-3.65400004	69217	0.730000019	0	200	0
-3.6170001	69221	0.73299998	0	200	0
-3.62100005	69221	0.754000008	0	200	0
-3.54900002	69219	0.773999989	0	200	0
-3.56599998	69218	0.773000002	0	200	0
-3.55599999	69220	0.769999981	0	200	0
-3.61299992	69221	0.75	0	200	0
-3.5480001	69219	0.765999973	0	200	0
-3.56399989	69218	0.765999973	0	200	0
-3.55599999	69220	0.763000011	0	200	0
-3.54299998	69219	0.754000008	0	200	0
-3.57299995	69218	0.754999995	0	200	0
-3.65199995	69217	0.739000022	0	200	0
-3.65199995	69217	0.754999995	0	200	0
-3.67600012	69217	0.750999987	0	200	0
-3.62800002	69221	0.765999973	0	200	0
-3.54299998	69219	0.783999979	0	200	0
-3.55299997	69220	0.779999971	0	200	0
-3.65300012	69217	0.792999983	0	200	0
-3.62899995	69221	0.773000002	0	200	0
-3.64299989	69217	0.774999976	0	200	0
-3.67799997	69217	0.765999973	0	200	0
-3.62899995	69221	0.788999975	0	200	0
-3.62199998	69221	0.785000026	0	200	0
-3.62599993	69221	0.805999994	0	200	0
-3.66300011	69217	0.811999977	0	200	0
-3.65400004	69217	0.808000028	0	200	0
-3.65799999	69217	0.799000025	0	200	0
-3.57299995	69218	0.838	0	200	0
-3.54999995	69219	0.841000021	0	200	0
-3.55699992	69220	0.838	0	200	0
-3.56599998	69218	0.833999991	0	200	0
-3.546	69220	0.828000009	0	200	0
-3.54900002	69219	0.827000022	0	200	0
-3.56800008	69218	0.818000019	0	200	0
-3.54699993	69219	0.819999993	0	200	0
-3.55500007	69220	0.815999985	0	200	0
-3.56599998	69218	0.81099999	0	200	0
-3.5480001	69219	0.811999977	0	200	0
-3.56900001	69218	0.795000017	0	200	0
-3.54500008	69219	0.791000009	0	200	0
-3.55200005	69219	0.84799999	0	200	0
-3.625	69221	0.81400001	0	200	0
-3.55800009	69220	0.845000029	0	200	0
-3.66000009	69217	0.828000009	0	200	0
-3.62899995	69221	0.827000022	0	200	0
-3.62100005	69221	0.823000014	0	200	0
-3.66700006	69217	0.833000004	0	200	0
-3.625	69221	0.851999998	0	200	0
-3.62199998	69221	0.846000016	0	200	0
-3.56699991	69218	0.870999992	0	200	0
-3.5480001	69219	0.864000022	0	200	0
-3.55699992	69220	0.860000014	0	200	0
-3.56299996	69218	0.85799998	0	200	0
-3.54900002	69218	0.856999993	0	200	0
-3.54900002	69219	0.856999993	0	200	0
-3.55599999	69220	0.852999985	0	200	0
-3.66300011	69217	0.842000008	0	200	0
-3.62599993	69221	0.859000027	0	200	0
-3.56699991	69218	0.878000021	0	200	0
-3.54999995	69219	0.878000021	0	200	0
-3.55900002	69220	0.875	0	200	0
-3.62800002	69221	0.880999982	0	200	0
-3.61899996	69221	0.870000005	0	200	0
-3.65799999	69217	0.883000016	0	200	0
-3.62599993	69221	0.903999984	0	200	0
-3.62199998	69221	0.898999989	0	200	0
-3.625	69221	0.889999986	0	200	0
-3.56100011	69218	0.933000028	0	200	0
-3.54900002	69219	0.924000025	0	200	0
-3.55999994	69218	0.925999999	0	200	0
-3.55800009	69220	0.91900003	0	200	0
-3.54900002	69219	0.887000024	0	200	0
-3.54500008	69219	0.939999998	0	200	0
-3.54299998	69219	0.933000028	0	200	0
-3.56399989	69218	0.94599998	0	200	0
-3.67600012	69217	0.912999988	0	200	0
-3.65899992	69217	0.912	0	200	0
-3.63100004	69221	0.916999996	0	200	0
-3.65799999	69217	0.927999973	0	200	0
-3.60899997	69218	0.941999972	0	200	0
-3.62299991	69221	0.943000019	0	200	0
-3.62199998	69221	0.93599999	0	200	0
-3.62599993	69221	0.926999986	0	200	0
-3.54900002	69219	0.967000008	0	200	0
-3.5710001	69218	0.964999974	0	200	0
-3.54699993	69219	0.961000025	0	200	0
-3.55200005	69219	0.950999975	0	200	0
-3.56800008	69218	0.952000022	0	200	0
-3.66499996	69217	0.939999998	0	200	0
-3.62800002	69221	0.95599997	0	200	0
-3.54699993	69219	0.975000024	0	200	0
-3.62299991	69221	0.980000019	0	200	0
-3.67199993	69217	0.952000022	0	200	0
-3.625	69221	0.972000003	0	200	0
-3.65899992	69217	0.949999988	0	200	0
-3.62899995	69221	0.963	0	200	0
-3.6789999	69217	0.972000003	0	200	0
-3.66599989	69217	0.984000027	0	200	0
-3.625	69221	1.00100005	0	200	0
-3.57299995	69218	0.978999972	0	200	0
-3.62199998	69221	0.995000005	0	200	0
-3.55900002	69220	1.02900004	0	200	0
-3.5480001	69219	1.02600002	0	200	0
-3.5710001	69218	1.02400005	0	200	0
-3.55900002	69220	1.02100003	0	200	0
-3.56999993	69218	1.01699996	0	200	0
-3.50099993	69220	0.987999976	0	200	0
-3.54900002	69219	1.01100004	0	200	0
-3.55599999	69220	1.00800002	0	200	0
-3.51600003	69220	0.989000022	0	200	0
-3.546	69219	1.005	0	200	0
-3.56299996	69218	1.005	0	200	0
-3.55699992	69220	1	0	200	0
-3.54999995	69219	0.995999992	0	200	0
-3.56699991	69218	0.995999992	0	200	0
-3.56200004	69220	0.990999997	0	200	0
-3.56500006	69218	0.99000001	0	200	0
-3.55100012	69219	0.987999976	0	200	0
-3.56100011	69220	0.984000027	0	200	0
-3.477	69220	0.990999997	0	200	0
-3.47399998	69217	0.985000014	0	200	0
-3.55699992	69220	1.03699994	0	200	0
-3.54999995	69219	1.03199995	0	200	0
-3.46300006	69220	0.976000011	0	200	0
-3.546	69219	1.04100001	0	200	0
-3.62100005	69221	1.01800001	0	200	0
-3.56900001	69218	1.03900003	0	200	0
-3.57999992	69220	1.03499997	0	200	0
-3.61299992	69221	1.01400006	0	200	0
-3.65899992	69217	1.00199997	0	200	0
-3.66300011	69217	0.992999971	0	200	0
-3.66100001	69217	1.023	0	200	0
-3.66400003	69217	1.01499999	0	200	0
-3.62599993	69221	1.02999997	0	200	0
-3.62700009	69221	1.03699994	0	200	0
-3.55800009	69220	1.06500006	0	200	0
-3.45700002	69220	0.992999971	0	200	0
-3.546	69219	1.06299996	0	200	0
-3.56200004	69220	1.05599999	0	200	0
-3.5710001	69218	1.05299997	0	200	0
-3.54699993	69219	1.04799998	0	200	0
-3.66199994	69217	1.03799999	0	200	0
-3.66400003	69217	1.02999997	0	200	0
-3.62299991	69221	1.046	0	200	0
-3.55900002	69220	1.07200003	0	200	0
-3.54699993	69219	1.06900001	0	200	0
-3.61599994	69221	1.07799995	0	200	0
-3.66599989	69217	1.05799997	0	200	0
-3.66400003	69217	1.05200005	0	200	0
-3.62899995	69221	1.06500006	0	200	0
-3.66199994	69217	1.06700003	0	200	0
-3.68799996	69217	1.079	0	200	0
-3.66400003	69217	1.074	0	200	0
-3.58100009	69220	1.08399999	0	200	0
-3.62199998	69221	1.09000003	0	200	0
-3.625	69221	1.08200002	0	200	0
-3.62299991	69221	1.10399997	0	200	0
-3.56100011	69220	1.12800002	0	200	0
-3.54900002	69219	1.11800003	0	200	0
-3.5480001	69219	1.11199999	0	200	0
-3.5710001	69218	1.10300004	0	200	0
-3.5539999	69219	1.102	0	200	0
-3.55800009	69220	1.10000002	0	200	0
-3.546	69219	1.09800005	0	200	0
-3.5710001	69218	1.09500003	0	200	0
-3.546	69219	1.08399999	0	200	0
-3.55200005	69220	1.08200002	0	200	0
-3.5480001	69219	1.07599998	0	200	0
-3.40700006	69217	0.978999972	0	200	0
-3.42700005	69217	0.976999998	0	200	0
-3.43600011	69217	0.987999976	0	200	0
-3.43199992	69220	0.981999993	0	200	0
-3.38499999	69218	0.975000024	0	200	0
-3.38899994	69218	0.966000021	0	200	0
-3.38899994	69219	0.986999989	0	200	0
-3.39100003	69218	0.986000001	0	200	0
-3.39599991	69220	0.984000027	0	200	0
-3.40100002	69218	0.989000022	0	200	0
-3.55900002	69220	1.13600004	0	200	0
-3.55200005	69219	1.13100004	0	200	0
-3.37199998	69220	0.981000006	0	200	0
-3.37299991	69220	0.966000021	0	200	0
-3.37299991	69220	0.97299999	0	200	0
-3.37400007	69219	0.972000003	0	200	0
-3.375	69219	0.978999972	0	200	0
-3.55100012	69219	1.13900006	0	200	0
-3.66899991	69217	1.09399998	0	200	0
-3.62400007	69221	1.11099994	0	200	0
-3.62199998	69221	1.11899996	0	200	0
-3.66700006	69217	1.10899997	0	200	0
-3.66700006	69217	1.102	0	200	0
-3.56100011	69220	1.16299999	0	200	0
-3.57500005	69218	1.15799999	0	200	0
-3.54999995	69219	1.153	0	200	0
-3.55699992	69220	1.14999998	0	200	0
-3.56999993	69218	1.14499998	0	200	0
-3.55299997	69219	1.14499998	0	200	0
-3.55900002	69220	1.14300001	0	200	0
-3.67000008	69217	1.13	0	200	0
-3.66300011	69217	1.125	0	200	0
-3.63100004	69221	1.13699996	0	200	0
-3.62199998	69221	1.14699996	0	200	0
-3.56100011	69220	1.16999996	0	200	0
-3.57399988	69218	1.16499996	0	200	0
-3.55100012	69219	1.16700006	0	200	0
-3.62800002	69221	1.17400002	0	200	0
-3.66799998	69217	1.14499998	0	200	0
-3.66300011	69217	1.13900006	0	200	0
-3.6170001	69221	1.16400003	0	200	0
-3.6170001	69221	1.15600002	0	200	0
-3.671	69217	1.15799999	0	200	0
-3.67000008	69217	1.17299998	0	200	0
-3.66499996	69217	1.16799998	0	200	0
-3.57299995	69218	1.17999995	0	200	0
-3.54999995	69219	1.17400002	0	200	0
-3.66700006	69217	1.18099999	0	200	0
-3.62299991	69221	1.19700003	0	200	0
-3.62100005	69221	1.19099998	0	200	0
-3.54699993	69219	1.22399998	0	200	0
-3.55699992	69220	1.22000003	0	200	0
-3.56699991	69218	1.21700001	0	200	0
-3.54699993	69219	1.21700001	0	200	0
-3.55999994	69220	1.21300006	0	200	0
-3.56999993	69218	1.20899999	0	200	0
-3.55100012	69219	1.20899999	0	200	0
-3.56100011	69220	1.20500004	0	200	0
-3.5480001	69219	1.20299995	0	200	0
-3.57500005	69218	1.20000005	0	200	0
-3.5710001	69218	1.19400001	0	200	0
-3.54699993	69219	1.18900001	0	200	0
-3.54900002	69219	1.18200004	0	200	0
-3.62299991	69221	1.21099997	0	200	0
-3.56100011	69220	1.23300004	0	200	0
-3.56900001	69218	1.23000002	0	200	0
-3.57500005	69218	1.23500001	0	200	0
-3.55100012	69219	1.23599994	0	200	0
-3.625	69221	1.21700001	0	200	0
-3.66799998	69217	1.19500005	0	200	0
-3.6730001	69217	1.20099998	0	200	0
-3.546	69219	1.25899994	0	200	0
-3.62400007	69221	1.23199999	0	200	0
-3.55999994	69220	1.25399995	0	200	0
-3.54500008	69219	1.25199997	0	200	0
-3.57399988	69218	1.24899995	0	200	0
-3.61999989	69221	1.22599995	0	200	0
-3.55800009	69220	1.24800003	0	200	0
-3.5480001	69219	1.245	0	200	0
-3.56100011	69220	1.24000001	0	200	0
-3.67000008	69217	1.21599996	0	200	0
-3.66700006	69217	1.21000004	0	200	0
-3.57299995	69218	1.26400006	0	200	0
-3.671	69217	1.25100005	0	200	0
-3.6170001	69221	1.26999998	0	200	0
-3.67199993	69217	1.24399996	0	200	0
-3.6170001	69221	1.26300001	0	200	0
-3.67199993	69217	1.23699999	0	200	0
-3.67199993	69217	1.23000002	0	200	0
-3.62800002	69221	1.25199997	0	200	0
-3.6730001	69217	1.27199996	0	200	0
-3.6730001	69217	1.26499999	0	200	0
-3.55699992	69220	1.27600002	0	200	0
-3.57299995	69218	1.27699995	0	200	0
-3.54900002	69219	1.27199996	0	200	0
-3.6730001	69217	1.27900004	0	200	0
-3.62299991	69221	1.29499996	0	200	0
-3.61599994	69221	1.29100001	0	200	0
-3.61999989	69221	1.28199995	0	200	0
-3.56299996	69220	1.32200003	0	200	0
-3.57500005	69218	1.31799996	0	200	0
-3.55100012	69219	1.31900001	0	200	0
-3.55900002	69220	1.31700003	0	200	0
-3.57399988	69218	1.31200004	0	200	0
-3.55299997	69219	1.31200004	0	200	0
-3.56100011	69220	1.30900002	0	200	0
-3.579	69218	1.30299997	0	200	0
-3.55100012	69219	1.30599999	0	200	0
-3.55900002	69220	1.30299997	0	200	0
-3.57200003	69218	1.29900002	0	200	0
-3.54999995	69219	1.29200006	0	200	0
-3.55900002	69220	1.28900003	0	200	0
-3.56900001	69218	1.28600001	0	200	0
-3.5480001	69219	1.28600001	0	200	0
-3.55699992	69220	1.28299999	0	200	0
-3.5480001	69219	1.27900004	0	200	0
-3.67199993	69217	1.28600001	0	200	0
-3.62199998	69221	1.30299997	0	200	0
-3.54699993	69219	1.32700002	0	200	0
-3.57399988	69218	1.33200002	0	200	0
-3.62899995	69221	1.31400001	0	200	0
-3.67600012	69217	1.29900002	0	200	0
-3.57200003	69218	1.35300004	0	200	0
-3.60500002	69218	1.33599997	0	200	0
-3.55299997	69219	1.35300004	0	200	0
-3.55999994	69220	1.35000002	0	200	0
-3.55299997	69219	1.34599996	0	200	0
-3.56200004	69220	1.34300005	0	200	0
-3.57299995	69218	1.33899999	0	200	0
-3.55200005	69219	1.33899999	0	200	0
-3.56200004	69220	1.33599997	0	200	0
-3.67499995	69217	1.30599999	0	200	0
-3.62199998	69221	1.33000004	0	200	0
-3.68400002	69217	1.31099999	0	200	0
-3.54999995	69219	1.36000001	0	200	0
-3.55800009	69220	1.35800004	0	200	0
-3.67600012	69217	1.34800005	0	200	0
-3.67400002	69217	1.34200001	0	200	0
-3.67600012	69217	1.33399999	0	200	0
-3.67499995	69217	1.32099998	0	200	0
-3.58599997	69220	1.36300004	0	200	0
-3.61800003	69221	1.36600006	0	200	0
-3.61199999	69218	1.36099994	0	200	0
-3.61599994	69221	1.36000001	0	200	0
-3.67700005	69217	1.36899996	0	200	0
-3.67799997	69217	1.35500002	0	200	0
-3.55100012	69219	1.37399995	0	200	0
-3.57500005	69218	1.36600006	0	200	0
-3.67499995	69217	1.37600005	0	200	0
-3.62299991	69221	1.39199996	0	200	0
-3.6170001	69221	1.38699996	0	200	0
-3.625	69221	1.398	0	200	0
-3.5710001	69218	1.41499996	0	200	0
-3.57200003	69218	1.38100004	0	200	0
-3.55200005	69219	1.38	0	200	0
-3.56100011	69220	1.37699997	0	200	0
-3.6789999	69217	1.38199997	0	200	0
-3.5710001	69218	1.42200005	0	200	0
-3.54900002	69219	1.421	0	200	0
-3.54999995	69219	1.42799997	0	200	0
-3.68099999	69217	1.38900006	0	200	0
-3.62299991	69221	1.43299997	0	200	0
-3.54999995	69219	1.44799995	0	200	0
-3.56699991	69218	1.45000005	0	200	0
-3.62800002	69221	1.42499995	0	200	0
-3.55200005	69219	1.44099998	0	200	0
-3.61599994	69221	1.42200005	0	200	0
-3.60599995	69218	1.43099999	0	200	0
-3.57399988	69218	1.43400002	0	200	0
-3.55999994	69220	1.45200002	0	200	0
-3.73300004	69221	1.37300003	0	200	0
-3.68099999	69217	1.403	0	200	0
-3.68000007	69217	1.40999997	0	200	0
-3.55999994	69220	1.45799994	0	200	0
-3.56999993	69218	1.45500004	0	200	0
-3.54999995	69219	1.45500004	0	200	0
-3.68400002	69217	1.43599999	0	200	0
-3.67199993	69217	1.426	0	200	0
-3.67700005	69217	1.41799998	0	200	0
-3.61500001	69221	1.45599997	0	200	0
-3.62400007	69221	1.44000006	0	200	0
-3.61599994	69221	1.46300006	0	200	0
-3.68099999	69217	1.45799994	0	200	0
-3.67700005	69217	1.45200002	0	200	0
-3.56900001	69218	1.46899998	0	200	0
-3.579	69220	1.46599996	0	200	0
-3.55200005	69219	1.46099997	0	200	0
-3.68799996	69217	1.47000003	0	200	0
-3.57599998	69218	1.47399998	0	200	0
-3.62299991	69221	1.48800004	0	200	0
-3.61800003	69221	1.47599995	0	200	0
-3.61899996	69221	1.46899998	0	200	0
-3.62299991	69221	1.49399996	0	200	0
-3.57500005	69218	1.51400006	0	200	0
-3.56399989	69220	1.51100004	0	200	0
-3.55100012	69219	1.50800002	0	200	0
-3.57599998	69218	1.50699997	0	200	0
-3.50099993	69220	1.46200001	0	200	0
-3.54999995	69219	1.495	0	200	0
-3.55999994	69220	1.49199998	0	200	0
-3.54999995	69219	1.48800004	0	200	0
-3.56100011	69220	1.48500001	0	200	0
-3.57299995	69218	1.48800004	0	200	0
-3.55299997	69219	1.48099995	0	200	0
-3.55699992	69220	1.47899997	0	200	0
-3.57299995	69218	1.48199999	0	200	0
-3.55200005	69219	1.47399998	0	200	0
-3.69199991	69217	1.47500002	0	200	0
-3.62299991	69221	1.50100005	0	200	0
-3.55200005	69219	1.51400006	0	200	0
-3.57999992	69220	1.51300001	0	200	0
-3.4690001	69220	1.46500003	0	200	0
-3.55900002	69220	1.52499998	0	200	0
-3.54999995	69219	1.52100003	0	200	0
-3.68300009	69217	1.48500001	0	200	0
-3.62299991	69221	1.528	0	200	0
-3.68300009	69217	1.49199998	0	200	0
-3.61999989	69221	1.50899994	0	200	0
-3.55599999	69219	1.546	0	200	0
-3.57599998	69218	1.54100001	0	200	0
-3.55100012	69219	1.54100001	0	200	0
-3.57999992	69218	1.53299999	0	200	0
-3.56299996	69220	1.53699994	0	200	0
-3.54999995	69219	1.528	0	200	0
-3.579	69218	1.54700005	0	200	0
-3.67799997	69217	1.50699997	0	200	0
-3.62199998	69221	1.53499997	0	200	0
-3.55299997	69219	1.55299997	0	200	0
-3.6789999	69217	1.52699995	0	200	0
-3.69000006	69217	1.51699996	0	200	0
-3.71099997	69221	1.49800003	0	200	0
-3.68099999	69217	1.51300001	0	200	0
-3.625	69221	1.55400002	0	200	0
-3.625	69221	1.54100001	0	200	0
-3.625	69221	1.56099999	0	200	0
-3.57800007	69218	1.56700003	0	200	0
-3.55299997	69219	1.55999994	0	200	0
-3.57399988	69218	1.55499995	0	200	0
-3.58200002	69218	1.57200003	0	200	0
-3.5250001	69219	1.60000002	0	200	0
-3.51999998	69219	1.59500003	0	200	0
-3.53500009	69220	1.597	0	200	0
-3.56100011	69218	1.58399999	0	200	0
-3.55500007	69219	1.579	0	200	0
-3.55299997	69219	1.57299995	0	200	0
-3.421	69220	1.46000004	0	200	0
-3.43499994	69220	1.46200001	0	200	0
-3.50699997	69221	1.59800005	0	200	0
-3.53900003	69219	1.60899997	0	200	0
-3.37299991	69220	1.44200003	0	200	0
-3.37700009	69220	1.44799995	0	200	0
-3.38000011	69219	1.44000006	0	200	0
-3.38100004	69219	1.44599998	0	200	0
-3.37899995	69220	1.46000004	0	200	0
-3.38000011	69219	1.46000004	0	200	0
-3.38400006	69220	1.46500003	0	200	0
-3.38700008	69218	1.46399999	0	200	0
-3.38800001	69218	1.45700002	0	200	0
-3.38599992	69219	1.46399999	0	200	0
-3.39100003	69218	1.44299996	0	200	0
-3.57299995	69218	1.62100005	0	200	0
-3.56800008	69218	1.61500001	0	200	0
-3.5940001	69221	1.63499999	0	200	0
-3.57599998	69218	1.63999999	0	200	0
-3.57599998	69218	1.63300002	0	200	0
-3.5250001	69219	1.61899996	0	200	0
-3.62599993	69221	1.64100003	0	200	0
-3.62599993	69221	1.63499999	0	200	0
-3.58299994	69220	1.65100002	0	200	0
-3.68099999	69217	1.62800002	0	200	0
-3.62299991	69221	1.65499997	0	200	0
-3.5539999	69219	1.65799999	0	200	0
-3.57999992	69218	1.671	0	200	0
-3.55500007	69219	1.68400002	0	200	0
-3.5539999	69219	1.671	0	200	0
-3.6170001	69221	1.66299999	0	200	0
-3.5539999	69219	1.70299995	0	200	0
-3.62299991	69221	1.70099998	0	200	0
-3.55299997	69219	1.71599996	0	200	0
-3.62400007	69221	1.69400001	0	200	0
-3.5539999	69219	1.71000004	0	200	0
-3.61899996	69221	1.68900001	0	200	0
-3.62199998	69221	1.67499995	0	200	0
-3.62199998	69221	1.66799998	0	200	0
-3.62100005	69221	1.72800004	0	200	0
-3.61999989	69221	1.72099996	0	200	0
-3.62100005	69221	1.70799994	0	200	0
-3.55699992	69219	1.73500001	0	200	0
-3.57800007	69218	1.73699999	0	200	0
-3.62400007	69221	1.73399997	0	200	0
-3.68099999	69217	1.67499995	0	200	0
-3.68400002	69217	1.65499997	0	200	0
-3.61500001	69221	1.74199998	0	200	0
-3.55599999	69219	1.74199998	0	200	0
-3.5539999	69219	1.755	0	200	0
-3.55699992	69219	1.74800003	0	200	0
-3.55599999	69219	1.76699996	0	200	0
-3.61899996	69221	1.755	0	200	0
-3.57999992	69218	1.76199996	0	200	0
-3.55500007	69219	1.77999997	0	200	0
-3.58100009	69218	1.77499998	0	200	0
-3.55999994	69219	1.773	0	200	0
-3.67799997	69217	1.72899997	0	200	0
-3.61800003	69221	1.76100004	0	200	0
-3.62400007	69221	1.76699996	0	200	0
-3.55699992	69219	1.79900002	0	200	0
-3.579	69218	1.79499996	0	200	0
-3.55299997	69219	1.78699994	0	200	0
-3.57999992	69218	1.78199995	0	200	0
-3.61999989	69221	1.79999995	0	200	0
-3.6170001	69221	1.79400003	0	200	0
-3.68400002	69217	1.74800003	0	200	0
-3.62400007	69221	1.773	0	200	0
-3.5539999	69219	1.81299996	0	200	0
-3.579	69218	1.80799997	0	200	0
-3.55500007	69219	1.80599999	0	200	0
-3.579	69218	1.801	0	200	0
-3.56299996	69220	1.80400002	0	200	0
-3.625	69221	1.82500005	0	200	0
-3.55699992	69219	1.83099997	0	200	0
-3.56500006	69220	1.83000004	0	200	0
-3.57999992	69218	1.82700002	0	200	0
-3.5539999	69219	1.81900001	0	200	0
-3.55999994	69220	1.81799996	0	200	0
-3.57599998	69218	1.81500006	0	200	0
-3.61299992	69218	1.82700002	0	200	0
-3.61500001	69221	1.83299994	0	200	0
-3.69099998	69217	1.79299998	0	200	0
-3.56699991	69220	1.83599997	0	200	0
-3.56100011	69219	1.83700001	0	200	0
-3.56100011	69220	1.85000002	0	200	0
-3.57999992	69218	1.84599996	0	200	0
-3.55800009	69219	1.85000002	0	200	0
-3.58100009	69218	1.84000003	0	200	0
-3.55800009	69219	1.84399998	0	200	0
-3.58100009	69218	1.85899997	0	200	0
-3.55800009	69219	1.89499998	0	200	0
-3.56800008	69218	1.89300001	0	200	0
-3.62800002	69217	1.88900006	0	200	0
-3.68600011	69217	1.86000001	0	200	0
-3.63599992	69217	1.88199997	0	200	0
-3.62100005	69221	1.89100003	0	200	0
-3.69099998	69217	1.83899999	0	200	0
-3.55299997	69219	1.90799999	0	200	0
-3.55999994	69220	1.90699995	0	200	0
-3.57599998	69218	1.90400004	0	200	0
-3.55699992	69219	1.90100002	0	200	0
-3.56900001	69218	1.89900005	0	200	0
-3.58200002	69218	1.90999997	0	200	0
-3.63400006	69217	1.91400003	0	200	0
-3.6170001	69221	1.90400004	0	200	0
-3.57999992	69218	1.92299998	0	200	0
-3.55800009	69219	1.926	0	200	0
-3.55599999	69219	1.91400003	0	200	0
-3.56500006	69220	1.91299999	0	200	0
-3.64100003	69217	1.91999996	0	200	0
-3.55900002	69219	1.93299997	0	200	0
-3.56399989	69220	1.93200004	0	200	0
-3.58500004	69218	1.92799997	0	200	0
-3.55500007	69219	1.94599998	0	200	0
-3.56200004	69220	1.94500005	0	200	0
-3.58299994	69218	1.93499994	0	200	0
-3.55500007	69219	1.93900001	0	200	0
-3.58800006	69220	1.93400002	0	200	0
-3.64700007	69217	1.93200004	0	200	0
-3.58400011	69218	1.954	0	200	0
-3.64299989	69217	1.926	0	200	0
-3.55900002	69219	1.98899996	0	200	0
-3.56699991	69220	1.98800004	0	200	0
-3.46799994	69220	1.91600001	0	200	0
-3.62400007	69221	1.94799995	0	200	0
-3.55599999	69219	1.977	0	200	0
-3.56399989	69220	1.97599995	0	200	0
-3.55500007	69219	1.97099996	0	200	0
-3.56399989	69220	1.97000003	0	200	0
-3.58299994	69218	1.96099997	0	200	0
-3.56100011	69220	1.96399999	0	200	0
-3.55999994	69219	1.96399999	0	200	0
-3.56399989	69220	1.95700002	0	200	0
-3.55699992	69219	1.95799994	0	200	0
-3.65300012	69217	1.94400001	0	200	0
-3.64700007	69217	1.95099998	0	200	0
-3.65700006	69217	1.98199999	0	200	0
-3.648	69217	1.96399999	0	200	0
-3.65100002	69217	1.95700002	0	200	0
-3.62400007	69221	1.98699999	0	200	0
-3.61899996	69221	1.98099995	0	200	0
-3.58100009	69218	1.99899995	0	200	0
-3.56699991	69220	2.00099993	0	200	0
-3.55900002	69219	2.00200009	0	200	0
-3.58400011	69218	1.99199998	0	200	0
-3.56200004	69220	1.995	0	200	0
-3.55999994	69219	1.995	0	200	0
-3.66000009	69217	2.00699997	0	200	0
-3.625	69221	1.99899995	0	200	0
-3.6960001	69217	1.97000003	0	200	0
-3.65700006	69217	1.98899996	0	200	0
-3.58599997	69220	2.01699996	0	200	0
-3.55800009	69219	2.0079999	0	200	0
-3.56399989	69220	2.00699997	0	200	0
-3.55699992	69219	2.02099991	0	200	0
-3.67000008	69217	2.01300001	0	200	0
-3.70300007	69217	1.98899996	0	200	0
-3.55500007	69219	2.02800012	0	200	0
-3.58299994	69218	2.02399993	0	200	0
-3.56399989	69220	2.02600002	0	200	0
-3.62800002	69221	2.01200008	0	200	0
-3.58200002	69218	2.03699994	0	200	0
-3.56800008	69220	2.03900003	0	200	0
-3.55800009	69219	2.03999996	0	200	0
-3.56500006	69220	2.03299999	0	200	0
-3.55599999	69219	2.03399992	0	200	0
-3.61800003	69221	2.02600002	0	200	0
-3.62100005	69221	2.01900005	0	200	0
-3.58500004	69218	2.04900002	0	200	0
-3.61800003	69221	2.03200006	0	200	0
-3.62299991	69221	2.06299996	0	200	0
-3.62400007	69218	2.06299996	0	200	0
-3.55699992	69219	2.08400011	0	200	0
-3.56699991	69220	2.08299994	0	200	0
-3.61899996	69221	2.05800009	0	200	0
-3.61599994	69221	2.05100012	0	200	0
-3.6170001	69221	2.04500008	0	200	0
-3.55999994	69219	2.0710001	0	200	0
-3.56599998	69220	2.06999993	0	200	0
-3.57999992	69218	2.06200004	0	200	0
-3.55900002	69219	2.06500006	0	200	0
-3.57299995	69220	2.06299996	0	200	0
-3.58200002	69218	2.05599999	0	200	0
-3.55699992	69219	2.05900002	0	200	0
-3.56699991	69220	2.05699992	0	200	0
-3.56900001	69220	2.05100012	0	200	0
-3.56200004	69219	2.05200005	0	200	0
-3.3829999	69220	1.89400005	0	200	0
-3.3829999	69220	1.89999998	0	200	0
-3.38700008	69220	1.90499997	0	200	0
-3.38800001	69219	1.90499997	0	200	0
-3.3900001	69219	1.898	0	200	0
-3.39299989	69219	1.89199996	0	200	0
-3.4000001	69218	1.89699996	0	200	0
-3.398	69218	1.90900004	0	200	0
-3.39599991	69219	1.90999997	0	200	0
-3.40300012	69218	1.90199995	0	200	0
-3.40100002	69220	1.90900004	0	200	0
-3.42499995	69220	1.91700006	0	200	0
-3.67799997	69217	2.03800011	0	200	0
-3.69899988	69217	2.02200007	0	200	0
-3.67600012	69217	2.04399991	0	200	0
-3.68099999	69217	2.07599998	0	200	0
-3.68199992	69217	2.06900001	0	200	0
-3.6789999	69217	2.05699992	0	200	0
-3.67499995	69217	2.05100012	0	200	0
-3.62400007	69221	2.08200002	0	200	0
-3.625	69221	2.07599998	0	200	0
-3.55999994	69219	2.09599996	0	200	0
-3.56599998	69220	2.09500003	0	200	0
-3.55999994	69219	2.08999991	0	200	0
-3.56800008	69220	2.08899999	0	200	0
-3.56699991	69220	2.10100007	0	200	0
-3.62100005	69221	2.08899999	0	200	0
-3.68799996	69217	2.10100007	0	200	0
-3.68700004	69217	2.08800006	0	200	0
-3.68099999	69217	2.08200002	0	200	0
-3.61599994	69221	2.09599996	0	200	0
-3.773	69222	1.99899995	0	200	0
-3.7750001	69222	1.99199998	0	200	0
-3.76399994	69222	1.97399998	0	200	0
-3.62599993	69221	2.10800004	0	200	0
-3.5710001	69220	2.11299992	0	200	0
-3.55999994	69219	2.102	0	200	0
-3.58200002	69218	2.0999999	0	200	0
-3.55699992	69219	2.11500001	0	200	0
-3.68799996	69217	2.10800004	0	200	0
-3.78800011	69222	2.00399995	0	200	0
-3.773	69222	2.03900003	0	200	0
-3.78399992	69222	1.97800004	0	200	0
-3.76900005	69222	2.02600002	0	200	0
-3.773	69222	2.01300001	0	200	0
-3.55500007	69219	2.12800002	0	200	0
-3.56599998	69220	2.12599993	0	200	0
-3.56900001	69220	2.11999989	0	200	0
-3.55900002	69219	2.12100005	0	200	0
-3.55900002	69219	2.1329999	0	200	0
-3.56699991	69220	2.1329999	0	200	0
-3.62199998	69221	2.12100005	0	200	0
-3.61599994	69221	2.11500001	0	200	0
-3.56900001	69220	2.14499998	0	200	0
-3.61999989	69221	2.12700009	0	200	0
-3.61800003	69221	2.15899992	0	200	0
-3.61899996	69221	2.15300012	0	200	0
-3.68499994	69217	2.11400008	0	200	0
-3.62100005	69221	2.14599991	0	200	0
-3.62800002	69221	2.13899994	0	200	0
-3.56500006	69220	2.18300009	0	200	0
-3.56100011	69219	2.18300009	0	200	0
-3.56100011	69219	2.17700005	0	200	0
-3.56599998	69220	2.17600012	0	200	0
-3.56699991	69220	2.16400003	0	200	0
-3.55699992	69219	2.16499996	0	200	0
-3.56699991	69220	2.15799999	0	200	0
-3.56100011	69219	2.15799999	0	200	0
-3.56500006	69220	2.15199995	0	200	0
-3.56299996	69219	2.15199995	0	200	0
-3.55900002	69219	2.14599991	0	200	0
-3.6960001	69217	2.1329999	0	200	0
-3.71099997	69217	2.11800003	0	200	0
-3.7579999	69222	2.08100009	0	200	0
-3.7650001	69222	2.06699991	0	200	0
-3.7750001	69222	2.046	0	200	0
-3.704	69217	2.171	0	200	0
-3.74900007	69222	2.11500001	0	200	0
-3.70499992	69217	2.16400003	0	200	0
-3.69700003	69217	2.15199995	0	200	0
-3.61599994	69221	2.17799997	0	200	0
-3.625	69221	2.171	0	200	0
-3.56800008	69220	2.19499993	0	200	0
-3.58699989	69218	2.18700004	0	200	0
-3.56599998	69220	2.18899989	0	200	0
-3.55900002	69219	2.18899989	0	200	0
-3.56100011	69219	2.1960001	0	200	0
-3.62299991	69221	2.18400002	0	200	0
-3.77200007	69222	2.09200001	0	200	0
-3.76999998	69222	2.09899998	0	200	0
-3.75500011	69222	2.12700009	0	200	0
-3.7420001	69222	2.148	0	200	0
-3.70099998	69217	2.18400002	0	200	0
-3.62400007	69221	2.19000006	0	200	0
-3.78900003	69222	1.903	0	200	0
-3.78999996	69222	1.90999997	0	200	0
-3.78299999	69222	1.92400002	0	200	0
-3.82200003	69222	2.0539999	0	200	0
-3.77399993	69222	2.07200003	0	200	0
-3.78600001	69222	1.93700004	0	200	0
-3.82200003	69222	2.02699995	0	200	0
-3.77900004	69222	1.94500005	0	200	0
-3.78900003	69222	1.95700002	0	200	0
-3.78399992	69222	1.89100003	0	200	0
-3.62800002	69221	2.20300007	0	200	0
-3.56299996	69219	2.20799994	0	200	0
-3.56900001	69220	2.20700002	0	200	0
-3.56200004	69219	2.21399999	0	200	0
-3.75600004	69222	2.16000009	0	200	0
-3.70700002	69217	2.20300007	0	200	0
-3.77600002	69222	2.13199997	0	200	0
-3.81699991	69222	2.10100007	0	200	0
-3.55900002	69219	2.227	0	200	0
-3.56399989	69220	2.22600007	0	200	0
-3.56500006	69220	2.22000003	0	200	0
-3.56299996	69219	2.22000003	0	200	0
-3.56900001	69220	2.21399999	0	200	0
-3.61899996	69221	2.21000004	0	200	0
-3.61800003	69221	2.21600008	0	200	0
-3.55999994	69219	2.23900008	0	200	0
-3.56900001	69220	2.23799992	0	200	0
-3.61899996	69221	2.22199988	0	200	0
-3.61800003	69221	2.25399995	0	200	0
-3.58599997	69218	2.24300003	0	200	0
-3.61899996	69221	2.24799991	0	200	0
-3.62299991	69221	2.24099994	0	200	0
-3.62199998	69221	2.2349999	0	200	0
-3.55900002	69219	2.27600002	0	200	0
-3.56399989	69220	2.27600002	0	200	0
-3.55900002	69219	2.26999998	0	200	0
-3.56599998	69220	2.26999998	0	200	0
-3.55900002	69219	2.2579999	0	200	0
-3.56200004	69219	2.25099993	0	200	0
-3.56699991	69220	2.25099993	0	200	0
-3.56500006	69219	2.24499989	0	200	0
-3.56699991	69220	2.24499989	0	200	0
-3.70300007	69217	2.22900009	0	200	0
-3.81399989	69222	2.13499999	0	200	0
-3.79299998	69222	2.1960001	0	200	0
-3.6170001	69221	2.273	0	200	0
-3.62299991	69221	2.26600003	0	200	0
-3.58500004	69218	2.28699994	0	200	0
-3.56200004	69219	2.28900003	0	200	0
-3.56699991	69220	2.28800011	0	200	0
-3.55599999	69219	2.28299999	0	200	0
-3.5539999	69220	2.28299999	0	200	0
-3.62700009	69221	2.27900004	0	200	0
-3.62400007	69221	2.28500009	0	200	0
-3.7809999	69222	1.824	0	200	0
-3.79200006	69222	1.829	0	200	0
-3.78200006	69222	1.83700001	0	200	0
-3.83899999	69222	1.86800003	0	200	0
-3.78699994	69222	1.84300005	0	200	0
-3.83999991	69222	1.88900006	0	200	0
-3.796	69222	1.85500002	0	200	0
-3.79500008	69222	1.86199999	0	200	0
-3.80100012	69222	1.86800003	0	200	0
-3.79900002	69222	1.79299998	0	200	0
-3.79299998	69222	1.801	0	200	0
-3.62400007	69221	2.2980001	0	200	0
-3.56500006	69220	2.30699992	0	200	0
-3.56900001	69219	2.30699992	0	200	0
-3.56699991	69220	2.30100012	0	200	0
-3.55999994	69219	2.30100012	0	200	0
-3.56800008	69220	2.31299996	0	200	0
-3.55999994	69219	2.31299996	0	200	0
-3.58599997	69218	2.31200004	0	200	0
-3.62400007	69221	2.3039999	0	200	0
-3.62199998	69221	2.30999994	0	200	0
-3.57599998	69221	2.33100009	0	200	0
-3.63100004	69221	2.31599998	0	200	0
-3.5309999	69220	2.36999989	0	200	0
-3.53500009	69219	2.36400008	0	200	0
-3.55599999	69220	2.36299992	0	200	0
-3.523	69220	2.352	0	200	0
-3.52600002	69220	2.34599996	0	200	0
-3.55999994	69219	2.35100007	0	200	0
-3.52900004	69221	2.33899999	0	200	0
-3.55500007	69219	2.34500003	0	200	0
-3.70799994	69217	2.30599999	0	200	0
-3.78399992	69222	2.26999998	0	200	0
-3.79200006	69222	2.26300001	0	200	0
-3.5710001	69218	2.38100004	0	200	0
-3.52699995	69220	2.38199997	0	200	0
-3.54299998	69219	2.38199997	0	200	0
-3.5309999	69221	2.37599993	0	200	0
-3.51600003	69219	2.37100005	0	200	0
-3.53800011	69219	2.37599993	0	200	0
-3.54399991	69220	2.37599993	0	200	0
-3.68899989	69217	2.33899999	0	200	0
-3.62199998	69221	2.38000011	0	200	0
-3.78800011	69222	1.727	0	200	0
-3.80500007	69222	1.73099995	0	200	0
-3.829	69222	1.75300002	0	200	0
-3.78900003	69222	1.75399995	0	200	0
-3.83800006	69222	1.79999995	0	200	0
-3.79699993	69222	1.76600003	0	200	0
-3.78800011	69222	1.77499998	0	200	0
-3.78600001	69222	1.78900003	0	200	0
-3.78999996	69222	1.699	0	200	0
-3.79299998	69222	1.70599997	0	200	0
-3.84299994	69222	1.73000002	0	200	0
-3.80299997	69222	1.71700001	0	200	0
-3.62800002	69221	2.39199996	0	200	0
-3.55999994	69219	2.4059999	0	200	0
-3.57200003	69220	2.4059999	0	200	0
-3.58599997	69218	2.39899993	0	200	0
-3.56299996	69219	2.4000001	0	200	0
-3.56999993	69220	2.4000001	0	200	0
-3.53600001	69220	2.39400005	0	200	0
-3.54500008	69219	2.39400005	0	200	0
-3.56299996	69219	2.41199994	0	200	0
-3.56699991	69220	2.41199994	0	200	0
-3.58899999	69218	2.4059999	0	200	0
-3.62400007	69221	2.39899993	0	200	0
-3.62100005	69221	2.40499997	0	200	0
-3.56100011	69219	2.42499995	0	200	0
-3.56699991	69220	2.42499995	0	200	0
-3.625	69221	2.41100001	0	200	0
-3.63400006	69218	2.41100001	0	200	0
-3.56100011	69219	2.46199989	0	200	0
-3.56299996	69220	2.45600009	0	200	0
-3.56100011	69219	2.45600009	0	200	0
-3.58100009	69218	2.44300008	0	200	0
-3.58699989	69218	2.43700004	0	200	0
-3.56800008	69220	2.44300008	0	200	0
-3.56100011	69219	2.44300008	0	200	0
-3.56900001	69220	2.43700004	0	200	0
-3.56100011	69219	2.43700004	0	200	0
-3.56999993	69220	2.43099999	0	200	0
-3.56200004	69219	2.43099999	0	200	0
-3.61999989	69221	2.43600011	0	200	0
-3.62800002	69221	2.42400002	0	200	0
-3.62100005	69221	2.43000007	0	200	0
-3.71000004	69217	2.40300012	0	200	0
-3.76200008	69222	2.36899996	0	200	0
-3.71600008	69217	2.39599991	0	200	0
-3.74699998	69222	2.35700011	0	200	0
-3.72799993	69222	2.36400008	0	200	0
-3.75	69217	2.36299992	0	200	0
-3.61800003	69221	2.46099997	0	200	0
-3.62199998	69221	2.45499992	0	200	0
-3.56800008	69220	2.46799994	0	200	0
-3.58200002	69220	2.46199989	0	200	0
-3.69799995	69217	2.43499994	0	200	0
-3.6960001	69217	2.4289999	0	200	0
-3.70700002	69217	2.42199993	0	200	0
-3.69300008	69221	2.44199991	0	200	0
-3.62700009	69221	2.46799994	0	200	0
-3.78900003	69222	1.63100004	0	200	0
-3.78800011	69222	1.63800001	0	200	0
-3.83999991	69222	1.66100001	0	200	0
-3.79399991	69222	1.65699995	0	200	0
-3.77099991	69222	1.69000006	0	200	0
-3.79099989	69222	1.69200003	0	200	0
-3.83800006	69222	1.63999999	0	200	0
-3.79399991	69222	1.602	0	200	0
-3.78900003	69222	1.61699998	0	200	0
-3.77999997	69222	1.62600005	0	200	0
-3.56100011	69219	2.50500011	0	200	0
-3.56900001	69220	2.49900007	0	200	0
-3.56200004	69219	2.49900007	0	200	0
-3.58800006	69220	2.49300003	0	200	0
-3.57299995	69219	2.49300003	0	200	0
-3.56999993	69220	2.50500011	0	200	0
-3.62100005	69221	2.49900007	0	200	0
-3.56900001	69220	2.52399993	0	200	0
-3.56100011	69219	2.52399993	0	200	0
-3.57299995	69220	2.51799989	0	200	0
-3.56100011	69219	2.51699996	0	200	0
-3.62299991	69221	2.50500011	0	200	0
-3.70900011	69217	2.44199991	0	200	0
-3.71300006	69217	2.46099997	0	200	0
-3.70900011	69217	2.454	0	200	0
-3.56900001	69220	2.56100011	0	200	0
-3.56299996	69219	2.56100011	0	200	0
-3.61899996	69221	2.53699994	0	200	0
-3.56900001	69220	2.55500007	0	200	0
-3.56200004	69219	2.55500007	0	200	0
-3.61800003	69221	2.5309999	0	200	0
-3.5710001	69220	2.54900002	0	200	0
-3.61899996	69221	2.52399993	0	200	0
-3.56399989	69219	2.5480001	0	200	0
-3.61599994	69221	2.51799989	0	200	0
-3.5710001	69220	2.53600001	0	200	0
-3.56299996	69219	2.53600001	0	200	0
-3.58800006	69218	2.52999997	0	200	0
-3.56900001	69220	2.52999997	0	200	0
-3.56200004	69219	2.52999997	0	200	0
-3.69899988	69221	2.49300003	0	200	0
-3.72600007	69217	2.5	0	200	0
-3.72799993	69217	2.49300003	0	200	0
-3.82200003	69217	2.35400009	0	200	0
-3.79399991	69222	2.375	0	200	0
-3.62100005	69221	2.55599999	0	200	0
-3.62299991	69221	2.54900002	0	200	0
-3.56100011	69219	2.56699991	0	200	0
-3.56900001	69220	2.56699991	0	200	0
-3.72000003	69217	2.53200006	0	200	0
-3.72900009	69217	2.52600002	0	200	0
-3.71799994	69217	2.51900005	0	200	0
-3.72300005	69217	2.50600004	0	200	0
-3.62299991	69221	2.56200004	0	200	0
-3.85400009	69222	1.574	0	200	0
-3.57500005	69220	2.59800005	0	200	0
-3.56699991	69219	2.59800005	0	200	0
-3.61999989	69221	2.56800008	0	200	0
-3.57200003	69220	2.59200001	0	200	0
-3.56299996	69219	2.59200001	0	200	0
-3.56999993	69220	2.58599997	0	200	0
-3.56399989	69219	2.58599997	0	200	0
-3.58899999	69218	2.57999992	0	200	0
-3.56900001	69220	2.579	0	200	0
-3.56500006	69219	2.579	0	200	0
-3.62599993	69221	2.58100009	0	200	0
-3.625	69221	2.58699989	0	200	0
-3.62400007	69221	2.5940001	0	200	0
-3.56500006	69219	2.62299991	0	200	0
-3.5710001	69220	2.62299991	0	200	0
-3.62400007	69221	2.5999999	0	200	0
-3.56999993	69220	2.6170001	0	200	0
-3.56200004	69219	2.61599994	0	200	0
-3.56999993	69220	2.61100006	0	200	0
-3.56299996	69219	2.6099999	0	200	0
-3.71300006	69217	2.53800011	0	200	0
-3.71499991	69217	2.55800009	0	200	0
-3.72099996	69217	2.55100012	0	200	0
-3.56500006	69219	2.66000009	0	200	0
-3.57200003	69220	2.66000009	0	200	0
-3.56500006	69219	2.65400004	0	200	0
-3.57399988	69220	2.65400004	0	200	0
-3.62299991	69221	2.63100004	0	200	0
-3.5710001	69220	2.648	0	200	0
-3.56399989	69219	2.64700007	0	200	0
-3.62299991	69221	2.625	0	200	0
-3.57299995	69220	2.64199996	0	200	0
-3.56299996	69219	2.64100003	0	200	0
-3.61999989	69221	2.61899996	0	200	0
-3.62299991	69221	2.61199999	0	200	0
-3.56399989	69219	2.62899995	0	200	0
-3.57200003	69220	2.62899995	0	200	0
-3.72399998	69217	2.5710001	0	200	0
-3.7249999	69217	2.56399989	0	200	0
-3.72399998	69217	2.59699988	0	200	0
-3.72300005	69217	2.58999991	0	200	0
-3.72399998	69217	2.58400011	0	200	0
-3.62100005	69221	2.6559999	0	200	0
-3.62199998	69221	2.6500001	0	200	0
-3.625	69221	2.64400005	0	200	0
-3.73200011	69217	2.62899995	0	200	0
-3.73600006	69217	2.62299991	0	200	0
-3.72900009	69217	2.61599994	0	200	0
-3.7249999	69217	2.60299993	0	200	0
-3.62599993	69221	2.68199992	0	200	0
-3.56500006	69219	2.69099998	0	200	0
-3.57299995	69220	2.69099998	0	200	0
-3.62400007	69221	2.67499995	0	200	0
-3.56699991	69219	2.68499994	0	200	0
-3.57200003	69220	2.68499994	0	200	0
-3.625	69221	2.66300011	0	200	0
-3.56500006	69219	2.6789999	0	200	0
-3.5710001	69220	2.6789999	0	200	0
-3.56200004	69219	2.67199993	0	200	0
-3.57299995	69220	2.6730001	0	200	0
-3.62899995	69221	2.68799996	0	200	0
-3.56399989	69219	2.72199988	0	200	0
-3.57399988	69220	2.71600008	0	200	0
-3.62199998	69221	2.69400001	0	200	0
-3.56399989	69219	2.71600008	0	200	0
-3.5710001	69220	2.71000004	0	200	0
-3.56800008	69219	2.71000004	0	200	0
-3.5710001	69220	2.704	0	200	0
-3.56800008	69219	2.704	0	200	0
-3.62199998	69221	2.70700002	0	200	0
-3.72399998	69217	2.63499999	0	200	0
-3.72900009	69217	2.65499997	0	200	0
-3.7249999	69217	2.648	0	200	0
-3.62199998	69221	2.73799992	0	200	0
-3.5769999	69220	2.75399995	0	200	0
-3.56399989	69219	2.75300002	0	200	0
-3.62400007	69221	2.72600007	0	200	0
-3.62599993	69221	2.72000003	0	200	0
-3.57200003	69220	2.74699998	0	200	0
-3.56699991	69219	2.74699998	0	200	0
-3.57599998	69220	2.74099994	0	200	0
-3.62400007	69221	2.71300006	0	200	0
-3.56599998	69219	2.74099994	0	200	0
-3.57200003	69220	2.7349999	0	200	0
-3.56500006	69219	2.73399997	0	200	0
-3.59500003	69218	2.71799994	0	200	0
-3.57399988	69220	2.72300005	0	200	0
-3.73000002	69217	2.66799998	0	200	0
-3.73200011	69217	2.66199994	0	200	0
-3.7249999	69217	2.69400001	0	200	0
-3.727	69217	2.68700004	0	200	0
-3.7249999	69217	2.68099999	0	200	0
-3.62700009	69221	2.75200009	0	200	0
-3.62700009	69221	2.74499989	0	200	0
-3.73399997	69217	2.727	0	200	0
-3.73799992	69217	2.72099996	0	200	0
-3.73200011	69217	2.71399999	0	200	0
-3.73300004	69217	2.70099998	0	200	0
-3.62599993	69221	2.77699995	0	200	0
-3.62400007	69221	2.76999998	0	200	0
-3.62899995	69221	2.7579999	0	200	0
-3.57599998	69218	2.78500009	0	200	0
-3.54099989	69220	2.78200006	0	200	0
-3.56599998	69219	2.78399992	0	200	0
-3.57500005	69220	2.77900004	0	200	0
-3.56800008	69219	2.77800012	0	200	0
-3.57399988	69220	2.77200007	0	200	0
-3.55900002	69219	2.77099991	0	200	0
-3.56699991	69220	2.76600003	0	200	0
-3.56800008	69219	2.76600003	0	200	0
-3.62400007	69221	2.78299999	0	200	0
-3.63700008	69218	2.78399992	0	200	0
-3.56999993	69220	2.81599998	0	200	0
-3.56699991	69219	2.81599998	0	200	0
-3.62599993	69221	2.78900003	0	200	0
-3.56699991	69219	2.79699993	0	200	0
-3.625	69221	2.80200005	0	200	0
-3.74799991	69217	2.74699998	0	200	0
-3.73900008	69217	2.73399997	0	200	0
-3.62100005	69221	2.83299994	0	200	0
-3.62599993	69221	2.8210001	0	200	0
-3.62400007	69221	2.81500006	0	200	0
-3.62100005	69221	2.80800009	0	200	0
-3.62599993	69221	2.83999991	0	200	0
-3.56800008	69219	2.84699988	0	200	0
-3.56599998	69220	2.84699988	0	200	0
-3.56800008	69219	2.84100008	0	200	0
-3.57500005	69220	2.84100008	0	200	0
-3.5710001	69220	2.83500004	0	200	0
-3.56800008	69219	2.83400011	0	200	0
-3.56699991	69219	2.82800007	0	200	0
-3.57500005	69220	2.829	0	200	0
-3.73600006	69217	2.76600003	0	200	0
-3.73200011	69217	2.75900006	0	200	0
-3.74399996	69217	2.75399995	0	200	0
-3.73000002	69217	2.79200006	0	200	0
-3.73200011	69217	2.78500009	0	200	0
-3.73900008	69217	2.77900004	0	200	0
-3.62800002	69221	2.84699988	0	200	0
-3.74000001	69217	2.82500005	0	200	0
-3.7349999	69217	2.81800008	0	200	0
-3.73699999	69217	2.81200004	0	200	0
-3.73900008	69217	2.79900002	0	200	0
-3.57399988	69220	2.8599999	0	200	0
-3.62599993	69221	2.87199998	0	200	0
-3.62599993	69221	2.86599994	0	200	0
-3.625	69221	2.85299993	0	200	0
-3.56800008	69220	2.87800002	0	200	0
-3.56800008	69219	2.87800002	0	200	0
-3.57599998	69220	2.87299991	0	200	0
-3.54900002	69219	2.86999989	0	200	0
-3.57299995	69220	2.86599994	0	200	0
-3.56999993	69219	2.86599994	0	200	0
-3.56800008	69219	2.85899997	0	200	0
-3.625	69221	2.87800002	0	200	0
-3.62400007	69221	2.89700007	0	200	0
-3.56800008	69219	2.91000009	0	200	0
-3.57200003	69220	2.91000009	0	200	0
-3.5769999	69220	2.90400004	0	200	0
-3.62400007	69221	2.88499999	0	200	0
-3.56800008	69219	2.90300012	0	200	0
-3.57399988	69220	2.898	0	200	0
-3.56699991	69219	2.89700007	0	200	0
-3.56900001	69219	2.89100003	0	200	0
-3.57299995	69220	2.89100003	0	200	0
-3.74099994	69217	2.84500003	0	200	0
-3.73300004	69217	2.83100009	0	200	0
-3.62299991	69221	2.9289999	0	200	0
-3.625	69221	2.91700006	0	200	0
-3.62599993	69221	2.91000009	0	200	0
-3.625	69221	2.90400004	0	200	0
-3.57299995	69220	2.9230001	0	200	0
-3.62599993	69221	2.93600011	0	200	0
-3.57500005	69220	2.94199991	0	200	0
-3.56699991	69219	2.94099998	0	200	0
-3.57399988	69220	2.93600011	0	200	0
-3.56800008	69219	2.93499994	0	200	0
-3.57500005	69220	2.9289999	0	200	0
-3.56800008	69219	2.92799997	0	200	0
-3.56599998	69219	2.92199993	0	200	0
-3.7349999	69217	2.86400008	0	200	0
-3.73699999	69217	2.85800004	0	200	0
-3.73300004	69217	2.85100007	0	200	0
-3.74099994	69217	2.89100003	0	200	0
-3.7349999	69217	2.88400006	0	200	0
-3.73200011	69217	2.87700009	0	200	0
-3.62400007	69221	2.94199991	0	200	0
-3.74000001	69217	2.92400002	0	200	0
-3.73600006	69217	2.91700006	0	200	0
-3.74399996	69217	2.91100001	0	200	0
-3.74000001	69217	2.89700007	0	200	0
-3.61899996	69221	2.94799995	0	200	0
-3.57500005	69220	2.95499992	0	200	0
-3.56800008	69219	2.954	0	200	0
-3.625	69221	2.96799994	0	200	0
-3.62700009	69221	2.96099997	0	200	0
-3.57500005	69220	2.97399998	0	200	0
-3.56900001	69219	2.97300005	0	200	0
-3.57800007	69219	2.96799994	0	200	0
-3.579	69220	2.96799994	0	200	0
-3.56800008	69219	2.96000004	0	200	0
-3.56900001	69220	2.96000004	0	200	0
-3.625	69221	2.97399998	0	200	0
-3.62599993	69221	2.99300003	0	200	0
-3.62700009	69221	2.98099995	0	200	0
-3.59699988	69218	3.00200009	0	200	0
-3.57500005	69220	3.00500011	0	200	0
-3.56999993	69219	3.00500011	0	200	0
-3.5769999	69220	2.99900007	0	200	0
-3.56800008	69219	2.99799991	0	200	0
-3.57399988	69220	2.9920001	0	200	0
-3.56900001	69219	2.9920001	0	200	0
-3.57399988	69220	2.98600006	0	200	0
-3.56699991	69219	2.9849999	0	200	0
-3.74000001	69217	2.94300008	0	200	0
-3.74099994	69217	2.93000007	0	200	0
-3.62400007	69221	3.0250001	0	200	0
-3.62599993	69221	3.01300001	0	200	0
-3.62700009	69221	3.00600004	0	200	0
-3.62599993	69221	3	0	200	0
-3.5769999	69220	3.01799989	0	200	0
-3.56900001	69219	3.01699996	0	200	0
-3.61800003	69221	3.0309999	0	200	0
-3.57599998	69220	3.03699994	0	200	0
-3.5710001	69219	3.03600001	0	200	0
-3.5769999	69220	3.0309999	0	200	0
-3.57200003	69219	3.02999997	0	200	0
-3.57599998	69220	3.02399993	0	200	0
-3.56999993	69219	3.023	0	200	0
-3.73799992	69217	2.96300006	0	200	0
-3.74000001	69217	2.95000005	0	200	0
-3.74499989	69217	2.99000001	0	200	0
-3.74399996	69217	2.98399997	0	200	0
-3.62599993	69221	3.03800011	0	200	0
-3.7420001	69217	3.023	0	200	0
-3.74900007	69217	3.01699996	0	200	0
-3.75399995	69217	3.01200008	0	200	0
-3.75099993	69217	2.99799991	0	200	0
-3.62899995	69221	3.04500008	0	200	0
-3.56999993	69219	3.04900002	0	200	0
-3.57299995	69220	3.04900002	0	200	0
-3.625	69221	3.06399989	0	200	0
-3.62400007	69221	3.05699992	0	200	0
-3.57599998	69220	3.06900001	0	200	0
-3.5710001	69219	3.06800008	0	200	0
-3.5710001	69219	3.06200004	0	200	0
-3.57599998	69220	3.06200004	0	200	0
-3.56900001	69219	3.05500007	0	200	0
-3.57200003	69220	3.05500007	0	200	0
-3.62299991	69221	3.06999993	0	200	0
-3.62700009	69221	3.08999991	0	200	0
-3.62599993	69221	3.0769999	0	200	0
-3.59100008	69220	3.09699988	0	200	0
-3.56999993	69219	3.09299994	0	200	0
-3.57599998	69220	3.08800006	0	200	0
-3.56999993	69219	3.08699989	0	200	0
-3.57500005	69220	3.08100009	0	200	0
-3.5710001	69219	3.08100009	0	200	0
-3.57599998	69220	3.10100007	0	200	0
-3.5710001	69219	3.0999999	0	200	0
-3.75500011	69217	3.03200006	0	200	0
-3.62400007	69221	3.12199998	0	200	0
-3.625	69221	3.10899997	0	200	0
-3.62800002	69221	3.10299993	0	200	0
-3.62599993	69221	3.09599996	0	200	0
-3.57299995	69220	3.11299992	0	200	0
-3.56699991	69219	3.11199999	0	200	0
-3.5769999	69220	3.11999989	0	200	0
-3.5769999	69220	3.1329999	0	200	0
-3.5710001	69219	3.13199997	0	200	0
-3.5769999	69220	3.12700009	0	200	0
-3.56999993	69219	3.125	0	200	0
-3.56900001	69219	3.11899996	0	200	0
-3.74300003	69217	3.05599999	0	200	0
-3.75	69217	3.05100012	0	200	0
-3.75699997	69217	3.04500008	0	200	0
-3.74699998	69217	3.08400011	0	200	0
-3.75500011	69217	3.07800007	0	200	0
-3.75399995	69217	3.06500006	0	200	0
-3.62899995	69221	3.13599992	0	200	0
-3.73799992	69217	3.11599994	0	200	0
-3.75500011	69217	3.11199999	0	200	0
-3.74499989	69217	3.09699988	0	200	0
-3.74600005	69217	3.08999991	0	200	0
-3.63000011	69221	3.14299989	0	200	0
-3.57599998	69220	3.14599991	0	200	0
-3.56999993	69219	3.14499998	0	200	0
-3.61999989	69221	3.16000009	0	200	0
-3.61999989	69221	3.15400004	0	200	0
-3.57599998	69220	3.16499996	0	200	0
-3.57200003	69219	3.16400003	0	200	0
-3.5710001	69219	3.15799999	0	200	0
-3.57200003	69220	3.15799999	0	200	0
-3.57299995	69219	3.15199995	0	200	0
-3.57599998	69220	3.15199995	0	200	0
-3.62700009	69221	3.16799998	0	200	0
-3.62400007	69221	3.18700004	0	200	0
-3.69400001	69221	3.14100003	0	200	0
-3.62599993	69221	3.17400002	0	200	0
-3.57299995	69219	3.19000006	0	200	0
-3.57800007	69220	3.19099998	0	200	0
-3.56800008	69219	3.18300009	0	200	0
-3.579	69220	3.18499994	0	200	0
-3.56999993	69219	3.17700005	0	200	0
-3.57599998	69220	3.17799997	0	200	0
-3.57599998	69220	3.19700003	0	200	0
-3.57299995	69219	3.1960001	0	200	0
-3.75500011	69217	3.125	0	200	0
-3.62400007	69221	3.22000003	0	200	0
-3.62199998	69221	3.20600009	0	200	0
-3.62599993	69221	3.20099998	0	200	0
-3.62599993	69221	3.19400001	0	200	0
-3.57399988	69220	3.21000004	0	200	0
-3.56900001	69219	3.20900011	0	200	0
-3.57500005	69220	3.21600008	0	200	0
-3.56999993	69219	3.21499991	0	200	0
-3.57599998	69220	3.23000002	0	200	0
-3.57299995	69219	3.22900009	0	200	0
-3.579	69220	3.22399998	0	200	0
-3.57299995	69219	3.22199988	0	200	0
-3.75099993	69217	3.15100002	0	200	0
-3.76300001	69217	3.1329999	0	200	0
-3.7579999	69217	3.18000007	0	200	0
-3.75300002	69217	3.16499996	0	200	0
-3.62599993	69221	3.23300004	0	200	0
-3.62599993	69221	3.227	0	200	0
-3.76300001	69217	3.20099998	0	200	0
-3.75200009	69217	3.19199991	0	200	0
-3.75900006	69217	3.18600011	0	200	0
-3.625	69221	3.24000001	0	200	0
-3.61299992	69218	3.23099995	0	200	0
-3.57599998	69220	3.24300003	0	200	0
-3.56599998	69219	3.24000001	0	200	0
-3.62199998	69221	3.25900006	0	200	0
-3.62400007	69221	3.25300002	0	200	0
-3.57500005	69219	3.26200008	0	200	0
-3.57599998	69220	3.26200008	0	200	0
-3.57800007	69220	3.25600004	0	200	0
-3.57200003	69218	3.24799991	0	200	0
-3.57200003	69219	3.24799991	0	200	0
-3.56500006	69220	3.24699998	0	200	0
-3.65199995	69218	3.25900006	0	200	0
-3.62199998	69221	3.26600003	0	200	0
-3.62599993	69221	3.28600001	0	200	0
-3.62100005	69221	3.27200007	0	200	0
-3.60400009	69218	3.2809999	0	200	0
-3.57599998	69220	3.2750001	0	200	0
-3.57299995	69219	3.27399993	0	200	0
-3.75699997	69217	3.22000003	0	200	0
-3.76099992	69217	3.21399999	0	200	0
-3.60599995	69218	3.30100012	0	200	0
-3.63000011	69221	3.30699992	0	200	0
-3.62599993	69221	3.29900002	0	200	0
-3.62800002	69221	3.29299998	0	200	0
-3.57599998	69220	3.30800009	0	200	0
-3.57399988	69219	3.30699992	0	200	0
-3.57800007	69220	3.31500006	0	200	0
-3.57299995	69219	3.31299996	0	200	0
-3.58100009	69220	3.32800007	0	200	0
-3.56100011	69219	3.32399988	0	200	0
-3.579	69220	3.3210001	0	200	0
-3.57200003	69219	3.31999993	0	200	0
-3.7579999	69217	3.24699998	0	200	0
-3.75399995	69217	3.22600007	0	200	0
-3.76099992	69217	3.26799989	0	200	0
-3.76399994	69217	3.26200008	0	200	0
-3.75	69217	3.25200009	0	200	0
-3.62199998	69221	3.32500005	0	200	0
-3.62800002	69221	3.31999993	0	200	0
-3.74499989	69217	3.29900002	0	200	0
-3.74499989	69217	3.28500009	0	200	0
-3.625	69221	3.33899999	0	200	0
-3.62899995	69221	3.33299994	0	200	0
-3.57200003	69219	3.33899999	0	200	0
-3.56800008	69220	3.33800006	0	200	0
-3.602	69218	3.34699988	0	200	0
-3.625	69221	3.352	0	200	0
-3.57800007	69220	3.36100006	0	200	0
-3.57399988	69219	3.3599999	0	200	0
-3.57800007	69220	3.35400009	0	200	0
-3.57599998	69219	3.35299993	0	200	0
-3.57500005	69220	3.34699988	0	200	0
-3.57500005	69219	3.34699988	0	200	0
-3.62299991	69221	3.36500001	0	200	0
-3.63199997	69221	3.36100006	0	200	0
-3.648	69218	3.37800002	0	200	0
-3.62400007	69221	3.38499999	0	200	0
-3.59200001	69220	3.37700009	0	200	0
-3.63599992	69221	3.375	0	200	0
-3.64400005	69218	3.36299992	0	200	0
-3.57399988	69219	3.37299991	0	200	0
-3.74000001	69217	3.31800008	0	200	0
-3.7420001	69217	3.31200004	0	200	0
-3.57999992	69220	3.39400005	0	200	0
-3.58599997	69219	3.39599991	0	200	0
-3.57599998	69220	3.38599992	0	200	0
-3.57399988	69219	3.38599992	0	200	0
-3.62800002	69221	3.4059999	0	200	0
-3.625	69221	3.39899993	0	200	0
-3.57500005	69219	3.4059999	0	200	0
-3.5769999	69220	3.4059999	0	200	0
-3.579	69220	3.42700005	0	200	0
-3.57399988	69219	3.42600012	0	200	0
-3.579	69220	3.42000008	0	200	0
-3.57299995	69219	3.41899991	0	200	0
-3.76200008	69217	3.33699989	0	200	0
-3.773	69217	3.33200002	0	200	0
-3.73099995	69217	3.3499999	0	200	0
-3.62700009	69221	3.42000008	0	200	0
-3.63000011	69221	3.43400002	0	200	0
-3.62299991	69221	3.43899989	0	200	0
-3.579	69220	3.44000006	0	200	0
-3.57299995	69219	3.43899989	0	200	0
-3.579	69220	3.46000004	0	200	0
-3.57599998	69219	3.45900011	0	200	0
-3.57800007	69220	3.45300007	0	200	0
-3.57500005	69219	3.4519999	0	200	0
-3.62400007	69221	3.45300007	0	200	0
-3.60899997	69218	3.46799994	0	200	0
-3.62299991	69221	3.46600008	0	200	0
-3.57800007	69220	3.47300005	0	200	0
-3.62800002	69221	3.47399998	0	200	0
-3.57500005	69219	3.47199988	0	200	0
-3.57500005	69219	3.49300003	0	200	0
-3.59299994	69220	3.49099994	0	200	0
-3.57599998	69219	3.48600006	0	200	0
-3.62199998	69221	3.48600006	0	200	0
-3.58100009	69220	3.49399996	0	200	0
-3.62700009	69221	3.50099993	0	200	0
-3.58200002	69220	3.52200007	0	200	0
-3.62700009	69221	3.50699997	0	200	0
-3.5769999	69219	3.51999998	0	200	0
-3.57800007	69220	3.50699997	0	200	0
-3.57399988	69219	3.50600004	0	200	0
-3.62899995	69221	3.52200007	0	200	0
-3.57999992	69220	3.52800012	0	200	0
-3.62400007	69221	3.53399992	0	200	0
-3.57800007	69219	3.52699995	0	200	0
-3.62899995	69221	3.54200006	0	200	0
-3.57599998	69219	3.5539999	0	200	0
-3.579	69220	3.5539999	0	200	0
-3.579	69220	3.54099989	0	200	0
-3.57500005	69219	3.53999996	0	200	0
-3.58200002	69220	3.56200004	0	200	0
-3.5769999	69219	3.56100011	0	200	0
-3.62199998	69221	3.5539999	0	200	0
-3.62299991	69221	3.56800008	0	200	0
-3.57800007	69220	3.58800006	0	200	0
-3.61999989	69221	3.57399988	0	200	0
-3.57500005	69219	3.58699989	0	200	0
-3.6099999	69218	3.56999993	0	200	0
-3.579	69220	3.57500005	0	200	0
-3.57500005	69219	3.57399988	0	200	0
-3.62599993	69221	3.58899999	0	200	0
-3.62800002	69221	3.60299993	0	200	0
-3.60899997	69218	3.60400009	0	200	0
-3.57800007	69220	3.60899997	0	200	0
-3.5769999	69219	3.60800004	0	200	0
-3.58400011	69220	3.59699988	0	200	0
-3.58100009	69219	3.59599996	0	200	0
-3.62800002	69221	3.61100006	0	200	0
-3.57999992	69220	3.62299991	0	200	0
-3.5769999	69219	3.62199998	0	200	0
-3.62700009	69221	3.62400007	0	200	0
-3.61599994	69218	3.63400006	0	200	0
-3.63100004	69221	3.63899994	0	200	0
-3.57500005	69220	3.64199996	0	200	0
-3.57599998	69219	3.64199996	0	200	0
-3.58100009	69220	3.63000011	0	200	0
-3.579	69219	3.62899995	0	200	0
-3.63000011	69221	3.64599991	0	200	0
-3.60899997	69218	3.65300012	0	200	0
-3.57999992	69220	3.65700006	0	200	0
-3.5769999	69219	3.6559999	0	200	0
-3.62899995	69221	3.65899992	0	200	0
-3.62599993	69221	3.6730001	0	200	0
-3.57999992	69220	3.67799997	0	200	0
-3.579	69219	3.67700005	0	200	0
-3.579	69219	3.66400003	0	200	0
-3.57999992	69220	3.66400003	0	200	0
-3.62800002	69221	3.68000007	0	200	0
-3.62400007	69221	3.69300008	0	200	0
-3.579	69219	3.69799995	0	200	0
-3.56800008	69220	3.68799996	0	200	0
-3.57500005	69219	3.69000006	0	200	0
-3.54900002	69218	3.7019999	0	200	0
-3.58100009	69220	3.69899988	0	200	0
-3.625	69221	3.70700002	0	200	0
-3.56200004	69220	3.72000003	0	200	0
-3.6099999	69218	3.70900011	0	200	0
-3.57599998	69219	3.71099997	0	200	0
-3.57500005	69220	3.71099997	0	200	0
-3.62700009	69221	3.71499991	0	200	0
-3.58100009	69219	3.727	0	200	0
-3.58899999	69218	3.73000002	0	200	0
-3.62199998	69221	3.727	0	200	0
-3.57999992	69219	3.73399997	0	200	0
-3.579	69220	3.73300004	0	200	0
-3.62199998	69221	3.74099994	0	200	0
-3.56900001	69219	3.74399996	0	200	0
-3.61100006	69218	3.74399996	0	200	0
-3.56999993	69220	3.74399996	0	200	0
-3.63199997	69221	3.75200009	0	200	0
-3.62400007	69221	3.76300001	0	200	0
-3.58200002	69219	3.76900005	0	200	0
-3.625	69221	3.78500009	0	200	0
-3.6329999	69221	3.77999997	0	200	0
-3.57999992	69219	3.79699993	0	200	0
-3.58299994	69220	3.78399992	0	200	0
-3.579	69219	3.78200006	0	200	0
-3.58299994	69220	3.7980001	0	200	0
-3.63400006	69221	3.80200005	0	200	0
-3.58100009	69219	3.8039999	0	200	0
-3.56900001	69220	3.79999995	0	200	0
-3.58200002	69220	3.81800008	0	200	0
-3.58100009	69219	3.81800008	0	200	0
-3.63100004	69221	3.81500006	0	200	0
-3.63000011	69221	3.82200003	0	200	0
-3.58299994	69220	3.83299994	0	200	0
-3.57999992	69219	3.83200002	0	200	0
-3.62700009	69221	3.83599997	0	200	0
-3.58599997	69220	3.84100008	0	200	0
-3.58200002	69219	3.83999991	0	200	0
-3.62599993	69221	3.8499999	0	200	0
-3.6329999	69221	3.85899997	0	200	0
-3.57800007	69219	3.8670001	0	200	0
-3.58200002	69220	3.85400009	0	200	0
-3.57800007	69219	3.85299993	0	200	0
-3.58599997	69220	3.86999989	0	200	0
-3.66199994	69218	3.86299992	0	200	0
-3.63400006	69221	3.87400007	0	200	0
-3.58100009	69220	3.8900001	0	200	0
-3.579	69219	3.88899994	0	200	0
-3.58299994	69220	3.87599993	0	200	0
-3.58200002	69219	3.87599993	0	200	0
-3.61800003	69218	3.88899994	0	200	0
-3.63000011	69221	3.89400005	0	200	0
-3.63000011	69221	3.88700008	0	200	0
-3.57999992	69219	3.90300012	0	200	0
-3.58200002	69219	3.91199994	0	200	0
-3.58200002	69220	3.91199994	0	200	0
-3.58899999	69220	3.90700006	0	200	0
-3.62700009	69221	3.90799999	0	200	0
-3.58400011	69220	3.92700005	0	200	0
-3.58200002	69219	3.92600012	0	200	0
-3.61400008	69218	3.91700006	0	200	0
-3.63400006	69221	3.93199992	0	200	0
-3.62899995	69221	3.9230001	0	200	0
-3.57999992	69219	3.94000006	0	200	0
-3.61599994	69218	3.94000006	0	200	0
-3.62700009	69221	3.94400001	0	200	0
-3.58200002	69220	3.94099998	0	200	0
-3.61500001	69218	3.954	0	200	0
-3.58100009	69219	3.96199989	0	200	0
-3.57999992	69220	3.96099997	0	200	0
-3.58400011	69220	3.94899988	0	200	0
-3.58200002	69219	3.94799995	0	200	0
-3.62599993	69221	3.95900011	0	200	0
-3.62899995	69221	3.96700001	0	200	0
-3.61899996	69218	3.97799993	0	200	0
-3.58899999	69220	3.98699999	0	200	0
-3.58400011	69219	3.9849999	0	200	0
-3.58100009	69220	3.977	0	200	0
-3.57999992	69219	3.97600007	0	200	0
-3.62700009	69221	3.98099995	0	200	0
-3.58400011	69219	4	0	200	0
-3.58400011	69220	3.99900007	0	200	0
-3.625	69221	3.99499989	0	200	0
-3.6170001	69218	3.99900007	0	200	0
-3.62899995	69221	4.00400019	0	200	0
-3.58999991	69219	4.02400017	0	200	0
-3.58800006	69220	4.02400017	0	200	0
-3.61800003	69218	4.01399994	0	200	0
-3.58299994	69219	4.01399994	0	200	0
-3.58100009	69220	4.01300001	0	200	0
-3.62899995	69221	4.01900005	0	200	0
-3.579	69220	4.03499985	0	200	0
-3.58100009	69219	4.03499985	0	200	0
-3.62400007	69221	4.03200006	0	200	0
-3.61999989	69218	4.03700018	0	200	0
-3.63100004	69221	4.04199982	0	200	0
-3.6170001	69218	4.05100012	0	200	0
-3.58400011	69220	4.05900002	0	200	0
-3.58500004	69219	4.05900002	0	200	0
-3.58400011	69220	4.05100012	0	200	0
-3.58200002	69219	4.05100012	0	200	0
-3.62599993	69221	4.05499983	0	200	0
-3.63000011	69221	4.0710001	0	200	0
-3.62800002	69221	4.07800007	0	200	0
-3.58400011	69219	4.07399988	0	200	0
-3.58200002	69220	4.07299995	0	200	0
-3.58699989	69219	4.09800005	0	200	0
-3.58100009	69220	4.09499979	0	200	0
-3.61599994	69218	4.08799982	0	200	0
-3.58500004	69220	4.08900023	0	200	0
-3.58200002	69219	4.08799982	0	200	0
-3.62899995	69221	4.09399986	0	200	0
-3.62199998	69221	4.10599995	0	200	0
-3.58500004	69220	4.11199999	0	200	0
-3.58500004	69219	4.11199999	0	200	0
-3.62700009	69221	4.11600018	0	200	0
-3.58500004	69219	4.12699986	0	200	0
-3.58599997	69220	4.12699986	0	200	0
-3.58100009	69218	4.1329999	0	200	0
-3.61899996	69218	4.12699986	0	200	0
-3.63100004	69221	4.1329999	0	200	0
-3.58899999	69220	4.13600016	0	200	0
-3.61899996	69218	4.1420002	0	200	0
-3.58599997	69219	4.13500023	0	200	0
-3.63000011	69221	4.14699984	0	200	0
-3.5309999	69218	4.13899994	0	200	0
-3.58699989	69220	4.1500001	0	200	0
-3.58500004	69219	4.14900017	0	200	0
-3.55699992	69218	4.13600016	0	200	0
-3.62599993	69221	4.16900015	0	200	0
-3.62899995	69221	4.15500021	0	200	0
-3.58299994	69219	4.16400003	0	200	0
-3.58599997	69220	4.16499996	0	200	0
-3.58699989	69219	4.17299986	0	200	0
-3.62800002	69221	4.18499994	0	200	0
-3.58400011	69219	4.1869998	0	200	0
-3.57399988	69220	4.18200016	0	200	0
-3.58899999	69220	4.17399979	0	200	0
-3.62800002	69218	4.19299984	0	200	0
-3.63100004	69221	4.19399977	0	200	0
-3.58699989	69220	4.21099997	0	200	0
-3.60400009	69220	4.21199989	0	200	0
-3.625	69218	4.20599985	0	200	0
-3.62800002	69221	4.20800018	0	200	0
-3.62199998	69218	4.21999979	0	200	0
-3.63000011	69221	4.23199987	0	200	0
-3.62899995	69221	4.22399998	0	200	0
-3.45900011	69219	4.1420002	0	200	0
-3.58599997	69220	4.25	0	200	0
-3.6329999	69221	4.24900007	0	200	0
-3.41100001	69220	4.14099979	0	200	0
-3.41499996	69220	4.15799999	0	200	0
-3.41499996	69219	4.12799978	0	200	0
-3.41599989	69219	4.14300013	0	200	0
-3.42199993	69218	4.13199997	0	200	0
-3.421	69218	4.14599991	0	200	0
-3.43499994	69219	4.16699982	0	200	0
