3.39431262	69750	0.0372499973	0	255	0
3.39431262	69750	0.0666874945	0	255	0
3.48775005	69750	0.0666874945	0	255	0
3.48775005	69750	0.0372499973	0	255	0
3.39431262	69250	0.0666874945	0	255	0
3.48775005	69250	0.0666874945	0	255	0
3.39431262	69250	0.0372499973	0	255	0
3.48775005	69500	0.0372499973	0	255	0
3.48775005	69500	0.0666874945	0	255	0
3.58118773	69500	0.0666874945	0	255	0
3.48775005	69250	0.0961249992	0	255	0
3.48775005	69250	0.0666874945	0	255	0
3.58118773	69250	0.0666874945	0	255	0
3.58118773	69250	0.0372499973	0	255	0
3.30087519	70250	0.0372499973	0	255	0
3.39431262	70250	0.0372499973	0	255	0
3.30087519	70250	-0.0216250047	0	255	0
3.39431262	70250	-0.0216250047	0	255	0
3.39431262	70000	-0.0216250047	0	255	0
3.48775005	70000	0.0372499973	0	255	0
3.48775005	70000	0.00781249627	0	255	0
3.48775005	69750	0.00781249627	0	255	0
3.39431262	69750	-0.0216250047	0	255	0
3.30087519	70250	0.0372499973	0	255	0
3.30087519	70250	0.00781249627	0	255	0
3.48775005	70250	0.00781249627	0	255	0
3.48775005	70250	-0.0805000067	0	255	0
3.30087519	69750	0.00781249627	0	255	0
3.48775005	69750	0.00781249627	0	255	0
3.48775005	69750	0.0372499973	0	255	0
3.39431262	69750	0.0372499973	0	255	0
3.30087519	69750	0.00781249627	0	255	0
3.30087519	69500	0.00781249627	0	255	0
3.30087519	69500	-0.0216250047	0	255	0
3.39431262	69250	0.0372499973	0	255	0
3.39431262	69250	-0.0216250047	0	255	0
3.30087519	69750	-0.0510625057	0	255	0
3.30087519	69500	-0.0216250047	0	255	0
3.30087519	69500	-0.0510625057	0	255	0
3.39431262	69750	-0.0805000067	0	255	0
3.48775005	69750	-0.0805000067	0	255	0
3.39431262	69250	-0.0216250047	0	255	0
3.39431262	69250	-0.0805000067	0	255	0
3.48775005	69750	0.0372499973	0	255	0
3.48775005	69750	0.0666874945	0	255	0
3.67462516	69750	0.0666874945	0	255	0
3.48775005	69250	0.0961249992	0	255	0
3.48775005	69250	0.0666874945	0	255	0
3.67462516	69250	0.0666874945	0	255	0
3.67462516	69250	0.0372499973	0	255	0
3.48775005	68750	0.155000001	0	255	0
3.58118773	69000	0.125562504	0	255	0
3.67462516	69000	0.125562504	0	255	0
3.67462516	69000	0.0961249992	0	255	0
3.58118773	68750	0.125562504	0	255	0
3.67462516	68750	0.125562504	0	255	0
3.58118773	68750	0.0961249992	0	255	0
3.48775005	69250	0.0666874945	0	255	0
3.58118773	69250	0.0666874945	0	255	0
3.58118773	69250	0.0372499973	0	255	0
3.48775005	69000	0.0961249992	0	255	0
3.58118773	69000	0.0372499973	0	255	0
3.67462516	69000	0.0961249992	0	255	0
3.48775005	68750	0.0372499973	0	255	0
3.67462516	69000	0.0372499973	0	255	0
3.58118773	68750	0.0666874945	0	255	0
3.58118773	68750	0.0372499973	0	255	0
3.67462516	68750	0.0666874945	0	255	0
3.58118773	68250	0.0372499973	0	255	0
3.67462516	68250	0.0666874945	0	255	0
3.58118773	68250	0.0666874945	0	255	0
3.76806259	68750	0.155000001	0	255	0
3.76806259	68750	0.0961249992	0	255	0
3.76806259	68500	0.0961249992	0	255	0
3.76806259	68250	0.155000001	0	255	0
3.76806259	68250	0.0961249992	0	255	0
3.58118773	68750	0.0961249992	0	255	0
3.58118773	68750	0.0372499973	0	255	0
3.67462516	68500	0.0372499973	0	255	0
3.48775005	68250	0.0961249992	0	255	0
3.58118773	68250	0.0961249992	0	255	0
3.67462516	68250	0.0666874945	0	255	0
3.58118773	68250	0.0666874945	0	255	0
3.76806259	68750	0.0961249992	0	255	0
3.76806259	68750	0.0372499973	0	255	0
3.76806259	68500	0.0372499973	0	255	0
3.76806259	68250	0.0961249992	0	255	0
3.76806259	68250	0.0372499973	0	255	0
3.67462516	68250	0.0372499973	0	255	0
3.39431262	69250	0.0372499973	0	255	0
3.39431262	69000	-0.0216250047	0	255	0
3.48775005	69000	0.0372499973	0	255	0
3.39431262	69250	-0.0216250047	0	255	0
3.48775005	69250	-0.0216250047	0	255	0
3.48775005	69000	-0.0216250047	0	255	0
3.30087519	68750	-0.0805000067	0	255	0
3.30087519	69250	0.0372499973	0	255	0
3.30087519	69250	0.00781249627	0	255	0
3.48775005	69250	0.00781249627	0	255	0
3.30087519	68750	0.00781249627	0	255	0
3.48775005	68750	0.00781249627	0	255	0
3.48775005	68750	0.0372499973	0	255	0
3.30087519	68750	-0.0216250047	0	255	0
3.58118773	69250	0.0372499973	0	255	0
3.58118773	69250	-0.0216250047	0	255	0
3.58118773	69000	-0.0216250047	0	255	0
3.67462516	69000	0.0372499973	0	255	0
3.67462516	69000	-0.0216250047	0	255	0
3.67462516	69000	-0.0216250047	0	255	0
3.67462516	69000	0.00781249627	0	255	0
3.76806259	69000	0.00781249627	0	255	0
3.67462516	68750	0.00781249627	0	255	0
3.76806259	68750	0.00781249627	0	255	0
3.76806259	68750	-0.0216250047	0	255	0
3.58118773	69250	-0.0216250047	0	255	0
3.58118773	69250	-0.0805000067	0	255	0
3.58118773	69000	-0.0805000067	0	255	0
3.67462516	69000	-0.0216250047	0	255	0
3.48775005	68750	-0.0805000067	0	255	0
3.67462516	69000	-0.0805000067	0	255	0
3.58118773	68750	-0.0510625057	0	255	0
3.58118773	68750	-0.0805000067	0	255	0
3.67462516	68750	-0.0510625057	0	255	0
3.58118773	68250	-0.0805000067	0	255	0
3.67462516	68250	-0.0510625057	0	255	0
3.58118773	68250	-0.0510625057	0	255	0
3.76806259	68750	0.0372499973	0	255	0
3.76806259	68750	-0.0216250047	0	255	0
3.76806259	68500	-0.0216250047	0	255	0
3.76806259	68250	0.0372499973	0	255	0
3.76806259	68250	-0.0216250047	0	255	0
3.58118773	68750	-0.0216250047	0	255	0
3.58118773	68500	-0.0805000067	0	255	0
3.67462516	68500	-0.0216250047	0	255	0
3.58118773	68750	-0.0805000067	0	255	0
3.58118773	68250	-0.0510625057	0	255	0
3.67462516	68250	-0.0510625057	0	255	0
3.58118773	68250	-0.0805000067	0	255	0
3.76806259	68750	-0.0216250047	0	255	0
3.76806259	68750	-0.0805000067	0	255	0
3.76806259	68500	-0.0805000067	0	255	0
3.76806259	68250	-0.0216250047	0	255	0
3.76806259	68250	-0.0805000067	0	255	0
3.20743752	70250	-0.109937504	0	255	0
3.20743752	70250	-0.0805000067	0	255	0
3.30087519	70250	-0.109937504	0	255	0
3.20743752	70000	-0.139375001	0	255	0
3.30087519	70000	-0.0805000067	0	255	0
3.30087519	70000	-0.109937504	0	255	0
3.20743752	70000	-0.109937504	0	255	0
3.39431262	70250	-0.0805000067	0	255	0
3.30087519	70250	-0.139375001	0	255	0
3.39431262	70250	-0.139375001	0	255	0
3.39431262	70000	-0.139375001	0	255	0
3.48775005	70000	-0.0805000067	0	255	0
3.48775005	70000	-0.139375001	0	255	0
3.30087519	70250	-0.0805000067	0	255	0
3.30087519	70250	-0.109937504	0	255	0
3.48775005	70250	-0.109937504	0	255	0
3.48775005	70250	-0.198250011	0	255	0
3.30087519	69750	-0.109937504	0	255	0
3.48775005	69750	-0.109937504	0	255	0
3.48775005	69750	-0.0805000067	0	255	0
3.39431262	69750	-0.0805000067	0	255	0
3.39431262	69750	-0.139375001	0	255	0
3.30087519	69500	-0.109937504	0	255	0
3.30087519	69500	-0.0805000067	0	255	0
3.39431262	69500	-0.139375001	0	255	0
3.30087519	69250	-0.109937504	0	255	0
3.39431262	69250	-0.139375001	0	255	0
3.11400008	69250	-0.0805000067	0	255	0
3.30087519	69750	-0.168812513	0	255	0
3.30087519	69500	-0.168812513	0	255	0
3.30087519	69500	-0.198250011	0	255	0
3.48775005	69750	-0.168812513	0	255	0
3.48775005	69750	-0.198250011	0	255	0
3.39431262	69500	-0.198250011	0	255	0
3.48775005	69500	-0.139375001	0	255	0
3.39431262	69250	-0.139375001	0	255	0
3.39431262	69250	-0.198250011	0	255	0
3.48775005	69500	-0.168812513	0	255	0
3.48775005	69500	-0.198250011	0	255	0
3.58118773	69500	-0.139375001	0	255	0
3.58118773	69500	-0.168812513	0	255	0
3.58118773	69500	-0.139375001	0	255	0
3.58118773	69250	-0.198250011	0	255	0
3.58118773	69250	-0.168812513	0	255	0
3.48775005	69250	-0.168812513	0	255	0
3.20743752	70250	-0.227687508	0	255	0
3.20743752	70250	-0.198250011	0	255	0
3.30087519	70250	-0.227687508	0	255	0
3.20743752	70000	-0.25712502	0	255	0
3.30087519	70000	-0.198250011	0	255	0
3.30087519	70000	-0.227687508	0	255	0
3.20743752	70000	-0.227687508	0	255	0
3.30087519	70250	-0.227687508	0	255	0
3.39431262	70250	-0.198250011	0	255	0
3.39431262	70250	-0.227687508	0	255	0
3.39431262	70000	-0.25712502	0	255	0
3.39431262	69750	-0.198250011	0	255	0
3.39431262	69750	-0.227687508	0	255	0
3.30087519	69750	-0.227687508	0	255	0
3.30087519	69750	-0.227687508	0	255	0
3.30087519	69750	-0.316000015	0	255	0
3.39431262	69750	-0.198250011	0	255	0
3.39431262	69750	-0.227687508	0	255	0
3.30087519	69500	-0.198250011	0	255	0
3.39431262	69500	-0.25712502	0	255	0
3.39431262	69500	-0.227687508	0	255	0
3.30087519	69500	-0.227687508	0	255	0
3.39431262	69250	-0.286562502	0	255	0
3.39431262	69250	-0.316000015	0	255	0
3.48775005	69250	-0.286562502	0	255	0
3.39431262	69000	-0.25712502	0	255	0
3.48775005	69000	-0.316000015	0	255	0
3.48775005	69000	-0.286562502	0	255	0
3.39431262	69000	-0.286562502	0	255	0
3.58118773	69250	-0.0805000067	0	255	0
3.58118773	69250	-0.139375001	0	255	0
3.58118773	69000	-0.139375001	0	255	0
3.67462516	69000	-0.0805000067	0	255	0
3.67462516	69000	-0.139375001	0	255	0
3.58118773	69250	-0.139375001	0	255	0
3.58118773	69250	-0.198250011	0	255	0
3.58118773	69000	-0.198250011	0	255	0
3.67462516	69000	-0.139375001	0	255	0
3.67462516	69000	-0.168812513	0	255	0
3.67462516	68750	-0.168812513	0	255	0
3.58118773	68750	-0.198250011	0	255	0
3.48775005	68750	-0.198250011	0	255	0
3.58118773	68750	-0.168812513	0	255	0
3.58118773	68750	-0.198250011	0	255	0
3.67462516	68750	-0.168812513	0	255	0
3.58118773	68500	-0.139375001	0	255	0
3.67462516	68500	-0.198250011	0	255	0
3.67462516	68500	-0.168812513	0	255	0
3.58118773	68500	-0.168812513	0	255	0
3.76806259	68750	-0.0805000067	0	255	0
3.76806259	68750	-0.139375001	0	255	0
3.67462516	68250	-0.0805000067	0	255	0
3.67462516	68500	-0.139375001	0	255	0
3.76806259	68500	-0.139375001	0	255	0
3.76806259	68250	-0.0805000067	0	255	0
3.76806259	68250	-0.109937504	0	255	0
3.67462516	68250	-0.109937504	0	255	0
3.39431262	69250	-0.227687508	0	255	0
3.39431262	69250	-0.198250011	0	255	0
3.48775005	69250	-0.227687508	0	255	0
3.39431262	69000	-0.25712502	0	255	0
3.48775005	69000	-0.198250011	0	255	0
3.48775005	69000	-0.227687508	0	255	0
3.39431262	69000	-0.227687508	0	255	0
3.30087519	68000	-0.286562502	0	255	0
3.30087519	68000	-0.316000015	0	255	0
3.39431262	68000	-0.25712502	0	255	0
3.30087519	67750	-0.286562502	0	255	0
3.48775005	68000	-0.316000015	0	255	0
3.48775005	68000	-0.286562502	0	255	0
3.48775005	67750	-0.286562502	0	255	0
3.11400008	67750	-0.227687508	0	255	0
3.11400008	67750	-0.316000015	0	255	0
3.30087519	67750	-0.227687508	0	255	0
3.20743752	67500	-0.25712502	0	255	0
3.11400008	67250	-0.227687508	0	255	0
3.30087519	67250	-0.316000015	0	255	0
3.30087519	67250	-0.227687508	0	255	0
3.30087519	67750	-0.286562502	0	255	0
3.30087519	67500	-0.316000015	0	255	0
3.30087519	67500	-0.286562502	0	255	0
3.48775005	67750	-0.286562502	0	255	0
3.48775005	67500	-0.316000015	0	255	0
3.48775005	67500	-0.286562502	0	255	0
3.48775005	68250	-0.286562502	0	255	0
3.48775005	68250	-0.316000015	0	255	0
3.67462516	68250	-0.286562502	0	255	0
3.58118773	68000	-0.25712502	0	255	0
3.48775005	67750	-0.286562502	0	255	0
3.67462516	67750	-0.198250011	0	255	0
3.67462516	67750	-0.286562502	0	255	0
3.67462516	68250	-0.286562502	0	255	0
3.76806259	68250	-0.316000015	0	255	0
3.76806259	68250	-0.286562502	0	255	0
3.67462516	68000	-0.316000015	0	255	0
3.76806259	68000	-0.25712502	0	255	0
3.76806259	68000	-0.286562502	0	255	0
3.67462516	68000	-0.286562502	0	255	0
3.11400008	67250	-0.109937504	0	255	0
3.11400008	67250	-0.316000015	0	255	0
3.11400008	67000	-0.0805000067	0	255	0
3.11400008	67000	-0.109937504	0	255	0
3.30087519	67250	-0.0805000067	0	255	0
3.30087519	67250	-0.109937504	0	255	0
3.30087519	67000	-0.0805000067	0	255	0
3.30087519	67000	-0.109937504	0	255	0
3.30087519	67000	-0.109937504	0	255	0
3.30087519	67000	-0.0805000067	0	255	0
3.39431262	67000	-0.139375001	0	255	0
3.30087519	66750	-0.109937504	0	255	0
3.48775005	67000	-0.0805000067	0	255	0
3.48775005	67000	-0.109937504	0	255	0
3.48775005	66750	-0.0805000067	0	255	0
3.48775005	66750	-0.109937504	0	255	0
3.48775005	67000	-0.286562502	0	255	0
3.48775005	67000	-0.316000015	0	255	0
3.58118773	67000	-0.25712502	0	255	0
3.58118773	67000	-0.286562502	0	255	0
3.58118773	67000	-0.25712502	0	255	0
3.58118773	66750	-0.316000015	0	255	0
3.58118773	66750	-0.286562502	0	255	0
3.48775005	66750	-0.286562502	0	255	0
3.58118773	66750	-0.227687508	0	255	0
3.58118773	66750	-0.198250011	0	255	0
3.67462516	66750	-0.227687508	0	255	0
3.58118773	66500	-0.25712502	0	255	0
3.67462516	66500	-0.198250011	0	255	0
3.67462516	66500	-0.227687508	0	255	0
3.58118773	66500	-0.227687508	0	255	0
3.67462516	66750	-0.286562502	0	255	0
3.76806259	66750	-0.316000015	0	255	0
3.76806259	66750	-0.286562502	0	255	0
3.67462516	66500	-0.316000015	0	255	0
3.76806259	66500	-0.25712502	0	255	0
3.76806259	66500	-0.286562502	0	255	0
3.67462516	66500	-0.286562502	0	255	0
3.86150026	66750	-0.0805000067	0	255	0
3.86150026	66750	-0.0510625057	0	255	0
3.86150026	66500	-0.0510625057	0	255	0
3.86150026	66500	-0.0805000067	0	255	0
4.04837513	66750	-0.0510625057	0	255	0
4.04837513	66500	-0.0510625057	0	255	0
4.04837513	66500	-0.0805000067	0	255	0
4.04837513	66750	-0.0510625057	0	255	0
4.1418128	66750	-0.0510625057	0	255	0
4.1418128	66750	-0.0805000067	0	255	0
4.04837513	66500	-0.0216250047	0	255	0
4.1418128	66500	-0.0805000067	0	255	0
4.1418128	66500	-0.0805000067	0	255	0
4.1418128	66250	-0.0216250047	0	255	0
4.04837513	66250	-0.0805000067	0	255	0
4.23525047	66500	-0.0510625057	0	255	0
4.23525047	66500	-0.0805000067	0	255	0
4.23525047	66250	-0.0510625057	0	255	0
4.42212534	66250	0.0372499973	0	255	0
4.51556301	66500	0.00781249627	0	255	0
4.60900021	66500	0.00781249627	0	255	0
4.60900021	66500	-0.0216250047	0	255	0
4.51556301	66250	0.00781249627	0	255	0
4.60900021	66250	0.00781249627	0	255	0
4.51556301	66250	-0.0216250047	0	255	0
4.23525047	66500	-0.0216250047	0	255	0
4.32868767	66500	-0.0805000067	0	255	0
4.42212534	66500	-0.0216250047	0	255	0
4.23525047	66500	-0.0805000067	0	255	0
4.42212534	66500	-0.0805000067	0	255	0
4.42212534	66500	-0.0216250047	0	255	0
4.51556301	66500	-0.0805000067	0	255	0
4.60900021	66500	-0.0216250047	0	255	0
4.42212534	66500	-0.0805000067	0	255	0
4.60900021	66500	-0.0805000067	0	255	0
3.39431262	68000	-0.139375001	0	255	0
3.48775005	68000	-0.0805000067	0	255	0
3.39431262	67750	-0.0805000067	0	255	0
3.48775005	68000	-0.139375001	0	255	0
3.39431262	67750	-0.139375001	0	255	0
3.30087519	68250	-0.0805000067	0	255	0
3.30087519	68250	-0.109937504	0	255	0
3.48775005	68250	-0.109937504	0	255	0
3.48775005	68250	-0.198250011	0	255	0
3.30087519	67750	-0.109937504	0	255	0
3.48775005	67750	-0.109937504	0	255	0
3.48775005	67750	-0.0805000067	0	255	0
3.11400008	67750	-0.168812513	0	255	0
3.11400008	67750	-0.0805000067	0	255	0
3.30087519	67750	-0.168812513	0	255	0
3.20743752	67500	-0.139375001	0	255	0
3.11400008	67250	-0.168812513	0	255	0
3.30087519	67250	-0.168812513	0	255	0
3.30087519	67500	-0.0805000067	0	255	0
3.48775005	67500	-0.0805000067	0	255	0
3.30087519	67500	-0.139375001	0	255	0
3.48775005	67500	-0.139375001	0	255	0
3.20743752	67750	-0.168812513	0	255	0
3.20743752	67750	-0.139375001	0	255	0
3.30087519	67750	-0.168812513	0	255	0
3.11400008	67500	-0.139375001	0	255	0
3.20743752	67500	-0.198250011	0	255	0
3.30087519	67250	-0.139375001	0	255	0
3.11400008	67500	-0.198250011	0	255	0
3.30087519	67500	-0.198250011	0	255	0
3.30087519	67250	-0.198250011	0	255	0
3.58118773	68250	-0.0805000067	0	255	0
3.67462516	68250	-0.0805000067	0	255	0
3.67462516	68000	-0.0805000067	0	255	0
3.48775005	68250	-0.139375001	0	255	0
3.48775005	68250	-0.109937504	0	255	0
3.48775005	68000	-0.139375001	0	255	0
3.67462516	68250	-0.139375001	0	255	0
3.67462516	68000	-0.139375001	0	255	0
3.48775005	68000	-0.0805000067	0	255	0
3.58118773	68000	-0.139375001	0	255	0
3.58118773	67750	-0.0805000067	0	255	0
3.58118773	67750	-0.109937504	0	255	0
3.48775005	67750	-0.109937504	0	255	0
3.20743752	67750	-0.286562502	0	255	0
3.20743752	67750	-0.316000015	0	255	0
3.30087519	67750	-0.286562502	0	255	0
3.30087519	67500	-0.316000015	0	255	0
3.30087519	67500	-0.286562502	0	255	0
3.11400008	67500	-0.286562502	0	255	0
3.11400008	67500	-0.316000015	0	255	0
3.20743752	67500	-0.25712502	0	255	0
3.20743752	67250	-0.316000015	0	255	0
3.20743752	67250	-0.286562502	0	255	0
3.11400008	67250	-0.286562502	0	255	0
3.30087519	67750	-0.227687508	0	255	0
3.39431262	67750	-0.198250011	0	255	0
3.39431262	67750	-0.227687508	0	255	0
3.30087519	67500	-0.198250011	0	255	0
3.39431262	67500	-0.25712502	0	255	0
3.39431262	67500	-0.227687508	0	255	0
3.30087519	67500	-0.227687508	0	255	0
3.11400008	67250	-0.286562502	0	255	0
3.11400008	67250	-0.0805000067	0	255	0
3.11400008	67000	-0.316000015	0	255	0
3.11400008	67000	-0.286562502	0	255	0
3.30087519	67250	-0.286562502	0	255	0
3.20743752	66750	-0.316000015	0	255	0
3.30087519	66750	-0.198250011	0	255	0
3.30087519	66750	-0.286562502	0	255	0
3.20743752	66750	-0.286562502	0	255	0
3.30087519	67250	-0.286562502	0	255	0
3.39431262	67250	-0.316000015	0	255	0
3.39431262	67250	-0.286562502	0	255	0
3.39431262	67000	-0.25712502	0	255	0
3.30087519	66750	-0.286562502	0	255	0
3.48775005	67000	-0.316000015	0	255	0
3.48775005	67000	-0.286562502	0	255	0
3.48775005	66750	-0.316000015	0	255	0
3.48775005	66750	-0.286562502	0	255	0
3.48775005	67000	-0.0805000067	0	255	0
3.58118773	67000	-0.139375001	0	255	0
3.67462516	67000	-0.0805000067	0	255	0
3.48775005	67000	-0.139375001	0	255	0
3.67462516	67000	-0.139375001	0	255	0
3.48775005	67000	-0.139375001	0	255	0
3.58118773	67000	-0.198250011	0	255	0
3.67462516	67000	-0.139375001	0	255	0
3.48775005	67000	-0.198250011	0	255	0
3.48775005	66750	-0.198250011	0	255	0
3.67462516	67000	-0.198250011	0	255	0
3.58118773	66750	-0.168812513	0	255	0
3.58118773	66750	-0.198250011	0	255	0
3.67462516	66750	-0.168812513	0	255	0
3.58118773	66500	-0.139375001	0	255	0
3.67462516	66500	-0.198250011	0	255	0
3.67462516	66500	-0.168812513	0	255	0
3.58118773	66500	-0.168812513	0	255	0
3.67462516	66500	-0.0805000067	0	255	0
3.86150026	66750	-0.0805000067	0	255	0
3.86150026	66500	-0.0805000067	0	255	0
3.67462516	66500	-0.139375001	0	255	0
3.86150026	66500	-0.139375001	0	255	0
3.58118773	66750	-0.139375001	0	255	0
3.58118773	66500	-0.198250011	0	255	0
3.67462516	66500	-0.139375001	0	255	0
3.58118773	66750	-0.198250011	0	255	0
3.67462516	66500	-0.198250011	0	255	0
3.48775005	66250	-0.139375001	0	255	0
3.67462516	66500	-0.139375001	0	255	0
3.86150026	66500	-0.139375001	0	255	0
3.67462516	66500	-0.198250011	0	255	0
3.86150026	66750	-0.198250011	0	255	0
3.86150026	66500	-0.198250011	0	255	0
3.11400008	67000	-0.198250011	0	255	0
3.11400008	67000	-0.25712502	0	255	0
3.30087519	67000	-0.25712502	0	255	0
3.20743752	66750	-0.198250011	0	255	0
3.30087519	66750	-0.227687508	0	255	0
3.20743752	66750	-0.227687508	0	255	0
3.39431262	67250	-0.198250011	0	255	0
3.39431262	67250	-0.25712502	0	255	0
3.39431262	67000	-0.25712502	0	255	0
3.48775005	67000	-0.198250011	0	255	0
3.48775005	66750	-0.198250011	0	255	0
3.48775005	67000	-0.25712502	0	255	0
3.48775005	66750	-0.25712502	0	255	0
3.11400008	67250	-0.286562502	0	255	0
3.11400008	67000	-0.25712502	0	255	0
3.11400008	67000	-0.286562502	0	255	0
3.30087519	67000	-0.25712502	0	255	0
3.20743752	67250	-0.316000015	0	255	0
3.30087519	67250	-0.316000015	0	255	0
3.30087519	67000	-0.316000015	0	255	0
3.11400008	66750	-0.25712502	0	255	0
3.30087519	67250	-0.198250011	0	255	0
3.30087519	67250	-0.227687508	0	255	0
3.48775005	67250	-0.227687508	0	255	0
3.11400008	66250	-0.0805000067	0	255	0
3.30087519	66750	-0.227687508	0	255	0
3.48775005	66750	-0.227687508	0	255	0
3.48775005	66750	-0.198250011	0	255	0
3.48775005	67000	-0.198250011	0	255	0
3.58118773	67000	-0.25712502	0	255	0
3.67462516	67000	-0.198250011	0	255	0
3.48775005	67000	-0.25712502	0	255	0
3.48775005	66750	-0.25712502	0	255	0
3.67462516	67000	-0.25712502	0	255	0
3.58118773	66750	-0.286562502	0	255	0
3.58118773	66750	-0.316000015	0	255	0
3.67462516	66750	-0.286562502	0	255	0
3.58118773	66500	-0.25712502	0	255	0
3.67462516	66500	-0.316000015	0	255	0
3.67462516	66500	-0.286562502	0	255	0
3.58118773	66500	-0.286562502	0	255	0
3.67462516	66500	-0.198250011	0	255	0
3.86150026	66750	-0.198250011	0	255	0
3.86150026	66500	-0.198250011	0	255	0
3.67462516	66500	-0.25712502	0	255	0
3.86150026	66750	-0.25712502	0	255	0
3.86150026	66500	-0.25712502	0	255	0
3.58118773	66750	-0.316000015	0	255	0
3.58118773	66750	-0.286562502	0	255	0
3.67462516	66750	-0.286562502	0	255	0
3.48775005	66250	-0.198250011	0	255	0
3.58118773	66500	-0.286562502	0	255	0
3.67462516	66500	-0.286562502	0	255	0
3.67462516	66500	-0.316000015	0	255	0
3.48775005	66250	-0.25712502	0	255	0
3.76806259	66750	-0.316000015	0	255	0
3.76806259	66750	-0.286562502	0	255	0
3.86150026	66750	-0.286562502	0	255	0
3.86150026	66750	-0.316000015	0	255	0
3.76806259	66500	-0.286562502	0	255	0
3.86150026	66500	-0.286562502	0	255	0
3.86150026	66500	-0.316000015	0	255	0
3.67462516	66250	-0.25712502	0	255	0
3.86150026	66750	-0.227687508	0	255	0
3.86150026	66750	-0.316000015	0	255	0
3.86150026	66500	-0.198250011	0	255	0
3.86150026	66500	-0.227687508	0	255	0
4.04837513	66750	-0.227687508	0	255	0
4.04837513	66500	-0.198250011	0	255	0
4.04837513	66500	-0.227687508	0	255	0
4.04837513	66750	-0.286562502	0	255	0
4.1418128	66750	-0.316000015	0	255	0
4.1418128	66750	-0.286562502	0	255	0
4.1418128	66500	-0.25712502	0	255	0
4.04837513	66250	-0.286562502	0	255	0
4.23525047	66500	-0.316000015	0	255	0
4.23525047	66500	-0.286562502	0	255	0
4.23525047	66250	-0.0805000067	0	255	0
4.23525047	66250	-0.286562502	0	255	0
4.23525047	66500	-0.168812513	0	255	0
4.23525047	66500	-0.198250011	0	255	0
4.32868767	66500	-0.139375001	0	255	0
4.23525047	66250	-0.168812513	0	255	0
4.42212534	66500	-0.198250011	0	255	0
4.42212534	66500	-0.168812513	0	255	0
4.42212534	66250	-0.168812513	0	255	0
4.42212534	66500	-0.0805000067	0	255	0
4.51556301	66500	-0.139375001	0	255	0
4.60900021	66500	-0.0805000067	0	255	0
4.42212534	66500	-0.139375001	0	255	0
4.60900021	66500	-0.139375001	0	255	0
4.23525047	66500	-0.139375001	0	255	0
4.32868767	66500	-0.198250011	0	255	0
4.42212534	66500	-0.139375001	0	255	0
4.23525047	66500	-0.198250011	0	255	0
4.42212534	66500	-0.198250011	0	255	0
4.42212534	66500	-0.139375001	0	255	0
4.51556301	66500	-0.198250011	0	255	0
4.60900021	66500	-0.139375001	0	255	0
4.42212534	66500	-0.198250011	0	255	0
4.60900021	66500	-0.198250011	0	255	0
4.60900021	66250	-0.198250011	0	255	0
3.86150026	66750	-0.286562502	0	255	0
3.86150026	66750	-0.198250011	0	255	0
3.86150026	66500	-0.316000015	0	255	0
3.86150026	66500	-0.286562502	0	255	0
4.04837513	66750	-0.286562502	0	255	0
4.04837513	66500	-0.316000015	0	255	0
4.04837513	66500	-0.286562502	0	255	0
4.04837513	66750	-0.227687508	0	255	0
4.1418128	66750	-0.198250011	0	255	0
4.1418128	66750	-0.227687508	0	255	0
4.1418128	66500	-0.25712502	0	255	0
4.04837513	66250	-0.227687508	0	255	0
4.23525047	66500	-0.198250011	0	255	0
4.23525047	66500	-0.227687508	0	255	0
4.23525047	66250	-0.227687508	0	255	0
4.23525047	66500	-0.286562502	0	255	0
4.23525047	66500	-0.316000015	0	255	0
4.32868767	66500	-0.25712502	0	255	0
4.23525047	66250	-0.286562502	0	255	0
4.42212534	66500	-0.316000015	0	255	0
4.42212534	66500	-0.286562502	0	255	0
4.42212534	66250	-0.198250011	0	255	0
4.42212534	66250	-0.286562502	0	255	0
4.42212534	66500	-0.227687508	0	255	0
4.42212534	66500	-0.198250011	0	255	0
4.51556301	66500	-0.25712502	0	255	0
4.51556301	66500	-0.227687508	0	255	0
4.51556301	66500	-0.25712502	0	255	0
4.51556301	66250	-0.198250011	0	255	0
4.51556301	66250	-0.227687508	0	255	0
4.42212534	66250	-0.227687508	0	255	0
