7.91900015	66993	1.84800005	0	255	0
7.91900015	66990.125	1.84800005	0	255	0
8.09912491	66993	1.84800005	0	255	0
7.91900015	66990.125	1.51775002	0	255	0
8.00906277	66987.25	1.84800005	0	255	0
8.00906277	66987.25	1.51775002	0	255	0
8.09912491	66990.125	1.84800005	0	255	0
8.189188	66990.125	1.51775002	0	255	0
8.189188	66990.125	1.51775002	0	255	0
8.189188	66987.25	1.84800005	0	255	0
8.09912491	66990.125	1.51775002	0	255	0
8.189188	66987.25	1.51775002	0	255	0
7.91900015	66990.125	1.51775002	0	255	0
7.91900015	66990.125	1.1875	0	255	0
8.09912491	66993	1.1875	0	255	0
8.00906277	66987.25	1.51775002	0	255	0
8.00906277	66987.25	1.1875	0	255	0
8.09912491	66993	1.84800005	0	255	0
8.09912491	66993	1.68287504	0	255	0
8.27925014	66993	1.68287504	0	255	0
8.27925014	66993	1.1875	0	255	0
8.09912491	66987.25	1.68287504	0	255	0
8.27925014	66987.25	1.68287504	0	255	0
8.27925014	66987.25	1.84800005	0	255	0
8.09912491	66984.375	1.84800005	0	255	0
8.27925014	66987.25	1.84800005	0	255	0
8.09912491	66984.375	1.51775002	0	255	0
8.189188	66981.5	1.84800005	0	255	0
8.189188	66981.5	1.51775002	0	255	0
8.09912491	66984.375	1.51775002	0	255	0
8.09912491	66984.375	1.1875	0	255	0
8.27925014	66987.25	1.1875	0	255	0
8.189188	66981.5	1.51775002	0	255	0
8.189188	66981.5	1.1875	0	255	0
8.27925014	66984.375	1.35262501	0	255	0
8.27925014	66984.375	1.1875	0	255	0
8.36931229	66984.375	1.51775002	0	255	0
8.36931229	66984.375	1.35262501	0	255	0
8.36931229	66984.375	1.51775002	0	255	0
8.36931229	66981.5	1.1875	0	255	0
8.36931229	66981.5	1.35262501	0	255	0
8.27925014	66981.5	1.35262501	0	255	0
8.27925014	66984.375	1.51775002	0	255	0
8.36931229	66984.375	1.1875	0	255	0
8.36931229	66984.375	1.1875	0	255	0
8.36931229	66981.5	1.51775002	0	255	0
8.27925014	66984.375	1.1875	0	255	0
8.27925014	66981.5	1.51775002	0	255	0
8.36931229	66981.5	1.1875	0	255	0
7.91900015	66990.125	1.1875	0	255	0
8.09912491	66993	1.1875	0	255	0
7.91900015	66990.125	0.857249975	0	255	0
8.00906277	66987.25	1.1875	0	255	0
8.00906277	66987.25	0.857249975	0	255	0
8.09912491	66990.125	1.1875	0	255	0
8.189188	66990.125	0.857249975	0	255	0
8.189188	66990.125	0.857249975	0	255	0
8.189188	66987.25	1.1875	0	255	0
8.09912491	66990.125	0.857249975	0	255	0
8.189188	66987.25	0.857249975	0	255	0
7.91900015	66990.125	0.857249975	0	255	0
7.91900015	66990.125	0.52699995	0	255	0
8.09912491	66993	0.52699995	0	255	0
8.00906277	66987.25	0.857249975	0	255	0
8.00906277	66987.25	0.52699995	0	255	0
8.09912491	66993	1.1875	0	255	0
8.09912491	66993	1.02237499	0	255	0
8.27925014	66993	1.02237499	0	255	0
8.27925014	66993	0.52699995	0	255	0
8.09912491	66987.25	1.02237499	0	255	0
8.27925014	66987.25	1.02237499	0	255	0
8.27925014	66987.25	1.1875	0	255	0
8.09912491	66984.375	1.1875	0	255	0
8.27925014	66987.25	1.1875	0	255	0
8.09912491	66984.375	0.857249975	0	255	0
8.189188	66981.5	1.1875	0	255	0
8.189188	66981.5	0.857249975	0	255	0
8.09912491	66984.375	0.857249975	0	255	0
8.09912491	66984.375	0.52699995	0	255	0
8.27925014	66987.25	0.52699995	0	255	0
8.189188	66981.5	0.857249975	0	255	0
8.189188	66981.5	0.52699995	0	255	0
8.27925014	66987.25	1.1875	0	255	0
8.27925014	66987.25	1.35262501	0	255	0
8.45937538	66987.25	1.35262501	0	255	0
8.27925014	66981.5	1.51775002	0	255	0
8.27925014	66981.5	1.35262501	0	255	0
8.45937538	66981.5	1.35262501	0	255	0
8.45937538	66981.5	1.1875	0	255	0
8.27925014	66978.625	1.84800005	0	255	0
8.45937538	66981.5	1.84800005	0	255	0
8.27925014	66978.625	1.51775002	0	255	0
8.36931229	66975.75	1.84800005	0	255	0
8.36931229	66975.75	1.51775002	0	255	0
8.45937538	66978.625	1.84800005	0	255	0
8.54943752	66978.625	1.51775002	0	255	0
8.54943752	66978.625	1.51775002	0	255	0
8.54943752	66975.75	1.84800005	0	255	0
8.45937538	66978.625	1.51775002	0	255	0
8.54943752	66975.75	1.51775002	0	255	0
8.27925014	66978.625	1.51775002	0	255	0
8.27925014	66978.625	1.1875	0	255	0
8.45937538	66981.5	1.1875	0	255	0
8.36931229	66975.75	1.51775002	0	255	0
8.36931229	66975.75	1.1875	0	255	0
8.45937538	66981.5	1.84800005	0	255	0
8.45937538	66981.5	1.68287504	0	255	0
8.63949966	66981.5	1.68287504	0	255	0
8.63949966	66981.5	1.1875	0	255	0
8.45937538	66975.75	1.68287504	0	255	0
8.63949966	66975.75	1.68287504	0	255	0
8.63949966	66975.75	1.84800005	0	255	0
8.45937538	66972.875	1.84800005	0	255	0
8.63949966	66975.75	1.84800005	0	255	0
8.45937538	66972.875	1.51775002	0	255	0
8.54943752	66970	1.84800005	0	255	0
8.54943752	66970	1.51775002	0	255	0
8.45937538	66972.875	1.51775002	0	255	0
8.45937538	66972.875	1.1875	0	255	0
8.63949966	66975.75	1.1875	0	255	0
8.54943752	66970	1.51775002	0	255	0
8.54943752	66970	1.1875	0	255	0
8.27925014	66978.625	1.1875	0	255	0
8.45937538	66981.5	1.1875	0	255	0
8.27925014	66978.625	0.857249975	0	255	0
8.36931229	66975.75	1.1875	0	255	0
8.36931229	66975.75	0.857249975	0	255	0
8.45937538	66978.625	1.1875	0	255	0
8.54943752	66978.625	0.857249975	0	255	0
8.54943752	66978.625	0.857249975	0	255	0
8.54943752	66975.75	1.1875	0	255	0
8.45937538	66978.625	0.857249975	0	255	0
8.54943752	66975.75	0.857249975	0	255	0
8.27925014	66978.625	0.857249975	0	255	0
8.27925014	66978.625	0.52699995	0	255	0
8.45937538	66981.5	0.52699995	0	255	0
8.36931229	66975.75	0.857249975	0	255	0
8.36931229	66975.75	0.52699995	0	255	0
8.45937538	66981.5	1.1875	0	255	0
8.45937538	66981.5	1.02237499	0	255	0
8.63949966	66981.5	1.02237499	0	255	0
8.63949966	66981.5	0.52699995	0	255	0
8.45937538	66975.75	1.02237499	0	255	0
8.63949966	66975.75	1.02237499	0	255	0
8.63949966	66975.75	1.1875	0	255	0
8.45937538	66972.875	1.1875	0	255	0
8.63949966	66975.75	1.1875	0	255	0
8.45937538	66972.875	0.857249975	0	255	0
8.54943752	66970	1.1875	0	255	0
8.54943752	66970	0.857249975	0	255	0
8.45937538	66972.875	0.857249975	0	255	0
8.45937538	66972.875	0.52699995	0	255	0
8.63949966	66975.75	0.52699995	0	255	0
8.54943752	66970	0.857249975	0	255	0
8.54943752	66970	0.52699995	0	255	0
8.63949966	66972.875	1.02237499	0	255	0
8.63949966	66972.875	1.1875	0	255	0
8.72956276	66972.875	0.857249975	0	255	0
8.72956276	66972.875	1.02237499	0	255	0
8.72956276	66972.875	0.857249975	0	255	0
8.72956276	66970	1.1875	0	255	0
8.72956276	66970	1.02237499	0	255	0
8.63949966	66970	1.02237499	0	255	0
8.63949966	66972.875	0.692124963	0	255	0
8.63949966	66972.875	0.52699995	0	255	0
8.72956276	66972.875	0.857249975	0	255	0
8.72956276	66972.875	0.692124963	0	255	0
8.72956276	66972.875	0.857249975	0	255	0
8.72956276	66970	0.52699995	0	255	0
8.72956276	66970	0.692124963	0	255	0
8.63949966	66970	0.692124963	0	255	0
8.63949966	66972.875	0.857249975	0	255	0
8.72956276	66972.875	0.52699995	0	255	0
8.72956276	66972.875	0.52699995	0	255	0
8.72956276	66970	0.857249975	0	255	0
8.63949966	66972.875	0.52699995	0	255	0
8.63949966	66970	0.857249975	0	255	0
8.72956276	66970	0.52699995	0	255	0
7.91900015	66990.125	0.52699995	0	255	0
8.09912491	66993	0.52699995	0	255	0
7.91900015	66990.125	0.196749955	0	255	0
8.00906277	66987.25	0.52699995	0	255	0
8.00906277	66987.25	0.196749955	0	255	0
8.09912491	66990.125	0.52699995	0	255	0
8.189188	66990.125	0.196749955	0	255	0
8.189188	66990.125	0.196749955	0	255	0
8.189188	66987.25	0.52699995	0	255	0
8.09912491	66990.125	0.196749955	0	255	0
8.189188	66987.25	0.196749955	0	255	0
7.91900015	66990.125	0.196749955	0	255	0
7.91900015	66990.125	-0.13350004	0	255	0
8.09912491	66993	-0.13350004	0	255	0
8.00906277	66987.25	0.196749955	0	255	0
8.00906277	66987.25	-0.13350004	0	255	0
8.09912491	66993	0.52699995	0	255	0
8.09912491	66993	0.361874938	0	255	0
8.27925014	66993	0.361874938	0	255	0
8.27925014	66993	-0.13350004	0	255	0
8.09912491	66987.25	0.361874938	0	255	0
8.27925014	66987.25	0.361874938	0	255	0
8.27925014	66987.25	0.52699995	0	255	0
8.09912491	66984.375	0.52699995	0	255	0
8.27925014	66987.25	0.52699995	0	255	0
8.09912491	66984.375	0.196749955	0	255	0
8.189188	66981.5	0.52699995	0	255	0
8.189188	66981.5	0.196749955	0	255	0
8.09912491	66984.375	0.196749955	0	255	0
8.09912491	66984.375	-0.13350004	0	255	0
8.27925014	66987.25	-0.13350004	0	255	0
8.189188	66981.5	0.196749955	0	255	0
8.189188	66981.5	-0.13350004	0	255	0
8.27925014	66984.375	0.0316249579	0	255	0
8.27925014	66984.375	-0.13350004	0	255	0
8.36931229	66984.375	0.196749955	0	255	0
8.36931229	66984.375	0.0316249579	0	255	0
8.36931229	66984.375	0.196749955	0	255	0
8.36931229	66981.5	-0.13350004	0	255	0
8.36931229	66981.5	0.0316249579	0	255	0
8.27925014	66981.5	0.0316249579	0	255	0
8.27925014	66984.375	0.196749955	0	255	0
8.36931229	66984.375	-0.13350004	0	255	0
8.36931229	66984.375	-0.13350004	0	255	0
8.36931229	66981.5	0.196749955	0	255	0
8.27925014	66984.375	-0.13350004	0	255	0
8.27925014	66981.5	0.196749955	0	255	0
8.36931229	66981.5	-0.13350004	0	255	0
7.91900015	66990.125	-0.13350004	0	255	0
8.09912491	66993	-0.13350004	0	255	0
7.91900015	66990.125	-0.463750035	0	255	0
8.00906277	66987.25	-0.13350004	0	255	0
8.00906277	66987.25	-0.463750035	0	255	0
8.09912491	66990.125	-0.13350004	0	255	0
8.189188	66990.125	-0.463750035	0	255	0
8.189188	66990.125	-0.463750035	0	255	0
8.189188	66987.25	-0.13350004	0	255	0
8.09912491	66990.125	-0.463750035	0	255	0
8.189188	66987.25	-0.463750035	0	255	0
7.91900015	66990.125	-0.463750035	0	255	0
7.91900015	66993	-0.79400003	0	255	0
8.09912491	66993	-0.79400003	0	255	0
8.00906277	66987.25	-0.463750035	0	255	0
7.91900015	66987.25	-0.628875017	0	255	0
7.91900015	66987.25	-0.79400003	0	255	0
8.09912491	66993	-0.13350004	0	255	0
8.09912491	66993	-0.298625052	0	255	0
8.27925014	66993	-0.298625052	0	255	0
8.27925014	66993	-0.79400003	0	255	0
8.09912491	66987.25	-0.298625052	0	255	0
8.27925014	66987.25	-0.298625052	0	255	0
8.27925014	66987.25	-0.13350004	0	255	0
8.09912491	66984.375	-0.13350004	0	255	0
8.27925014	66987.25	-0.13350004	0	255	0
8.09912491	66984.375	-0.463750035	0	255	0
8.189188	66981.5	-0.13350004	0	255	0
8.189188	66981.5	-0.463750035	0	255	0
8.00906277	66987.25	-0.79400003	0	255	0
8.00906277	66987.25	-0.628875017	0	255	0
8.09912491	66987.25	-0.628875017	0	255	0
8.00906277	66984.375	-0.628875017	0	255	0
8.09912491	66984.375	-0.628875017	0	255	0
8.09912491	66984.375	-0.79400003	0	255	0
7.91900015	66981.5	-0.463750035	0	255	0
8.27925014	66987.25	-0.628875017	0	255	0
8.189188	66987.25	-0.79400003	0	255	0
8.189188	66984.375	-0.79400003	0	255	0
8.09912491	66981.5	-0.79400003	0	255	0
8.27925014	66984.375	-0.79400003	0	255	0
8.27925014	66987.25	-0.13350004	0	255	0
8.27925014	66987.25	0.0316249579	0	255	0
8.45937538	66987.25	0.0316249579	0	255	0
8.27925014	66981.5	0.196749955	0	255	0
8.27925014	66981.5	0.0316249579	0	255	0
8.45937538	66981.5	0.0316249579	0	255	0
8.45937538	66981.5	-0.13350004	0	255	0
8.27925014	66978.625	0.52699995	0	255	0
8.45937538	66981.5	0.52699995	0	255	0
8.27925014	66978.625	0.196749955	0	255	0
8.36931229	66975.75	0.52699995	0	255	0
8.36931229	66975.75	0.196749955	0	255	0
8.45937538	66978.625	0.52699995	0	255	0
8.54943752	66978.625	0.196749955	0	255	0
8.54943752	66978.625	0.196749955	0	255	0
8.54943752	66975.75	0.52699995	0	255	0
8.45937538	66978.625	0.196749955	0	255	0
8.54943752	66975.75	0.196749955	0	255	0
8.27925014	66978.625	0.196749955	0	255	0
8.27925014	66978.625	-0.13350004	0	255	0
8.45937538	66981.5	-0.13350004	0	255	0
8.36931229	66975.75	0.196749955	0	255	0
8.36931229	66975.75	-0.13350004	0	255	0
8.45937538	66981.5	0.52699995	0	255	0
8.45937538	66981.5	0.361874938	0	255	0
8.63949966	66981.5	0.361874938	0	255	0
8.63949966	66981.5	-0.13350004	0	255	0
8.45937538	66975.75	0.361874938	0	255	0
8.63949966	66975.75	0.361874938	0	255	0
8.63949966	66975.75	0.52699995	0	255	0
8.45937538	66972.875	0.52699995	0	255	0
8.63949966	66975.75	0.52699995	0	255	0
8.45937538	66972.875	0.196749955	0	255	0
8.54943752	66970	0.52699995	0	255	0
8.54943752	66970	0.196749955	0	255	0
8.45937538	66972.875	0.196749955	0	255	0
8.45937538	66972.875	-0.13350004	0	255	0
8.63949966	66975.75	-0.13350004	0	255	0
8.54943752	66970	0.196749955	0	255	0
8.54943752	66970	-0.13350004	0	255	0
8.09912491	66981.5	-0.13350004	0	255	0
8.09912491	66981.5	-0.298625052	0	255	0
8.27925014	66981.5	-0.298625052	0	255	0
8.09912491	66975.75	-0.298625052	0	255	0
8.27925014	66975.75	-0.298625052	0	255	0
8.27925014	66975.75	-0.13350004	0	255	0
8.09912491	66975.75	-0.463750035	0	255	0
8.27925014	66978.625	-0.13350004	0	255	0
8.45937538	66981.5	-0.13350004	0	255	0
8.27925014	66978.625	-0.463750035	0	255	0
8.36931229	66975.75	-0.13350004	0	255	0
8.36931229	66975.75	-0.463750035	0	255	0
8.45937538	66978.625	-0.13350004	0	255	0
8.54943752	66978.625	-0.463750035	0	255	0
8.54943752	66978.625	-0.463750035	0	255	0
8.54943752	66975.75	-0.13350004	0	255	0
8.45937538	66978.625	-0.463750035	0	255	0
8.54943752	66975.75	-0.463750035	0	255	0
8.27925014	66978.625	-0.463750035	0	255	0
8.45937538	66981.5	-0.628875017	0	255	0
8.36931229	66981.5	-0.79400003	0	255	0
8.36931229	66975.75	-0.463750035	0	255	0
8.27925014	66975.75	-0.628875017	0	255	0
8.27925014	66975.75	-0.79400003	0	255	0
8.45937538	66978.625	-0.79400003	0	255	0
8.45937538	66981.5	-0.13350004	0	255	0
8.45937538	66981.5	-0.298625052	0	255	0
8.63949966	66981.5	-0.298625052	0	255	0
8.63949966	66981.5	-0.79400003	0	255	0
8.45937538	66975.75	-0.298625052	0	255	0
8.63949966	66975.75	-0.298625052	0	255	0
8.63949966	66975.75	-0.13350004	0	255	0
8.45937538	66972.875	-0.13350004	0	255	0
8.63949966	66975.75	-0.13350004	0	255	0
8.45937538	66972.875	-0.463750035	0	255	0
8.54943752	66970	-0.13350004	0	255	0
8.54943752	66970	-0.463750035	0	255	0
8.36931229	66975.75	-0.463750035	0	255	0
8.36931229	66972.875	-0.79400003	0	255	0
8.45937538	66972.875	-0.463750035	0	255	0
8.36931229	66975.75	-0.79400003	0	255	0
8.45937538	66972.875	-0.79400003	0	255	0
8.27925014	66970	-0.463750035	0	255	0
8.45937538	66972.875	-0.463750035	0	255	0
8.63949966	66975.75	-0.79400003	0	255	0
8.54943752	66970	-0.463750035	0	255	0
8.45937538	66970	-0.628875017	0	255	0
8.45937538	66970	-0.79400003	0	255	0
8.63949966	66975.75	0.52699995	0	255	0
8.63949966	66975.75	0.692124963	0	255	0
8.8196249	66975.75	0.692124963	0	255	0
8.63949966	66970	0.857249975	0	255	0
8.63949966	66970	0.692124963	0	255	0
8.8196249	66970	0.692124963	0	255	0
8.8196249	66970	0.52699995	0	255	0
8.63949966	66967.125	1.84800005	0	255	0
8.8196249	66970	1.84800005	0	255	0
8.63949966	66967.125	1.51775002	0	255	0
8.72956276	66964.25	1.84800005	0	255	0
8.72956276	66964.25	1.51775002	0	255	0
8.8196249	66967.125	1.84800005	0	255	0
8.90968704	66967.125	1.51775002	0	255	0
8.90968704	66967.125	1.51775002	0	255	0
8.90968704	66964.25	1.84800005	0	255	0
8.8196249	66967.125	1.51775002	0	255	0
8.90968704	66964.25	1.51775002	0	255	0
8.63949966	66967.125	1.51775002	0	255	0
8.63949966	66967.125	1.1875	0	255	0
8.8196249	66970	1.1875	0	255	0
8.72956276	66964.25	1.51775002	0	255	0
8.72956276	66964.25	1.1875	0	255	0
8.8196249	66970	1.84800005	0	255	0
8.8196249	66970	1.68287504	0	255	0
8.99975014	66970	1.68287504	0	255	0
8.99975014	66970	1.1875	0	255	0
8.8196249	66964.25	1.68287504	0	255	0
8.99975014	66964.25	1.68287504	0	255	0
8.99975014	66964.25	1.84800005	0	255	0
8.8196249	66961.375	1.84800005	0	255	0
8.99975014	66964.25	1.84800005	0	255	0
8.8196249	66961.375	1.51775002	0	255	0
8.90968704	66958.5	1.84800005	0	255	0
8.90968704	66958.5	1.51775002	0	255	0
8.8196249	66961.375	1.51775002	0	255	0
8.8196249	66961.375	1.1875	0	255	0
8.99975014	66964.25	1.1875	0	255	0
8.90968704	66958.5	1.51775002	0	255	0
8.90968704	66958.5	1.1875	0	255	0
8.99975014	66961.375	1.35262501	0	255	0
8.99975014	66961.375	1.1875	0	255	0
9.08981228	66961.375	1.51775002	0	255	0
9.08981228	66961.375	1.35262501	0	255	0
9.08981228	66961.375	1.51775002	0	255	0
9.08981228	66958.5	1.1875	0	255	0
9.08981228	66958.5	1.35262501	0	255	0
8.99975014	66958.5	1.35262501	0	255	0
8.99975014	66961.375	1.51775002	0	255	0
9.08981228	66961.375	1.1875	0	255	0
9.08981228	66961.375	1.1875	0	255	0
9.08981228	66958.5	1.51775002	0	255	0
8.99975014	66961.375	1.1875	0	255	0
8.99975014	66958.5	1.51775002	0	255	0
9.08981228	66958.5	1.1875	0	255	0
8.63949966	66967.125	1.1875	0	255	0
8.8196249	66970	1.1875	0	255	0
8.63949966	66967.125	0.857249975	0	255	0
8.72956276	66964.25	1.1875	0	255	0
8.72956276	66964.25	0.857249975	0	255	0
8.8196249	66967.125	1.1875	0	255	0
8.90968704	66967.125	0.857249975	0	255	0
8.90968704	66967.125	0.857249975	0	255	0
8.90968704	66964.25	1.1875	0	255	0
8.8196249	66967.125	0.857249975	0	255	0
8.90968704	66964.25	0.857249975	0	255	0
8.63949966	66967.125	0.857249975	0	255	0
8.63949966	66967.125	0.52699995	0	255	0
8.8196249	66970	0.52699995	0	255	0
8.72956276	66964.25	0.857249975	0	255	0
8.72956276	66964.25	0.52699995	0	255	0
8.8196249	66970	1.1875	0	255	0
8.8196249	66970	1.02237499	0	255	0
8.99975014	66970	1.02237499	0	255	0
8.99975014	66970	0.52699995	0	255	0
8.8196249	66964.25	1.02237499	0	255	0
8.99975014	66964.25	1.02237499	0	255	0
8.99975014	66964.25	1.1875	0	255	0
8.8196249	66961.375	1.1875	0	255	0
8.99975014	66964.25	1.1875	0	255	0
8.8196249	66961.375	0.857249975	0	255	0
8.90968704	66958.5	1.1875	0	255	0
8.90968704	66958.5	0.857249975	0	255	0
8.8196249	66961.375	0.857249975	0	255	0
8.8196249	66961.375	0.52699995	0	255	0
8.99975014	66964.25	0.52699995	0	255	0
8.90968704	66958.5	0.857249975	0	255	0
8.90968704	66958.5	0.52699995	0	255	0
8.99975014	66964.25	1.1875	0	255	0
8.99975014	66964.25	1.35262501	0	255	0
9.17987442	66964.25	1.35262501	0	255	0
8.99975014	66958.5	1.51775002	0	255	0
8.99975014	66958.5	1.35262501	0	255	0
9.17987442	66958.5	1.35262501	0	255	0
9.17987442	66958.5	1.1875	0	255	0
8.99975014	66955.625	1.84800005	0	255	0
9.17987442	66958.5	1.84800005	0	255	0
8.99975014	66955.625	1.51775002	0	255	0
9.08981228	66952.75	1.84800005	0	255	0
9.08981228	66952.75	1.51775002	0	255	0
9.17987442	66955.625	1.84800005	0	255	0
9.26993752	66955.625	1.51775002	0	255	0
9.26993752	66955.625	1.51775002	0	255	0
9.26993752	66952.75	1.84800005	0	255	0
9.17987442	66955.625	1.51775002	0	255	0
9.26993752	66952.75	1.51775002	0	255	0
8.99975014	66955.625	1.51775002	0	255	0
8.99975014	66955.625	1.1875	0	255	0
9.17987442	66958.5	1.1875	0	255	0
9.08981228	66952.75	1.51775002	0	255	0
9.08981228	66952.75	1.1875	0	255	0
9.17987442	66958.5	1.84800005	0	255	0
9.17987442	66958.5	1.68287504	0	255	0
9.35999966	66958.5	1.68287504	0	255	0
9.35999966	66958.5	1.1875	0	255	0
9.17987442	66952.75	1.68287504	0	255	0
9.35999966	66952.75	1.68287504	0	255	0
9.35999966	66952.75	1.84800005	0	255	0
9.17987442	66949.875	1.84800005	0	255	0
9.35999966	66952.75	1.84800005	0	255	0
9.17987442	66949.875	1.51775002	0	255	0
9.26993752	66947	1.84800005	0	255	0
9.35999966	66947	1.84800005	0	255	0
9.26993752	66947	1.51775002	0	255	0
9.17987442	66949.875	1.51775002	0	255	0
9.17987442	66949.875	1.1875	0	255	0
9.35999966	66952.75	1.1875	0	255	0
9.26993752	66947	1.51775002	0	255	0
9.26993752	66947	1.1875	0	255	0
8.99975014	66955.625	1.1875	0	255	0
9.17987442	66958.5	1.1875	0	255	0
8.99975014	66955.625	0.857249975	0	255	0
9.08981228	66952.75	1.1875	0	255	0
9.08981228	66952.75	0.857249975	0	255	0
9.17987442	66955.625	1.1875	0	255	0
9.26993752	66955.625	0.857249975	0	255	0
9.26993752	66955.625	0.857249975	0	255	0
9.26993752	66952.75	1.1875	0	255	0
9.17987442	66955.625	0.857249975	0	255	0
9.26993752	66952.75	0.857249975	0	255	0
8.99975014	66955.625	0.857249975	0	255	0
8.99975014	66955.625	0.52699995	0	255	0
9.17987442	66958.5	0.52699995	0	255	0
9.08981228	66952.75	0.857249975	0	255	0
9.08981228	66952.75	0.52699995	0	255	0
9.17987442	66958.5	1.1875	0	255	0
9.17987442	66958.5	1.02237499	0	255	0
9.35999966	66958.5	1.02237499	0	255	0
9.35999966	66958.5	0.52699995	0	255	0
9.17987442	66952.75	1.02237499	0	255	0
9.35999966	66952.75	1.02237499	0	255	0
9.35999966	66952.75	1.1875	0	255	0
9.17987442	66949.875	1.1875	0	255	0
9.35999966	66952.75	1.1875	0	255	0
9.17987442	66949.875	0.857249975	0	255	0
9.26993752	66947	1.1875	0	255	0
9.26993752	66947	0.857249975	0	255	0
9.17987442	66949.875	0.857249975	0	255	0
9.35999966	66952.75	0.52699995	0	255	0
9.26993752	66947	0.857249975	0	255	0
9.17987442	66947	0.692124963	0	255	0
9.17987442	66947	0.52699995	0	255	0
8.45937538	66970	-0.13350004	0	255	0
8.45937538	66970	0.0316249579	0	255	0
8.63949966	66970	0.0316249579	0	255	0
8.45937538	66964.25	0.0316249579	0	255	0
8.63949966	66964.25	0.0316249579	0	255	0
8.63949966	66964.25	-0.13350004	0	255	0
8.27925014	66958.5	0.196749955	0	255	0
8.8196249	66970	0.52699995	0	255	0
8.8196249	66970	0.361874938	0	255	0
8.72956276	66970	0.196749955	0	255	0
8.63949966	66967.125	0.196749955	0	255	0
8.72956276	66967.125	0.196749955	0	255	0
8.63949966	66964.25	0.361874938	0	255	0
8.8196249	66967.125	0.196749955	0	255	0
8.72956276	66964.25	0.196749955	0	255	0
8.8196249	66967.125	0.361874938	0	255	0
8.8196249	66967.125	0.52699995	0	255	0
8.90968704	66967.125	0.196749955	0	255	0
8.90968704	66967.125	0.361874938	0	255	0
8.90968704	66967.125	0.196749955	0	255	0
8.90968704	66964.25	0.52699995	0	255	0
8.90968704	66964.25	0.361874938	0	255	0
8.8196249	66964.25	0.361874938	0	255	0
8.72956276	66970	0.196749955	0	255	0
8.63949966	66967.125	0.196749955	0	255	0
8.72956276	66970	-0.13350004	0	255	0
8.8196249	66967.125	0.196749955	0	255	0
8.72956276	66964.25	0.196749955	0	255	0
8.63949966	66964.25	0.0316249579	0	255	0
8.63949966	66964.25	-0.13350004	0	255	0
8.8196249	66967.125	-0.13350004	0	255	0
8.8196249	66961.375	0.52699995	0	255	0
8.99975014	66964.25	0.52699995	0	255	0
8.8196249	66961.375	0.196749955	0	255	0
8.90968704	66958.5	0.52699995	0	255	0
8.90968704	66958.5	0.196749955	0	255	0
8.72956276	66964.25	0.0316249579	0	255	0
8.72956276	66964.25	0.196749955	0	255	0
8.8196249	66964.25	0.0316249579	0	255	0
8.72956276	66961.375	-0.13350004	0	255	0
8.8196249	66961.375	0.196749955	0	255	0
8.8196249	66961.375	0.0316249579	0	255	0
8.72956276	66961.375	0.0316249579	0	255	0
8.8196249	66961.375	0.196749955	0	255	0
8.99975014	66964.25	0.0316249579	0	255	0
8.90968704	66964.25	-0.13350004	0	255	0
8.90968704	66958.5	0.196749955	0	255	0
8.8196249	66958.5	0.0316249579	0	255	0
8.8196249	66958.5	-0.13350004	0	255	0
8.99975014	66961.375	-0.13350004	0	255	0
8.99975014	66961.375	0.0316249579	0	255	0
8.99975014	66961.375	-0.13350004	0	255	0
9.08981228	66961.375	0.196749955	0	255	0
9.08981228	66961.375	0.0316249579	0	255	0
9.08981228	66961.375	0.196749955	0	255	0
9.08981228	66958.5	-0.13350004	0	255	0
9.08981228	66958.5	0.0316249579	0	255	0
8.99975014	66958.5	0.0316249579	0	255	0
8.99975014	66961.375	0.0316249579	0	255	0
8.99975014	66961.375	0.196749955	0	255	0
9.08981228	66961.375	-0.13350004	0	255	0
9.08981228	66961.375	0.0316249579	0	255	0
9.08981228	66961.375	-0.13350004	0	255	0
9.08981228	66958.5	0.196749955	0	255	0
9.08981228	66958.5	0.0316249579	0	255	0
8.99975014	66958.5	0.0316249579	0	255	0
8.72956276	66970	-0.13350004	0	255	0
8.72956276	66970	-0.463750035	0	255	0
8.72956276	66967.125	-0.463750035	0	255	0
8.8196249	66967.125	-0.13350004	0	255	0
8.8196249	66967.125	-0.463750035	0	255	0
8.72956276	66970	-0.463750035	0	255	0
8.72956276	66970	-0.79400003	0	255	0
8.72956276	66967.125	-0.79400003	0	255	0
8.8196249	66967.125	-0.463750035	0	255	0
8.63949966	66964.25	-0.79400003	0	255	0
8.8196249	66967.125	-0.79400003	0	255	0
8.72956276	66964.25	-0.628875017	0	255	0
8.72956276	66964.25	-0.79400003	0	255	0
8.8196249	66964.25	-0.628875017	0	255	0
8.72956276	66961.375	-0.463750035	0	255	0
8.8196249	66961.375	-0.79400003	0	255	0
8.8196249	66961.375	-0.628875017	0	255	0
8.72956276	66961.375	-0.628875017	0	255	0
8.90968704	66964.25	-0.13350004	0	255	0
8.90968704	66964.25	-0.463750035	0	255	0
8.90968704	66961.375	-0.463750035	0	255	0
8.99975014	66961.375	-0.13350004	0	255	0
8.99975014	66961.375	-0.463750035	0	255	0
8.72956276	66964.25	-0.79400003	0	255	0
8.72956276	66964.25	-0.628875017	0	255	0
8.8196249	66964.25	-0.628875017	0	255	0
8.72956276	66961.375	-0.628875017	0	255	0
8.8196249	66961.375	-0.628875017	0	255	0
8.8196249	66961.375	-0.79400003	0	255	0
8.63949966	66958.5	-0.463750035	0	255	0
8.90968704	66964.25	-0.463750035	0	255	0
8.90968704	66964.25	-0.79400003	0	255	0
8.90968704	66961.375	-0.79400003	0	255	0
8.99975014	66961.375	-0.463750035	0	255	0
8.8196249	66958.5	-0.79400003	0	255	0
8.99975014	66961.375	-0.79400003	0	255	0
8.99975014	66964.25	-0.13350004	0	255	0
8.99975014	66964.25	0.0316249579	0	255	0
9.17987442	66964.25	0.0316249579	0	255	0
8.99975014	66958.5	0.196749955	0	255	0
8.99975014	66958.5	0.0316249579	0	255	0
9.17987442	66958.5	0.0316249579	0	255	0
9.17987442	66958.5	-0.13350004	0	255	0
8.90968704	66958.5	-0.628875017	0	255	0
8.90968704	66958.5	-0.79400003	0	255	0
8.99975014	66958.5	-0.628875017	0	255	0
8.90968704	66955.625	-0.463750035	0	255	0
8.99975014	66955.625	-0.79400003	0	255	0
8.99975014	66955.625	-0.628875017	0	255	0
8.90968704	66955.625	-0.628875017	0	255	0
8.99975014	66955.625	0.52699995	0	255	0
9.17987442	66958.5	0.52699995	0	255	0
8.99975014	66955.625	0.196749955	0	255	0
9.08981228	66952.75	0.52699995	0	255	0
9.08981228	66952.75	0.196749955	0	255	0
9.17987442	66955.625	0.52699995	0	255	0
9.26993752	66955.625	0.196749955	0	255	0
9.26993752	66955.625	0.196749955	0	255	0
9.26993752	66952.75	0.52699995	0	255	0
9.17987442	66955.625	0.196749955	0	255	0
9.26993752	66952.75	0.196749955	0	255	0
8.99975014	66955.625	0.196749955	0	255	0
9.17987442	66958.5	0.0316249579	0	255	0
9.08981228	66958.5	-0.13350004	0	255	0
9.08981228	66952.75	0.196749955	0	255	0
8.99975014	66952.75	0.0316249579	0	255	0
8.99975014	66952.75	-0.13350004	0	255	0
9.17987442	66955.625	-0.13350004	0	255	0
9.08981228	66952.75	0.0316249579	0	255	0
9.08981228	66952.75	-0.13350004	0	255	0
9.17987442	66952.75	0.0316249579	0	255	0
9.08981228	66949.875	0.196749955	0	255	0
9.17987442	66949.875	-0.13350004	0	255	0
9.17987442	66949.875	0.0316249579	0	255	0
9.08981228	66949.875	0.0316249579	0	255	0
9.17987442	66949.875	0.52699995	0	255	0
9.35999966	66952.75	0.52699995	0	255	0
9.17987442	66949.875	0.196749955	0	255	0
9.26993752	66947	0.52699995	0	255	0
9.26993752	66947	0.196749955	0	255	0
9.35999966	66952.75	0.0316249579	0	255	0
9.26993752	66952.75	-0.13350004	0	255	0
9.26993752	66949.875	-0.13350004	0	255	0
9.17987442	66947	-0.13350004	0	255	0
9.35999966	66949.875	-0.13350004	0	255	0
8.90968704	66958.5	-0.13350004	0	255	0
8.90968704	66955.625	-0.463750035	0	255	0
8.99975014	66955.625	-0.13350004	0	255	0
8.90968704	66958.5	-0.463750035	0	255	0
8.99975014	66958.5	-0.463750035	0	255	0
8.99975014	66955.625	-0.463750035	0	255	0
8.8196249	66952.75	-0.79400003	0	255	0
8.8196249	66958.5	-0.13350004	0	255	0
8.8196249	66958.5	-0.298625052	0	255	0
8.99975014	66958.5	-0.298625052	0	255	0
8.8196249	66952.75	-0.298625052	0	255	0
8.99975014	66952.75	-0.298625052	0	255	0
8.99975014	66952.75	-0.13350004	0	255	0
8.8196249	66952.75	-0.463750035	0	255	0
8.99975014	66958.5	-0.298625052	0	255	0
8.99975014	66955.625	-0.13350004	0	255	0
8.99975014	66955.625	-0.298625052	0	255	0
9.17987442	66958.5	-0.13350004	0	255	0
9.17987442	66958.5	-0.298625052	0	255	0
9.17987442	66955.625	-0.13350004	0	255	0
9.17987442	66955.625	-0.298625052	0	255	0
9.17987442	66955.625	-0.463750035	0	255	0
9.17987442	66955.625	-0.298625052	0	255	0
9.26993752	66955.625	-0.298625052	0	255	0
9.17987442	66952.75	-0.298625052	0	255	0
9.26993752	66952.75	-0.298625052	0	255	0
9.26993752	66952.75	-0.463750035	0	255	0
8.99975014	66958.5	-0.628875017	0	255	0
8.99975014	66958.5	-0.463750035	0	255	0
9.08981228	66958.5	-0.463750035	0	255	0
9.08981228	66958.5	-0.628875017	0	255	0
8.99975014	66955.625	-0.463750035	0	255	0
9.08981228	66955.625	-0.79400003	0	255	0
9.08981228	66955.625	-0.628875017	0	255	0
8.99975014	66955.625	-0.628875017	0	255	0
9.08981228	66952.75	-0.628875017	0	255	0
9.08981228	66952.75	-0.79400003	0	255	0
9.17987442	66952.75	-0.628875017	0	255	0
9.08981228	66949.875	-0.463750035	0	255	0
9.17987442	66949.875	-0.79400003	0	255	0
9.17987442	66949.875	-0.628875017	0	255	0
9.08981228	66949.875	-0.628875017	0	255	0
9.26993752	66952.75	-0.13350004	0	255	0
9.26993752	66952.75	-0.463750035	0	255	0
9.26993752	66949.875	-0.463750035	0	255	0
9.35999966	66949.875	-0.13350004	0	255	0
9.35999966	66949.875	-0.298625052	0	255	0
9.35999966	66947	-0.298625052	0	255	0
9.26993752	66947	-0.463750035	0	255	0
9.17987442	66947	-0.463750035	0	255	0
9.17987442	66952.75	-0.628875017	0	255	0
9.26993752	66952.75	-0.463750035	0	255	0
9.26993752	66952.75	-0.628875017	0	255	0
9.17987442	66949.875	-0.463750035	0	255	0
9.26993752	66949.875	-0.79400003	0	255	0
9.26993752	66949.875	-0.628875017	0	255	0
9.17987442	66949.875	-0.628875017	0	255	0
