4.75124979	70250	0.0639999956	0	255	0
4.75124979	70000	-0.00600000471	0	255	0
4.84249973	70000	0.0639999956	0	255	0
4.75124979	70250	-0.00600000471	0	255	0
4.84249973	70000	-0.00600000471	0	255	0
4.65999985	69750	0.0639999956	0	255	0
4.93374968	70250	0.0639999956	0	255	0
4.93374968	70250	-0.00600000471	0	255	0
4.93374968	70000	-0.00600000471	0	255	0
4.93374968	69750	0.0639999956	0	255	0
4.93374968	69750	-0.00600000471	0	255	0
4.75124979	70250	-0.00600000471	0	255	0
4.75124979	70000	-0.076000005	0	255	0
4.84249973	70000	-0.00600000471	0	255	0
4.75124979	70250	-0.076000005	0	255	0
4.84249973	70250	-0.076000005	0	255	0
4.84249973	70000	-0.076000005	0	255	0
4.65999985	69750	-0.00600000471	0	255	0
4.84249973	70250	0.0639999956	0	255	0
4.84249973	70250	0.0289999954	0	255	0
5.02499962	70250	0.0289999954	0	255	0
5.02499962	70250	-0.076000005	0	255	0
4.84249973	69750	0.0289999954	0	255	0
5.02499962	69750	0.0289999954	0	255	0
5.02499962	69750	0.0639999956	0	255	0
4.84249973	69750	0.0289999954	0	255	0
4.84249973	69500	0.0289999954	0	255	0
4.84249973	69500	-0.00600000471	0	255	0
5.02499962	69750	0.0289999954	0	255	0
4.93374968	69250	0.0289999954	0	255	0
5.02499962	69250	0.0289999954	0	255	0
4.93374968	69250	-0.00600000471	0	255	0
4.84249973	69500	-0.00600000471	0	255	0
4.65999985	69250	0.0639999956	0	255	0
4.84249973	69500	-0.076000005	0	255	0
5.02499962	69750	-0.076000005	0	255	0
4.93374968	69250	-0.00600000471	0	255	0
4.93374968	69250	-0.076000005	0	255	0
5.11624956	69000	0.0639999956	0	255	0
5.2074995	69000	0.134000003	0	255	0
5.11624956	68750	0.134000003	0	255	0
5.02499962	69000	0.0639999956	0	255	0
5.02499962	69000	0.0989999995	0	255	0
5.02499962	68750	0.0989999995	0	255	0
5.02499962	68750	0.0639999956	0	255	0
5.2074995	69000	0.0639999956	0	255	0
5.11624956	68750	0.0989999995	0	255	0
5.11624956	68750	0.0639999956	0	255	0
5.2074995	68750	0.0989999995	0	255	0
5.11624956	68250	0.0639999956	0	255	0
5.2074995	68250	0.0989999995	0	255	0
5.11624956	68250	0.0989999995	0	255	0
5.29874992	68750	0.203999996	0	255	0
5.29874992	68750	0.134000003	0	255	0
5.29874992	68500	0.134000003	0	255	0
5.29874992	68250	0.203999996	0	255	0
5.29874992	68250	0.134000003	0	255	0
5.11624956	68750	0.134000003	0	255	0
5.11624956	68750	0.0639999956	0	255	0
5.11624956	68250	0.134000003	0	255	0
5.11624956	68250	0.0639999956	0	255	0
5.29874992	68750	0.134000003	0	255	0
5.29874992	68750	0.0639999956	0	255	0
5.29874992	68500	0.0639999956	0	255	0
5.29874992	68250	0.134000003	0	255	0
5.29874992	68250	0.0639999956	0	255	0
4.93374968	69250	0.0639999956	0	255	0
4.93374968	69000	-0.00600000471	0	255	0
5.02499962	69000	0.0639999956	0	255	0
4.93374968	69250	-0.00600000471	0	255	0
5.02499962	69250	-0.00600000471	0	255	0
5.02499962	69000	-0.00600000471	0	255	0
4.84249973	68750	-0.076000005	0	255	0
4.84249973	69250	0.0639999956	0	255	0
4.84249973	69250	0.0289999954	0	255	0
5.02499962	69250	0.0289999954	0	255	0
4.84249973	68750	0.0289999954	0	255	0
5.02499962	68750	0.0289999954	0	255	0
5.02499962	68750	0.0639999956	0	255	0
4.84249973	68750	-0.00600000471	0	255	0
5.11624956	69250	0.0639999956	0	255	0
5.11624956	69250	-0.00600000471	0	255	0
5.11624956	69000	-0.00600000471	0	255	0
5.2074995	69000	0.0639999956	0	255	0
5.2074995	69000	-0.00600000471	0	255	0
5.11624956	69250	-0.00600000471	0	255	0
5.11624956	69250	-0.076000005	0	255	0
5.11624956	69000	-0.076000005	0	255	0
5.2074995	69000	-0.00600000471	0	255	0
5.02499962	68750	-0.076000005	0	255	0
5.2074995	69000	-0.076000005	0	255	0
5.11624956	68750	-0.0410000049	0	255	0
5.11624956	68750	-0.076000005	0	255	0
5.2074995	68750	-0.0410000049	0	255	0
5.11624956	68250	-0.076000005	0	255	0
5.2074995	68250	-0.0410000049	0	255	0
5.11624956	68250	-0.0410000049	0	255	0
5.29874992	68750	0.0639999956	0	255	0
5.29874992	68750	-0.00600000471	0	255	0
5.29874992	68500	-0.00600000471	0	255	0
5.29874992	68250	0.0639999956	0	255	0
5.29874992	68250	-0.00600000471	0	255	0
5.11624956	68750	-0.00600000471	0	255	0
5.11624956	68750	-0.076000005	0	255	0
5.11624956	68250	-0.00600000471	0	255	0
5.2074995	68250	-0.076000005	0	255	0
5.11624956	68250	-0.076000005	0	255	0
5.29874992	68750	-0.00600000471	0	255	0
5.29874992	68750	-0.076000005	0	255	0
5.2074995	68500	-0.076000005	0	255	0
5.29874992	68500	-0.076000005	0	255	0
5.29874992	68250	-0.00600000471	0	255	0
5.29874992	68250	-0.0410000049	0	255	0
5.2074995	68250	-0.0410000049	0	255	0
4.84249973	70250	-0.076000005	0	255	0
4.93374968	70250	-0.076000005	0	255	0
4.93374968	70250	-0.145999998	0	255	0
4.93374968	70000	-0.145999998	0	255	0
5.02499962	70000	-0.076000005	0	255	0
5.02499962	70000	-0.145999998	0	255	0
4.75124979	70250	-0.145999998	0	255	0
4.75124979	70250	-0.216000006	0	255	0
4.84249973	70250	-0.216000006	0	255	0
4.84249973	70000	-0.216000006	0	255	0
4.65999985	69750	-0.145999998	0	255	0
4.75124979	69750	-0.145999998	0	255	0
4.84249973	69750	-0.180999994	0	255	0
4.75124979	69750	-0.180999994	0	255	0
4.84249973	70250	-0.076000005	0	255	0
4.84249973	70250	-0.111000001	0	255	0
5.02499962	70250	-0.111000001	0	255	0
5.02499962	70250	-0.216000006	0	255	0
4.84249973	69750	-0.111000001	0	255	0
5.02499962	69750	-0.111000001	0	255	0
5.02499962	69750	-0.076000005	0	255	0
4.84249973	69500	-0.076000005	0	255	0
4.84249973	69500	-0.145999998	0	255	0
4.93374968	69250	-0.076000005	0	255	0
4.93374968	69250	-0.145999998	0	255	0
4.93374968	69750	-0.145999998	0	255	0
4.65999985	69250	-0.076000005	0	255	0
4.93374968	69750	-0.216000006	0	255	0
4.93374968	69500	-0.216000006	0	255	0
5.02499962	69500	-0.145999998	0	255	0
4.84249973	69250	-0.216000006	0	255	0
5.02499962	69500	-0.216000006	0	255	0
4.75124979	70250	-0.251000017	0	255	0
4.75124979	70250	-0.216000006	0	255	0
4.84249973	70250	-0.251000017	0	255	0
4.75124979	70000	-0.286000013	0	255	0
4.84249973	70000	-0.216000006	0	255	0
4.84249973	70000	-0.251000017	0	255	0
4.75124979	70000	-0.251000017	0	255	0
4.84249973	70250	-0.251000017	0	255	0
4.93374968	70250	-0.216000006	0	255	0
4.93374968	70250	-0.251000017	0	255	0
4.93374968	70000	-0.286000013	0	255	0
4.93374968	69750	-0.216000006	0	255	0
4.93374968	69750	-0.251000017	0	255	0
4.84249973	69750	-0.251000017	0	255	0
4.84249973	69500	-0.251000017	0	255	0
4.84249973	69500	-0.216000006	0	255	0
4.93374968	69500	-0.286000013	0	255	0
4.93374968	69500	-0.251000017	0	255	0
4.93374968	69500	-0.286000013	0	255	0
4.93374968	69250	-0.216000006	0	255	0
4.93374968	69250	-0.251000017	0	255	0
4.84249973	69250	-0.251000017	0	255	0
4.93374968	69250	-0.32100001	0	255	0
4.93374968	69250	-0.356000006	0	255	0
5.02499962	69250	-0.32100001	0	255	0
4.93374968	68750	-0.356000006	0	255	0
5.02499962	68750	-0.356000006	0	255	0
5.02499962	68750	-0.32100001	0	255	0
4.93374968	68750	-0.32100001	0	255	0
5.11624956	69250	-0.076000005	0	255	0
5.11624956	69250	-0.145999998	0	255	0
5.11624956	69000	-0.145999998	0	255	0
5.11624956	68750	-0.076000005	0	255	0
5.11624956	68750	-0.145999998	0	255	0
5.11624956	69250	-0.145999998	0	255	0
5.11624956	69250	-0.216000006	0	255	0
5.02499962	69000	-0.216000006	0	255	0
5.11624956	69000	-0.216000006	0	255	0
5.11624956	68750	-0.145999998	0	255	0
5.11624956	68750	-0.180999994	0	255	0
5.02499962	68750	-0.180999994	0	255	0
5.11624956	68750	-0.180999994	0	255	0
5.11624956	68750	-0.216000006	0	255	0
5.2074995	68750	-0.216000006	0	255	0
5.2074995	68750	-0.180999994	0	255	0
5.11624956	68500	-0.145999998	0	255	0
5.2074995	68500	-0.216000006	0	255	0
5.2074995	68500	-0.180999994	0	255	0
5.11624956	68500	-0.180999994	0	255	0
4.84249973	68000	-0.32100001	0	255	0
4.84249973	68000	-0.356000006	0	255	0
4.93374968	68000	-0.286000013	0	255	0
4.84249973	67750	-0.32100001	0	255	0
5.02499962	68000	-0.356000006	0	255	0
5.02499962	68000	-0.32100001	0	255	0
5.02499962	67750	-0.32100001	0	255	0
4.65999985	67750	-0.251000017	0	255	0
4.65999985	67750	-0.356000006	0	255	0
4.84249973	67750	-0.251000017	0	255	0
4.75124979	67500	-0.286000013	0	255	0
4.65999985	67250	-0.251000017	0	255	0
4.84249973	67250	-0.356000006	0	255	0
4.84249973	67250	-0.251000017	0	255	0
4.84249973	67750	-0.32100001	0	255	0
4.84249973	67500	-0.356000006	0	255	0
4.84249973	67500	-0.32100001	0	255	0
5.02499962	67750	-0.32100001	0	255	0
5.02499962	67500	-0.356000006	0	255	0
5.02499962	67500	-0.32100001	0	255	0
5.02499962	68250	-0.32100001	0	255	0
5.02499962	68250	-0.356000006	0	255	0
5.2074995	68250	-0.32100001	0	255	0
5.11624956	68000	-0.286000013	0	255	0
5.02499962	67750	-0.32100001	0	255	0
5.2074995	67750	-0.216000006	0	255	0
5.2074995	67750	-0.32100001	0	255	0
5.2074995	68250	-0.32100001	0	255	0
5.29874992	68250	-0.356000006	0	255	0
5.29874992	68250	-0.32100001	0	255	0
5.2074995	68000	-0.356000006	0	255	0
5.29874992	68000	-0.286000013	0	255	0
5.29874992	68000	-0.32100001	0	255	0
5.2074995	68000	-0.32100001	0	255	0
5.75500011	66250	-0.00600000471	0	255	0
5.84625006	66500	-0.0410000049	0	255	0
5.9375	66500	-0.0410000049	0	255	0
5.9375	66500	-0.076000005	0	255	0
5.84625006	66250	-0.0410000049	0	255	0
5.9375	66250	-0.0410000049	0	255	0
5.84625006	66250	-0.076000005	0	255	0
6.02874994	66500	-0.076000005	0	255	0
6.11999989	66500	-0.00600000471	0	255	0
6.02874994	66250	-0.00600000471	0	255	0
6.11999989	66250	-0.00600000471	0	255	0
5.9375	66500	-0.076000005	0	255	0
5.9375	66500	-0.0410000049	0	255	0
5.9375	66250	-0.0410000049	0	255	0
6.11999989	66500	-0.076000005	0	255	0
4.84249973	68000	-0.076000005	0	255	0
4.93374968	68000	-0.145999998	0	255	0
5.02499962	68000	-0.076000005	0	255	0
4.84249973	68000	-0.145999998	0	255	0
5.02499962	68000	-0.145999998	0	255	0
5.02499962	67750	-0.145999998	0	255	0
4.84249973	68250	-0.076000005	0	255	0
4.84249973	68250	-0.111000001	0	255	0
5.02499962	68250	-0.111000001	0	255	0
5.02499962	68250	-0.216000006	0	255	0
4.84249973	67750	-0.111000001	0	255	0
5.02499962	67750	-0.111000001	0	255	0
5.02499962	67750	-0.076000005	0	255	0
4.75124979	67750	-0.180999994	0	255	0
4.75124979	67750	-0.216000006	0	255	0
4.84249973	67750	-0.180999994	0	255	0
4.65999985	67500	-0.180999994	0	255	0
4.65999985	67500	-0.216000006	0	255	0
4.75124979	67500	-0.145999998	0	255	0
4.65999985	67250	-0.180999994	0	255	0
4.84249973	67250	-0.180999994	0	255	0
4.84249973	67500	-0.076000005	0	255	0
5.02499962	67750	-0.111000001	0	255	0
5.02499962	67500	-0.076000005	0	255	0
5.02499962	67500	-0.111000001	0	255	0
4.93374968	67750	-0.145999998	0	255	0
4.84249973	67500	-0.145999998	0	255	0
4.65999985	67750	-0.216000006	0	255	0
4.65999985	67750	-0.180999994	0	255	0
4.84249973	67750	-0.180999994	0	255	0
4.84249973	67500	-0.216000006	0	255	0
4.65999985	67500	-0.145999998	0	255	0
4.75124979	67500	-0.216000006	0	255	0
4.84249973	67500	-0.145999998	0	255	0
4.84249973	67250	-0.180999994	0	255	0
4.75124979	67250	-0.216000006	0	255	0
4.93374968	67750	-0.145999998	0	255	0
4.84249973	67500	-0.145999998	0	255	0
4.93374968	67500	-0.216000006	0	255	0
4.93374968	67750	-0.216000006	0	255	0
4.84249973	67500	-0.216000006	0	255	0
5.02499962	68250	-0.111000001	0	255	0
5.02499962	68250	-0.076000005	0	255	0
5.11624956	68250	-0.076000005	0	255	0
5.11624956	68250	-0.111000001	0	255	0
5.11624956	68000	-0.145999998	0	255	0
5.11624956	67750	-0.076000005	0	255	0
5.11624956	67750	-0.111000001	0	255	0
5.02499962	67750	-0.111000001	0	255	0
4.65999985	67500	-0.32100001	0	255	0
4.65999985	67500	-0.356000006	0	255	0
4.75124979	67500	-0.286000013	0	255	0
4.75124979	67500	-0.32100001	0	255	0
4.75124979	67500	-0.286000013	0	255	0
4.75124979	67250	-0.356000006	0	255	0
4.75124979	67250	-0.32100001	0	255	0
4.65999985	67250	-0.32100001	0	255	0
4.65999985	67500	-0.32100001	0	255	0
4.65999985	67500	-0.286000013	0	255	0
4.75124979	67500	-0.356000006	0	255	0
4.75124979	67500	-0.32100001	0	255	0
4.75124979	67500	-0.356000006	0	255	0
4.75124979	67250	-0.286000013	0	255	0
4.75124979	67250	-0.32100001	0	255	0
4.65999985	67250	-0.32100001	0	255	0
4.65999985	67250	-0.32100001	0	255	0
4.65999985	67000	-0.356000006	0	255	0
4.65999985	67000	-0.32100001	0	255	0
4.84249973	67250	-0.356000006	0	255	0
4.84249973	67250	-0.32100001	0	255	0
4.75124979	66750	-0.356000006	0	255	0
4.84249973	66750	-0.216000006	0	255	0
4.84249973	66750	-0.32100001	0	255	0
4.75124979	66750	-0.32100001	0	255	0
4.84249973	67000	-0.32100001	0	255	0
4.84249973	67000	-0.356000006	0	255	0
4.93374968	67000	-0.286000013	0	255	0
4.84249973	66750	-0.32100001	0	255	0
5.02499962	67000	-0.356000006	0	255	0
5.02499962	67000	-0.32100001	0	255	0
5.02499962	66750	-0.356000006	0	255	0
5.02499962	66750	-0.32100001	0	255	0
5.02499962	67000	-0.145999998	0	255	0
5.02499962	67000	-0.111000001	0	255	0
5.11624956	67000	-0.111000001	0	255	0
5.02499962	66750	-0.076000005	0	255	0
5.02499962	66750	-0.111000001	0	255	0
5.11624956	66750	-0.111000001	0	255	0
5.11624956	66750	-0.145999998	0	255	0
5.02499962	67000	-0.145999998	0	255	0
5.11624956	67000	-0.216000006	0	255	0
5.2074995	67000	-0.145999998	0	255	0
5.02499962	67000	-0.216000006	0	255	0
5.02499962	66750	-0.216000006	0	255	0
5.2074995	67000	-0.216000006	0	255	0
5.11624956	66750	-0.180999994	0	255	0
5.11624956	66750	-0.216000006	0	255	0
5.2074995	66750	-0.216000006	0	255	0
5.2074995	66750	-0.180999994	0	255	0
5.11624956	66500	-0.145999998	0	255	0
5.2074995	66500	-0.216000006	0	255	0
5.2074995	66500	-0.180999994	0	255	0
5.11624956	66500	-0.180999994	0	255	0
5.2074995	66750	-0.111000001	0	255	0
5.2074995	66500	-0.111000001	0	255	0
5.2074995	66500	-0.145999998	0	255	0
5.38999987	66750	-0.111000001	0	255	0
5.38999987	66500	-0.111000001	0	255	0
5.38999987	66500	-0.145999998	0	255	0
5.02499962	66750	-0.180999994	0	255	0
5.02499962	66500	-0.145999998	0	255	0
5.02499962	66500	-0.180999994	0	255	0
5.2074995	66500	-0.145999998	0	255	0
5.11624956	66750	-0.216000006	0	255	0
5.2074995	66500	-0.216000006	0	255	0
5.02499962	66250	-0.145999998	0	255	0
5.2074995	66500	-0.145999998	0	255	0
5.38999987	66500	-0.145999998	0	255	0
5.2074995	66500	-0.216000006	0	255	0
5.38999987	66750	-0.216000006	0	255	0
5.38999987	66500	-0.216000006	0	255	0
4.65999985	67000	-0.216000006	0	255	0
4.84249973	67250	-0.216000006	0	255	0
4.65999985	67000	-0.286000013	0	255	0
4.84249973	67250	-0.286000013	0	255	0
4.75124979	66750	-0.216000006	0	255	0
4.75124979	66750	-0.286000013	0	255	0
4.84249973	67000	-0.216000006	0	255	0
4.93374968	67000	-0.286000013	0	255	0
5.02499962	67000	-0.216000006	0	255	0
5.02499962	66750	-0.216000006	0	255	0
4.84249973	67000	-0.286000013	0	255	0
5.02499962	67000	-0.286000013	0	255	0
5.02499962	66750	-0.286000013	0	255	0
4.75124979	67250	-0.286000013	0	255	0
4.65999985	67000	-0.286000013	0	255	0
4.75124979	67000	-0.356000006	0	255	0
4.65999985	67250	-0.356000006	0	255	0
4.75124979	67250	-0.356000006	0	255	0
4.65999985	66750	-0.286000013	0	255	0
4.65999985	67000	-0.356000006	0	255	0
4.84249973	67250	-0.216000006	0	255	0
4.84249973	67250	-0.251000017	0	255	0
5.02499962	67250	-0.251000017	0	255	0
4.65999985	66250	-0.076000005	0	255	0
4.84249973	66750	-0.251000017	0	255	0
5.02499962	66750	-0.251000017	0	255	0
5.02499962	66750	-0.216000006	0	255	0
5.02499962	67000	-0.216000006	0	255	0
5.11624956	67000	-0.286000013	0	255	0
5.2074995	67000	-0.216000006	0	255	0
5.02499962	67000	-0.286000013	0	255	0
5.2074995	67000	-0.286000013	0	255	0
5.02499962	67000	-0.286000013	0	255	0
5.11624956	67000	-0.356000006	0	255	0
5.11624956	67000	-0.356000006	0	255	0
5.11624956	66750	-0.286000013	0	255	0
5.02499962	67000	-0.356000006	0	255	0
5.11624956	66750	-0.356000006	0	255	0
5.02499962	66750	-0.356000006	0	255	0
5.11624956	66750	-0.32100001	0	255	0
5.11624956	66750	-0.356000006	0	255	0
5.2074995	66750	-0.32100001	0	255	0
5.11624956	66500	-0.286000013	0	255	0
5.2074995	66500	-0.356000006	0	255	0
5.2074995	66500	-0.32100001	0	255	0
5.11624956	66500	-0.32100001	0	255	0
5.2074995	66500	-0.216000006	0	255	0
5.38999987	66750	-0.216000006	0	255	0
5.38999987	66500	-0.216000006	0	255	0
5.2074995	66500	-0.286000013	0	255	0
5.38999987	66750	-0.286000013	0	255	0
5.38999987	66500	-0.286000013	0	255	0
5.02499962	66750	-0.32100001	0	255	0
5.02499962	66500	-0.286000013	0	255	0
5.02499962	66500	-0.32100001	0	255	0
5.2074995	66500	-0.286000013	0	255	0
5.11624956	66750	-0.356000006	0	255	0
5.2074995	66500	-0.356000006	0	255	0
5.02499962	66250	-0.286000013	0	255	0
5.29874992	66750	-0.286000013	0	255	0
5.2074995	66500	-0.286000013	0	255	0
5.29874992	66500	-0.356000006	0	255	0
5.2074995	66500	-0.356000006	0	255	0
5.38999987	66750	-0.32100001	0	255	0
5.38999987	66750	-0.356000006	0	255	0
5.38999987	66500	-0.32100001	0	255	0
5.38999987	66500	-0.356000006	0	255	0
5.38999987	66750	-0.251000017	0	255	0
5.38999987	66750	-0.356000006	0	255	0
5.38999987	66500	-0.216000006	0	255	0
5.38999987	66500	-0.251000017	0	255	0
5.57250023	66750	-0.251000017	0	255	0
5.57250023	66500	-0.216000006	0	255	0
5.57250023	66500	-0.251000017	0	255	0
5.57250023	66750	-0.32100001	0	255	0
5.66375017	66750	-0.356000006	0	255	0
5.66375017	66750	-0.32100001	0	255	0
5.66375017	66500	-0.286000013	0	255	0
5.57250023	66250	-0.32100001	0	255	0
5.75500011	66500	-0.356000006	0	255	0
5.75500011	66500	-0.32100001	0	255	0
5.75500011	66250	-0.076000005	0	255	0
5.75500011	66250	-0.32100001	0	255	0
5.75500011	66500	-0.180999994	0	255	0
5.75500011	66500	-0.216000006	0	255	0
5.84625006	66500	-0.145999998	0	255	0
5.75500011	66250	-0.180999994	0	255	0
5.9375	66500	-0.216000006	0	255	0
5.9375	66500	-0.180999994	0	255	0
5.9375	66250	-0.180999994	0	255	0
5.9375	66500	-0.076000005	0	255	0
6.02874994	66500	-0.145999998	0	255	0
6.11999989	66500	-0.076000005	0	255	0
5.9375	66500	-0.145999998	0	255	0
6.11999989	66500	-0.145999998	0	255	0
5.75500011	66500	-0.145999998	0	255	0
5.84625006	66500	-0.216000006	0	255	0
5.9375	66500	-0.145999998	0	255	0
5.75500011	66500	-0.216000006	0	255	0
5.9375	66500	-0.216000006	0	255	0
5.9375	66500	-0.145999998	0	255	0
6.02874994	66500	-0.216000006	0	255	0
6.11999989	66500	-0.145999998	0	255	0
5.9375	66500	-0.216000006	0	255	0
6.11999989	66500	-0.216000006	0	255	0
6.11999989	66250	-0.216000006	0	255	0
5.38999987	66750	-0.32100001	0	255	0
5.38999987	66750	-0.216000006	0	255	0
5.38999987	66500	-0.356000006	0	255	0
5.38999987	66500	-0.32100001	0	255	0
5.57250023	66750	-0.32100001	0	255	0
5.57250023	66500	-0.356000006	0	255	0
5.57250023	66500	-0.32100001	0	255	0
5.57250023	66750	-0.251000017	0	255	0
5.66375017	66750	-0.216000006	0	255	0
5.66375017	66750	-0.251000017	0	255	0
5.66375017	66500	-0.286000013	0	255	0
5.75500011	66500	-0.216000006	0	255	0
5.75500011	66500	-0.251000017	0	255	0
5.75500011	66250	-0.251000017	0	255	0
5.57250023	66500	-0.286000013	0	255	0
5.57250023	66250	-0.216000006	0	255	0
5.66375017	66250	-0.286000013	0	255	0
5.57250023	66250	-0.286000013	0	255	0
5.75500011	66500	-0.32100001	0	255	0
5.75500011	66500	-0.356000006	0	255	0
5.84625006	66500	-0.286000013	0	255	0
5.75500011	66250	-0.32100001	0	255	0
5.9375	66500	-0.356000006	0	255	0
5.9375	66500	-0.32100001	0	255	0
5.9375	66250	-0.216000006	0	255	0
5.9375	66250	-0.32100001	0	255	0
