9.20537472	66258	3.22074986	0	255	0
9.20537472	66258	3.47806239	0	255	0
9.21949959	66258	3.47806239	0	255	0
9.21949959	66258	2.19149995	0	255	0
9.20537472	66256	3.47806239	0	255	0
9.21949959	66256	3.47806239	0	255	0
9.21949959	66256	4.25	0	255	0
9.20537472	66256	3.22074986	0	255	0
9.24068642	66257.5	3.73537493	0	255	0
9.24774933	66257.5	4.25	0	255	0
9.24068642	66257	4.25	0	255	0
9.24774933	66257	4.25	0	255	0
9.23362446	66257.5	3.73537493	0	255	0
9.23362446	66257.5	3.99268746	0	255	0
9.23362446	66257	3.99268746	0	255	0
9.24774933	66257.5	3.73537493	0	255	0
9.24774933	66257	3.73537493	0	255	0
9.21949959	66257.5	3.47806239	0	255	0
9.21949959	66257.5	3.73537493	0	255	0
9.2265625	66257.5	3.22074986	0	255	0
9.2265625	66257.5	3.22074986	0	255	0
9.2265625	66257	3.73537493	0	255	0
9.21949959	66257	3.47806239	0	255	0
9.21949959	66257	3.73537493	0	255	0
9.23362446	66257.5	3.47806239	0	255	0
9.23362446	66257.5	3.22074986	0	255	0
9.23362446	66257	3.47806239	0	255	0
9.21949959	66256	4.25	0	255	0
9.2265625	66257	3.22074986	0	255	0
9.23362446	66258	4.25	0	255	0
9.23362446	66258	3.99268746	0	255	0
9.24774933	66258	3.99268746	0	255	0
9.24774933	66258	3.22074986	0	255	0
9.23362446	66257	3.99268746	0	255	0
9.24774933	66257	3.99268746	0	255	0
9.24774933	66257	4.25	0	255	0
9.23362446	66256.5	3.73537493	0	255	0
9.23362446	66256.5	3.99268746	0	255	0
9.23362446	66256	3.99268746	0	255	0
9.24774933	66256.5	3.99268746	0	255	0
9.24774933	66256.5	3.73537493	0	255	0
9.24774933	66256	3.99268746	0	255	0
9.2265625	66256.5	3.22074986	0	255	0
9.23362446	66256.5	3.73537493	0	255	0
9.2265625	66256	3.73537493	0	255	0
9.21949959	66256	3.73537493	0	255	0
9.23362446	66256.5	3.22074986	0	255	0
9.2265625	66256	3.22074986	0	255	0
9.23362446	66256.5	3.73537493	0	255	0
9.24068642	66256.5	3.22074986	0	255	0
9.24774933	66256.5	3.73537493	0	255	0
9.23362446	66256.5	3.22074986	0	255	0
9.24774933	66256.5	3.22074986	0	255	0
9.24774933	66256	3.22074986	0	255	0
9.24774933	66257.5	4.25	0	255	0
9.25481224	66257.5	3.73537493	0	255	0
9.26187515	66257.5	4.25	0	255	0
9.26187515	66257	3.22074986	0	255	0
9.24774933	66257.5	3.73537493	0	255	0
9.24774933	66257	3.73537493	0	255	0
9.26187515	66257.5	3.73537493	0	255	0
9.26187515	66257	3.73537493	0	255	0
9.26187515	66257.5	3.99268746	0	255	0
9.26187515	66257.5	4.25	0	255	0
9.26893806	66257.5	3.73537493	0	255	0
9.26893806	66257.5	3.99268746	0	255	0
9.26893806	66257.5	3.73537493	0	255	0
9.26893806	66257	4.25	0	255	0
9.26893806	66257	3.99268746	0	255	0
9.26187515	66257	3.99268746	0	255	0
9.24774933	66257.5	3.47806239	0	255	0
9.24774933	66257.5	3.73537493	0	255	0
9.25481224	66257.5	3.22074986	0	255	0
9.25481224	66257.5	3.47806239	0	255	0
9.25481224	66257.5	3.22074986	0	255	0
9.25481224	66257	3.73537493	0	255	0
9.25481224	66257	3.47806239	0	255	0
9.24774933	66257	3.47806239	0	255	0
9.24774933	66256.5	3.47806239	0	255	0
9.24774933	66256.5	3.22074986	0	255	0
9.25481224	66256.5	3.73537493	0	255	0
9.24774933	66256	3.47806239	0	255	0
9.26187515	66256.5	3.22074986	0	255	0
9.26187515	66256.5	3.47806239	0	255	0
9.26187515	66256	4.25	0	255	0
9.26187515	66256	3.47806239	0	255	0
9.26187515	66256.5	3.99268746	0	255	0
9.26187515	66256.5	4.25	0	255	0
9.26893806	66256.5	3.73537493	0	255	0
9.26893806	66256.5	3.99268746	0	255	0
9.26893806	66256.5	3.73537493	0	255	0
9.26893806	66256	4.25	0	255	0
9.26893806	66256	3.99268746	0	255	0
9.26187515	66256	3.99268746	0	255	0
9.24774933	66256.5	3.47806239	0	255	0
9.24774933	66256.5	3.73537493	0	255	0
9.25481224	66256.5	3.22074986	0	255	0
9.25481224	66256.5	3.47806239	0	255	0
9.25481224	66256.5	3.22074986	0	255	0
9.25481224	66256	3.73537493	0	255	0
9.25481224	66256	3.47806239	0	255	0
9.24774933	66256	3.47806239	0	255	0
9.21949959	66257.5	3.22074986	0	255	0
9.2265625	66257.5	2.70612478	0	255	0
9.23362446	66257.5	3.22074986	0	255	0
9.21949959	66257.5	2.70612478	0	255	0
9.23362446	66257.5	2.70612478	0	255	0
9.23362446	66257.5	3.22074986	0	255	0
9.24068642	66257.5	2.70612478	0	255	0
9.24774933	66257.5	3.22074986	0	255	0
9.24774933	66257.5	2.96343732	0	255	0
9.24774933	66257	3.22074986	0	255	0
9.24774933	66257	2.96343732	0	255	0
9.23362446	66257.5	2.70612478	0	255	0
9.24068642	66257	2.70612478	0	255	0
9.21949959	66257.5	2.70612478	0	255	0
9.2265625	66257.5	2.19149995	0	255	0
9.23362446	66257.5	2.70612478	0	255	0
9.21949959	66257.5	2.19149995	0	255	0
9.21949959	66257	2.19149995	0	255	0
9.23362446	66257.5	2.19149995	0	255	0
9.21949959	66256	3.22074986	0	255	0
9.23362446	66258	3.22074986	0	255	0
9.23362446	66258	2.96343732	0	255	0
9.24774933	66258	2.96343732	0	255	0
9.24774933	66258	2.19149995	0	255	0
9.23362446	66257	2.96343732	0	255	0
9.24774933	66257	2.96343732	0	255	0
9.24774933	66257	3.22074986	0	255	0
9.21949959	66256.5	2.44881248	0	255	0
9.21949959	66256.5	2.19149995	0	255	0
9.2265625	66256.5	2.70612478	0	255	0
9.21949959	66256	2.44881248	0	255	0
9.23362446	66256.5	2.19149995	0	255	0
9.23362446	66256.5	2.44881248	0	255	0
9.23362446	66256	2.44881248	0	255	0
9.23362446	66256.5	3.22074986	0	255	0
9.24068642	66256.5	2.70612478	0	255	0
9.24068642	66256.5	2.70612478	0	255	0
9.24068642	66256	3.22074986	0	255	0
9.23362446	66256.5	2.70612478	0	255	0
9.24068642	66256	2.70612478	0	255	0
9.21949959	66256.5	2.70612478	0	255	0
9.2265625	66256.5	2.19149995	0	255	0
9.23362446	66256.5	2.70612478	0	255	0
9.21949959	66256.5	2.19149995	0	255	0
9.21949959	66256	2.19149995	0	255	0
9.23362446	66256.5	2.19149995	0	255	0
9.23362446	66256	2.19149995	0	255	0
9.23362446	66255.5	2.44881248	0	255	0
9.23362446	66255.5	2.19149995	0	255	0
9.24068642	66255.5	2.70612478	0	255	0
9.23362446	66255	2.44881248	0	255	0
9.24774933	66255.5	2.19149995	0	255	0
9.24774933	66255.5	2.44881248	0	255	0
9.24774933	66255	2.19149995	0	255	0
9.24774933	66255	2.44881248	0	255	0
9.23362446	66254.5	2.44881248	0	255	0
9.23362446	66254.5	2.19149995	0	255	0
9.24068642	66254.5	2.70612478	0	255	0
9.23362446	66254	2.44881248	0	255	0
9.24774933	66254.5	2.19149995	0	255	0
9.24774933	66254.5	2.44881248	0	255	0
9.24774933	66254	2.44881248	0	255	0
9.24774933	66255.5	3.73537493	0	255	0
9.25481224	66255.5	3.22074986	0	255	0
9.26187515	66255.5	3.73537493	0	255	0
9.24774933	66255.5	3.22074986	0	255	0
9.24774933	66255	3.22074986	0	255	0
9.26187515	66255.5	3.22074986	0	255	0
9.26187515	66256	4.25	0	255	0
9.26187515	66256	3.99268746	0	255	0
9.27600002	66256	3.99268746	0	255	0
9.27600002	66256	3.22074986	0	255	0
9.26187515	66255	3.99268746	0	255	0
9.27600002	66255	3.99268746	0	255	0
9.27600002	66255	4.25	0	255	0
9.24774933	66254.5	3.47806239	0	255	0
9.24774933	66254.5	3.22074986	0	255	0
9.25481224	66254.5	3.73537493	0	255	0
9.24774933	66254	3.47806239	0	255	0
9.26187515	66254.5	3.22074986	0	255	0
9.26187515	66254.5	3.47806239	0	255	0
9.26187515	66254	3.47806239	0	255	0
9.26187515	66254.5	3.73537493	0	255	0
9.26187515	66254.5	3.99268746	0	255	0
9.26893806	66254.5	3.99268746	0	255	0
9.26187515	66254	3.99268746	0	255	0
9.26893806	66254	3.99268746	0	255	0
9.26893806	66254	3.73537493	0	255	0
9.26187515	66254	3.73537493	0	255	0
9.24774933	66254.5	3.22074986	0	255	0
9.24774933	66254.5	3.47806239	0	255	0
9.25481224	66254.5	3.47806239	0	255	0
9.24774933	66254	3.73537493	0	255	0
9.24774933	66254	3.47806239	0	255	0
9.25481224	66254	3.47806239	0	255	0
9.25481224	66254	3.22074986	0	255	0
9.23362446	66256	3.22074986	0	255	0
9.23362446	66256	2.96343732	0	255	0
9.24774933	66256	2.96343732	0	255	0
9.21949959	66254	0.133000001	0	255	0
9.23362446	66255	2.96343732	0	255	0
9.24774933	66255	2.96343732	0	255	0
9.24774933	66255	3.22074986	0	255	0
9.23362446	66255	2.70612478	0	255	0
9.24068642	66254.5	2.96343732	0	255	0
9.24068642	66254.5	2.70612478	0	255	0
9.24774933	66254.5	3.22074986	0	255	0
9.24774933	66254.5	2.96343732	0	255	0
9.24068642	66254	3.22074986	0	255	0
9.24774933	66254	2.96343732	0	255	0
9.24068642	66254	2.96343732	0	255	0
9.23362446	66254.5	2.44881248	0	255	0
9.23362446	66254.5	2.70612478	0	255	0
9.24068642	66254.5	2.19149995	0	255	0
9.23362446	66254	2.44881248	0	255	0
9.24774933	66254.5	2.70612478	0	255	0
9.24774933	66254	2.70612478	0	255	0
9.23362446	66254	2.70612478	0	255	0
9.24774933	66254.5	2.19149995	0	255	0
9.24774933	66254	2.19149995	0	255	0
9.24068642	66254	2.19149995	0	255	0
9.24774933	66254.5	2.44881248	0	255	0
9.24774933	66254.5	2.19149995	0	255	0
9.25481224	66254.5	2.70612478	0	255	0
9.25481224	66254.5	2.44881248	0	255	0
9.25481224	66254.5	2.70612478	0	255	0
9.25481224	66254	2.19149995	0	255	0
9.25481224	66254	2.44881248	0	255	0
9.24774933	66254	2.44881248	0	255	0
9.17712498	66258	2.19149995	0	255	0
9.17712498	66258	1.93418741	0	255	0
9.19124985	66258	1.93418741	0	255	0
9.19124985	66258	1.16224992	0	255	0
9.17712498	66257	1.93418741	0	255	0
9.19124985	66257	1.93418741	0	255	0
9.19124985	66257	2.19149995	0	255	0
9.17712498	66257	1.67687488	0	255	0
9.19124985	66257	2.19149995	0	255	0
9.19831276	66257.5	1.93418741	0	255	0
9.20537472	66257.5	1.93418741	0	255	0
9.20537472	66257.5	1.67687488	0	255	0
9.19831276	66257	1.93418741	0	255	0
9.20537472	66257	1.93418741	0	255	0
9.19831276	66257	1.67687488	0	255	0
9.20537472	66257.5	2.19149995	0	255	0
9.21243668	66257.5	1.67687488	0	255	0
9.21949959	66257.5	2.19149995	0	255	0
9.21949959	66257	2.19149995	0	255	0
9.20537472	66257.5	1.67687488	0	255	0
9.21949959	66257.5	1.67687488	0	255	0
9.21949959	66257	1.67687488	0	255	0
9.19124985	66257.5	1.67687488	0	255	0
9.19831276	66257.5	1.16224992	0	255	0
9.20537472	66257.5	1.67687488	0	255	0
9.19124985	66257.5	1.16224992	0	255	0
9.19124985	66257	1.16224992	0	255	0
9.20537472	66257.5	1.16224992	0	255	0
9.19124985	66256	0.133000001	0	255	0
9.20537472	66258	0.904937446	0	255	0
9.20537472	66258	1.67687488	0	255	0
9.21949959	66258	1.67687488	0	255	0
9.21949959	66258	0.904937446	0	255	0
9.20537472	66257	0.133000001	0	255	0
9.21949959	66257	1.67687488	0	255	0
9.21949959	66257	0.904937446	0	255	0
9.20537472	66257	0.904937446	0	255	0
9.19831276	66256.5	1.41956234	0	255	0
9.19831276	66256.5	1.67687488	0	255	0
9.20537472	66256.5	1.16224992	0	255	0
9.20537472	66256.5	1.41956234	0	255	0
9.19831276	66256	1.16224992	0	255	0
9.20537472	66256	1.41956234	0	255	0
9.19831276	66256	1.41956234	0	255	0
9.21243668	66256.5	1.67687488	0	255	0
9.21949959	66256.5	2.19149995	0	255	0
9.21243668	66256	2.19149995	0	255	0
9.21949959	66256	2.19149995	0	255	0
9.20537472	66256.5	1.67687488	0	255	0
9.20537472	66256.5	1.93418741	0	255	0
9.20537472	66256	1.93418741	0	255	0
9.21949959	66256.5	1.67687488	0	255	0
9.19124985	66256.5	1.16224992	0	255	0
9.19124985	66256.5	1.41956234	0	255	0
9.19124985	66256	1.41956234	0	255	0
9.20537472	66256.5	1.41956234	0	255	0
9.20537472	66256.5	1.16224992	0	255	0
9.20537472	66256	1.41956234	0	255	0
9.20537472	66256.5	1.67687488	0	255	0
9.21243668	66256.5	1.16224992	0	255	0
9.21949959	66256.5	1.67687488	0	255	0
9.21949959	66256.5	1.41956234	0	255	0
9.21949959	66256	1.41956234	0	255	0
9.20537472	66256.5	1.16224992	0	255	0
9.21243668	66256	1.16224992	0	255	0
9.17712498	66257.5	1.16224992	0	255	0
9.18418694	66257.5	0.647624969	0	255	0
9.19124985	66257.5	1.16224992	0	255	0
9.19124985	66257	1.16224992	0	255	0
9.17712498	66257.5	0.647624969	0	255	0
9.19124985	66257.5	0.647624969	0	255	0
9.19124985	66257	0.647624969	0	255	0
9.16300011	66257.5	0.647624969	0	255	0
9.17006302	66257.5	0.133000001	0	255	0
9.17712498	66257.5	0.647624969	0	255	0
9.16300011	66257.5	0.133000001	0	255	0
9.16300011	66257	0.133000001	0	255	0
9.17712498	66257.5	0.133000001	0	255	0
9.16300011	66256	1.16224992	0	255	0
9.17712498	66258	1.16224992	0	255	0
9.17712498	66258	0.904937446	0	255	0
9.19124985	66258	0.904937446	0	255	0
9.19124985	66258	0.133000001	0	255	0
9.17712498	66257	0.904937446	0	255	0
9.19124985	66257	0.904937446	0	255	0
9.19124985	66257	1.16224992	0	255	0
9.17006302	66256.5	0.133000001	0	255	0
9.17712498	66256.5	0.647624969	0	255	0
9.17006302	66256	0.647624969	0	255	0
9.16300011	66256	0.647624969	0	255	0
9.17712498	66256.5	0.133000001	0	255	0
9.17006302	66256	0.133000001	0	255	0
9.17712498	66256.5	0.647624969	0	255	0
9.18418694	66256.5	0.133000001	0	255	0
9.19124985	66256.5	0.647624969	0	255	0
9.19124985	66256	0.647624969	0	255	0
9.17712498	66256.5	0.133000001	0	255	0
9.19124985	66256.5	0.133000001	0	255	0
9.19124985	66258	2.19149995	0	255	0
9.19124985	66258	1.41956234	0	255	0
9.20537472	66258	1.41956234	0	255	0
9.20537472	66258	1.16224992	0	255	0
9.19124985	66256	1.41956234	0	255	0
9.21949959	66257	1.41956234	0	255	0
9.21949959	66257	1.16224992	0	255	0
9.21949959	66256	1.41956234	0	255	0
9.21949959	66256	2.19149995	0	255	0
9.20537472	66254.5	1.67687488	0	255	0
9.20537472	66254.5	1.93418741	0	255	0
9.21243668	66254.5	1.93418741	0	255	0
9.20537472	66254	2.19149995	0	255	0
9.20537472	66254	1.93418741	0	255	0
9.21243668	66254	1.93418741	0	255	0
9.21243668	66254	1.67687488	0	255	0
9.20537472	66254	1.67687488	0	255	0
9.18418694	66255.5	0.904937446	0	255	0
9.18418694	66255.5	0.647624969	0	255	0
9.19124985	66255.5	1.16224992	0	255	0
9.19124985	66255.5	0.904937446	0	255	0
9.18418694	66255	1.16224992	0	255	0
9.19124985	66255	1.16224992	0	255	0
9.19124985	66255	0.904937446	0	255	0
9.18418694	66255	0.904937446	0	255	0
9.17712498	66256	1.16224992	0	255	0
9.17712498	66256	0.904937446	0	255	0
9.19124985	66256	0.904937446	0	255	0
9.17712498	66255	0.904937446	0	255	0
9.19124985	66255	0.904937446	0	255	0
9.19124985	66255	1.16224992	0	255	0
9.17712498	66255	0.647624969	0	255	0
9.17712498	66254	0.647624969	0	255	0
9.18418694	66254.5	0.390312493	0	255	0
9.19124985	66254.5	0.390312493	0	255	0
9.19124985	66254.5	0.133000001	0	255	0
9.18418694	66254	0.390312493	0	255	0
9.19124985	66254	0.390312493	0	255	0
9.19124985	66254	0.133000001	0	255	0
9.18418694	66254	0.133000001	0	255	0
9.19124985	66255.5	0.904937446	0	255	0
9.19124985	66255.5	1.16224992	0	255	0
9.19831276	66255.5	0.647624969	0	255	0
9.19831276	66255.5	0.647624969	0	255	0
9.19831276	66255	1.16224992	0	255	0
9.19124985	66255	0.904937446	0	255	0
9.19124985	66255	1.16224992	0	255	0
9.20537472	66255.5	0.904937446	0	255	0
9.20537472	66255.5	0.647624969	0	255	0
9.20537472	66255	0.904937446	0	255	0
9.20537472	66255	0.647624969	0	255	0
9.19831276	66255	0.647624969	0	255	0
9.20537472	66255.5	0.904937446	0	255	0
9.20537472	66255.5	1.16224992	0	255	0
9.21243668	66255.5	0.647624969	0	255	0
9.20537472	66255	0.904937446	0	255	0
9.21949959	66255.5	1.16224992	0	255	0
9.21949959	66255.5	0.904937446	0	255	0
9.21949959	66255	1.16224992	0	255	0
9.21949959	66255	0.904937446	0	255	0
9.19124985	66255.5	0.390312493	0	255	0
9.19124985	66255.5	0.647624969	0	255	0
9.19831276	66255.5	0.133000001	0	255	0
9.19831276	66255.5	0.390312493	0	255	0
9.19831276	66255.5	0.133000001	0	255	0
9.19831276	66255	0.647624969	0	255	0
9.19831276	66255	0.390312493	0	255	0
9.19124985	66255	0.390312493	0	255	0
9.19831276	66254.5	0.390312493	0	255	0
9.19831276	66254.5	0.647624969	0	255	0
9.20537472	66254.5	0.133000001	0	255	0
9.20537472	66254.5	0.390312493	0	255	0
9.19831276	66254	0.133000001	0	255	0
9.20537472	66254	1.16224992	0	255	0
9.20537472	66254	0.390312493	0	255	0
9.19831276	66254	0.390312493	0	255	0
9.20537472	66254.5	0.904937446	0	255	0
9.20537472	66254.5	1.16224992	0	255	0
9.21243668	66254.5	0.647624969	0	255	0
9.20537472	66254	0.904937446	0	255	0
9.21949959	66254.5	1.16224992	0	255	0
9.21949959	66254.5	0.904937446	0	255	0
9.21949959	66254	1.16224992	0	255	0
9.21949959	66254	0.904937446	0	255	0
9.21949959	66258	4.25	0	255	0
9.21949959	66258	2.44881248	0	255	0
9.23362446	66258	2.44881248	0	255	0
9.23362446	66258	2.19149995	0	255	0
9.21949959	66256	2.44881248	0	255	0
9.23362446	66256	2.44881248	0	255	0
9.23362446	66256	2.19149995	0	255	0
9.21949959	66256	2.44881248	0	255	0
9.24774933	66256	2.44881248	0	255	0
9.21949959	66254	3.22074986	0	255	0
9.21949959	66254	2.44881248	0	255	0
9.21949959	66254	2.19149995	0	255	0
9.24774933	66254	2.44881248	0	255	0
9.24774933	66254	2.19149995	0	255	0
9.21243668	66251.5	0.390312493	0	255	0
9.21243668	66251.5	0.647625029	0	255	0
9.21949959	66251.5	0.133000001	0	255	0
9.21949959	66251.5	0.390312493	0	255	0
9.21243668	66251	0.133000001	0	255	0
9.21949959	66251	0.133000001	0	255	0
9.21949959	66251	0.390312493	0	255	0
9.21243668	66251	0.390312493	0	255	0
9.24774933	66253	4.25	0	255	0
9.25481224	66253.5	3.99268746	0	255	0
9.26187515	66253.5	3.99268746	0	255	0
9.26187515	66253.5	3.73537493	0	255	0
9.25481224	66253	3.99268746	0	255	0
9.26187515	66253	3.99268746	0	255	0
9.26187515	66253	3.73537493	0	255	0
9.25481224	66253	3.73537493	0	255	0
9.25481224	66252.5	3.47806239	0	255	0
9.25481224	66252.5	3.73537493	0	255	0
9.26187515	66252.5	3.22074986	0	255	0
9.26187515	66252.5	3.47806239	0	255	0
9.25481224	66252	3.22074986	0	255	0
9.26187515	66252	3.47806239	0	255	0
9.25481224	66252	3.47806239	0	255	0
9.26187515	66252.5	4.25	0	255	0
9.26893806	66252.5	3.73537493	0	255	0
9.27600002	66252.5	4.25	0	255	0
9.27600002	66252	4.25	0	255	0
9.26187515	66252.5	3.73537493	0	255	0
9.26187515	66252	3.73537493	0	255	0
9.27600002	66252.5	3.73537493	0	255	0
9.27600002	66252	3.73537493	0	255	0
9.23362446	66254	3.22074986	0	255	0
9.23362446	66254	2.96343732	0	255	0
9.24774933	66254	2.96343732	0	255	0
9.24774933	66254	2.19149995	0	255	0
9.23362446	66253	2.96343732	0	255	0
9.24774933	66253	2.96343732	0	255	0
9.24774933	66253	3.22074986	0	255	0
9.23362446	66253	2.70612478	0	255	0
9.24068642	66252.5	2.96343732	0	255	0
9.24068642	66252.5	2.70612478	0	255	0
9.24774933	66252.5	3.22074986	0	255	0
9.24774933	66252.5	2.96343732	0	255	0
9.24068642	66252	3.22074986	0	255	0
9.24774933	66252	2.96343732	0	255	0
9.24068642	66252	2.96343732	0	255	0
9.23362446	66252.5	2.44881248	0	255	0
9.23362446	66252.5	2.70612478	0	255	0
9.24068642	66252.5	2.19149995	0	255	0
9.23362446	66252	2.44881248	0	255	0
9.24774933	66252.5	2.70612478	0	255	0
9.24774933	66252.5	2.44881248	0	255	0
9.24774933	66252	2.70612478	0	255	0
9.24774933	66252	2.44881248	0	255	0
9.24774933	66254	4.25	0	255	0
9.24774933	66254	3.47806239	0	255	0
9.26187515	66254	3.47806239	0	255	0
9.26187515	66254	3.22074986	0	255	0
9.24774933	66252	3.47806239	0	255	0
9.26187515	66252	3.47806239	0	255	0
9.26187515	66252	3.22074986	0	255	0
9.23362446	66251.5	2.44881248	0	255	0
9.23362446	66251.5	2.19149995	0	255	0
9.24068642	66251.5	2.70612478	0	255	0
9.23362446	66251	2.44881248	0	255	0
9.24774933	66251.5	2.19149995	0	255	0
9.24774933	66251.5	2.44881248	0	255	0
9.24774933	66251	2.19149995	0	255	0
9.24774933	66251	2.44881248	0	255	0
9.24068642	66250.5	2.44881248	0	255	0
9.24068642	66250.5	2.70612478	0	255	0
9.24774933	66250.5	2.19149995	0	255	0
9.24774933	66250.5	2.44881248	0	255	0
9.24068642	66250	2.19149995	0	255	0
9.24774933	66250	4.25	0	255	0
9.24774933	66250	2.44881248	0	255	0
9.24068642	66250	2.44881248	0	255	0
9.24774933	66251.5	4.25	0	255	0
9.25481224	66251.5	3.73537493	0	255	0
9.26187515	66251.5	4.25	0	255	0
9.26187515	66251.5	3.99268746	0	255	0
9.26187515	66251	3.99268746	0	255	0
9.24774933	66251.5	3.73537493	0	255	0
9.24774933	66251	4.25	0	255	0
9.25481224	66251	3.73537493	0	255	0
9.26187515	66251.5	4.25	0	255	0
9.26893806	66251.5	3.73537493	0	255	0
9.26893806	66251.5	3.73537493	0	255	0
9.26893806	66251	4.25	0	255	0
9.26187515	66251.5	3.73537493	0	255	0
9.26893806	66251	3.73537493	0	255	0
9.24774933	66251.5	3.73537493	0	255	0
9.25481224	66251.5	3.22074986	0	255	0
9.26187515	66251.5	3.73537493	0	255	0
9.26187515	66251.5	3.47806239	0	255	0
9.26187515	66251	3.47806239	0	255	0
9.24774933	66251.5	3.22074986	0	255	0
9.25481224	66251	3.22074986	0	255	0
9.24774933	66251	3.22074986	0	255	0
9.24774933	66250.5	3.47806239	0	255	0
9.24774933	66250.5	3.22074986	0	255	0
9.25481224	66250.5	3.73537493	0	255	0
9.24774933	66250	3.47806239	0	255	0
9.26187515	66250.5	3.22074986	0	255	0
9.26187515	66250.5	3.47806239	0	255	0
9.26187515	66250	3.47806239	0	255	0
9.26187515	66250.5	4.25	0	255	0
9.26893806	66250.5	3.73537493	0	255	0
9.27600002	66250.5	4.25	0	255	0
9.27600002	66250	4.25	0	255	0
9.26187515	66250.5	3.73537493	0	255	0
9.27600002	66250.5	3.73537493	0	255	0
9.27600002	66250	3.73537493	0	255	0
9.24774933	66250.5	3.73537493	0	255	0
9.25481224	66250.5	3.22074986	0	255	0
9.26187515	66250.5	3.73537493	0	255	0
9.24774933	66250.5	3.22074986	0	255	0
9.26187515	66250.5	3.22074986	0	255	0
9.26187515	66250	3.22074986	0	255	0
9.26187515	66250.5	3.47806239	0	255	0
9.26187515	66250.5	3.73537493	0	255	0
9.26893806	66250.5	3.22074986	0	255	0
9.26893806	66250.5	3.47806239	0	255	0
9.26893806	66250.5	3.22074986	0	255	0
9.26893806	66250	3.73537493	0	255	0
9.26893806	66250	3.47806239	0	255	0
9.26187515	66250	3.47806239	0	255	0
9.21949959	66251	3.22074986	0	255	0
9.2265625	66251.5	2.96343732	0	255	0
9.23362446	66251.5	2.96343732	0	255	0
9.23362446	66251.5	2.70612478	0	255	0
9.2265625	66251	2.96343732	0	255	0
9.23362446	66251	2.96343732	0	255	0
9.2265625	66251	2.70612478	0	255	0
9.23362446	66251.5	3.22074986	0	255	0
9.24068642	66251.5	2.70612478	0	255	0
9.24774933	66251.5	3.22074986	0	255	0
9.24774933	66251	3.22074986	0	255	0
9.23362446	66251.5	2.70612478	0	255	0
9.24774933	66251.5	2.70612478	0	255	0
9.24774933	66251	2.70612478	0	255	0
9.2265625	66251.5	2.19149995	0	255	0
9.23362446	66251.5	2.70612478	0	255	0
9.2265625	66251	2.70612478	0	255	0
9.21949959	66251.5	2.19149995	0	255	0
9.21949959	66251.5	2.44881248	0	255	0
9.21949959	66251	2.44881248	0	255	0
9.21949959	66251	2.19149995	0	255	0
9.23362446	66251.5	2.19149995	0	255	0
9.21949959	66250	3.22074986	0	255	0
9.23362446	66252	3.22074986	0	255	0
9.23362446	66252	2.96343732	0	255	0
9.24774933	66252	2.96343732	0	255	0
9.21949959	66250	4.25	0	255	0
9.23362446	66251	2.96343732	0	255	0
9.24774933	66251	2.96343732	0	255	0
9.24774933	66251	3.22074986	0	255	0
9.2265625	66250.5	2.44881248	0	255	0
9.2265625	66250.5	2.70612478	0	255	0
9.23362446	66250.5	2.19149995	0	255	0
9.23362446	66250.5	2.44881248	0	255	0
9.2265625	66250	2.19149995	0	255	0
9.23362446	66250	2.44881248	0	255	0
9.2265625	66250	2.44881248	0	255	0
9.23362446	66250.5	3.22074986	0	255	0
9.24068642	66250.5	2.70612478	0	255	0
9.24774933	66250.5	3.22074986	0	255	0
9.23362446	66250.5	2.70612478	0	255	0
9.24774933	66250.5	2.70612478	0	255	0
9.2265625	66250.5	2.19149995	0	255	0
9.23362446	66250.5	2.70612478	0	255	0
9.2265625	66250	2.70612478	0	255	0
9.21949959	66250.5	2.19149995	0	255	0
9.21949959	66250.5	2.44881248	0	255	0
9.21949959	66250	2.44881248	0	255	0
9.21949959	66250	2.19149995	0	255	0
9.23362446	66250.5	2.19149995	0	255	0
9.23362446	66250.5	2.70612478	0	255	0
9.24068642	66250.5	2.19149995	0	255	0
9.24774933	66250.5	2.70612478	0	255	0
9.24774933	66250.5	2.44881248	0	255	0
9.24774933	66250	2.44881248	0	255	0
9.23362446	66250.5	2.19149995	0	255	0
9.24068642	66250	2.19149995	0	255	0
9.24774933	66251.5	2.96343732	0	255	0
9.24774933	66251.5	3.22074986	0	255	0
9.25481224	66251.5	2.70612478	0	255	0
9.25481224	66251.5	2.96343732	0	255	0
9.25481224	66251.5	2.70612478	0	255	0
9.25481224	66251	3.22074986	0	255	0
9.25481224	66251	2.96343732	0	255	0
9.24774933	66251	2.96343732	0	255	0
9.24774933	66250.5	2.44881248	0	255	0
9.24774933	66250.5	2.19149995	0	255	0
9.25481224	66250.5	2.70612478	0	255	0
9.25481224	66250.5	2.44881248	0	255	0
9.25481224	66250.5	2.70612478	0	255	0
9.25481224	66250	2.19149995	0	255	0
9.25481224	66250	2.44881248	0	255	0
9.24774933	66250	2.44881248	0	255	0
9.26187515	66250.5	2.96343732	0	255	0
9.26187515	66250.5	3.22074986	0	255	0
9.26893806	66250.5	2.70612478	0	255	0
9.26893806	66250.5	2.96343732	0	255	0
9.26893806	66250.5	2.70612478	0	255	0
9.26893806	66250	3.22074986	0	255	0
9.26893806	66250	2.96343732	0	255	0
9.26187515	66250	2.96343732	0	255	0
9.24774933	66250.5	2.44881248	0	255	0
9.24774933	66250.5	2.70612478	0	255	0
9.25481224	66250.5	2.19149995	0	255	0
9.25481224	66250.5	2.44881248	0	255	0
9.25481224	66250.5	2.19149995	0	255	0
9.25481224	66250	2.70612478	0	255	0
9.25481224	66250	2.44881248	0	255	0
9.24774933	66250	2.44881248	0	255	0
9.20537472	66253	1.16224992	0	255	0
9.21243668	66253.5	1.93418741	0	255	0
9.21949959	66253.5	1.93418741	0	255	0
9.21949959	66253.5	1.67687488	0	255	0
9.21243668	66253	1.93418741	0	255	0
9.21949959	66253	1.93418741	0	255	0
9.21949959	66253	1.67687488	0	255	0
9.21243668	66253	1.67687488	0	255	0
9.20537472	66254	0.904937446	0	255	0
9.20537472	66254	1.67687488	0	255	0
9.21949959	66254	1.67687488	0	255	0
9.21949959	66254	0.904937446	0	255	0
9.20537472	66253	0.133000001	0	255	0
9.21949959	66253	1.67687488	0	255	0
9.21949959	66253	0.904937446	0	255	0
9.20537472	66253	0.904937446	0	255	0
9.19124985	66252.5	1.16224992	0	255	0
9.19124985	66252.5	1.41956234	0	255	0
9.19831276	66252.5	1.41956234	0	255	0
9.19124985	66252	1.67687488	0	255	0
9.19124985	66252	1.41956234	0	255	0
9.19831276	66252	1.41956234	0	255	0
9.19831276	66252	1.16224992	0	255	0
9.19124985	66252	1.16224992	0	255	0
9.17712498	66254	1.16224992	0	255	0
9.17712498	66254	0.904937446	0	255	0
9.19124985	66254	0.904937446	0	255	0
9.19124985	66254	0.133000001	0	255	0
9.17712498	66253	0.904937446	0	255	0
9.19124985	66253	0.904937446	0	255	0
9.19124985	66253	1.16224992	0	255	0
9.17712498	66253	0.647624969	0	255	0
9.17712498	66252.5	0.133000001	0	255	0
9.17712498	66252.5	0.390312493	0	255	0
9.17712498	66252	0.390312493	0	255	0
9.17712498	66252	0.133000001	0	255	0
9.19124985	66252.5	0.390312493	0	255	0
9.19124985	66252.5	0.133000001	0	255	0
9.19124985	66252	0.390312493	0	255	0
9.16300011	66250	2.19149995	0	255	0
9.20537472	66254	1.16224992	0	255	0
9.20537472	66254	1.41956234	0	255	0
9.21949959	66254	1.41956234	0	255	0
9.16300011	66250	4.25	0	255	0
9.20537472	66253	1.41956234	0	255	0
9.21949959	66253	1.41956234	0	255	0
9.21949959	66253	1.16224992	0	255	0
9.19124985	66252	1.67687488	0	255	0
9.21243668	66251.5	1.67687488	0	255	0
9.21949959	66251.5	2.19149995	0	255	0
9.21243668	66251	2.19149995	0	255	0
9.21949959	66251	2.19149995	0	255	0
9.20537472	66251	1.16224992	0	255	0
9.21949959	66251.5	1.67687488	0	255	0
9.21949959	66251	1.67687488	0	255	0
9.21243668	66251	1.67687488	0	255	0
9.20537472	66252	2.19149995	0	255	0
9.20537472	66252	1.93418741	0	255	0
9.21949959	66252	1.93418741	0	255	0
9.21949959	66252	1.16224992	0	255	0
9.20537472	66251	1.93418741	0	255	0
9.21949959	66251	1.93418741	0	255	0
9.21949959	66251	2.19149995	0	255	0
9.20537472	66251	1.67687488	0	255	0
9.19124985	66250.5	1.41956234	0	255	0
9.19124985	66250.5	1.16224992	0	255	0
9.19831276	66250.5	1.67687488	0	255	0
9.19831276	66250.5	1.41956234	0	255	0
9.19831276	66250.5	1.67687488	0	255	0
9.19831276	66250	1.16224992	0	255	0
9.19831276	66250	1.41956234	0	255	0
9.19124985	66250	1.41956234	0	255	0
9.20537472	66250.5	2.19149995	0	255	0
9.21243668	66250.5	1.67687488	0	255	0
9.21243668	66250.5	1.67687488	0	255	0
9.21243668	66250	2.19149995	0	255	0
9.20537472	66250.5	1.67687488	0	255	0
9.21949959	66250.5	1.93418741	0	255	0
9.21949959	66250.5	1.67687488	0	255	0
9.21949959	66250	1.93418741	0	255	0
9.19831276	66250.5	1.16224992	0	255	0
9.20537472	66250.5	1.67687488	0	255	0
9.19831276	66250	1.67687488	0	255	0
9.19124985	66250	1.67687488	0	255	0
9.20537472	66250.5	1.16224992	0	255	0
9.19831276	66250	1.16224992	0	255	0
9.20537472	66250.5	1.67687488	0	255	0
9.21243668	66250.5	1.16224992	0	255	0
9.21949959	66250.5	1.67687488	0	255	0
9.20537472	66250.5	1.16224992	0	255	0
9.21949959	66250.5	1.16224992	0	255	0
9.21949959	66250	1.16224992	0	255	0
9.16300011	66251	0.647624969	0	255	0
9.17006302	66251.5	0.390312493	0	255	0
9.17712498	66251.5	0.390312493	0	255	0
9.17712498	66251.5	0.133000001	0	255	0
9.17006302	66251	0.390312493	0	255	0
9.17712498	66251	0.390312493	0	255	0
9.16300011	66250	1.16224992	0	255	0
9.17006302	66251	0.133000001	0	255	0
9.17712498	66250.5	0.904937446	0	255	0
9.17712498	66250.5	1.16224992	0	255	0
9.18418694	66250.5	0.647624969	0	255	0
9.18418694	66250.5	0.647624969	0	255	0
9.18418694	66250	1.16224992	0	255	0
9.17712498	66250	0.904937446	0	255	0
9.17712498	66250	1.16224992	0	255	0
9.19124985	66250.5	0.904937446	0	255	0
9.19124985	66250.5	0.647624969	0	255	0
9.19124985	66250	0.904937446	0	255	0
9.18418694	66250	0.647624969	0	255	0
9.16300011	66250.5	0.133000001	0	255	0
9.16300011	66250.5	0.390312493	0	255	0
9.17006302	66250.5	0.390312493	0	255	0
9.16300011	66250	0.647624969	0	255	0
9.16300011	66250	0.390312493	0	255	0
9.17006302	66250	0.390312493	0	255	0
9.17006302	66250	0.133000001	0	255	0
9.16300011	66250	0.133000001	0	255	0
9.17712498	66250.5	0.647624969	0	255	0
9.18418694	66250.5	0.133000001	0	255	0
9.19124985	66250.5	0.647624969	0	255	0
9.17712498	66250.5	0.133000001	0	255	0
9.17712498	66250	0.133000001	0	255	0
9.19124985	66250.5	0.133000001	0	255	0
9.20537472	66251.5	0.904937446	0	255	0
9.20537472	66251.5	1.16224992	0	255	0
9.21243668	66251.5	0.647624969	0	255	0
9.20537472	66251	0.904937446	0	255	0
9.21949959	66251.5	1.16224992	0	255	0
9.21949959	66251.5	0.904937446	0	255	0
9.21949959	66251	1.16224992	0	255	0
9.21949959	66251	0.904937446	0	255	0
9.19124985	66251.5	0.133000001	0	255	0
9.19124985	66251.5	0.390312493	0	255	0
9.19124985	66251	0.390312493	0	255	0
9.19124985	66251	0.133000001	0	255	0
9.20537472	66251.5	0.390312493	0	255	0
9.20537472	66251.5	0.133000001	0	255	0
9.20537472	66251	0.390312493	0	255	0
9.19124985	66250	1.16224992	0	255	0
9.19124985	66250.5	0.390312493	0	255	0
9.19124985	66250.5	0.133000001	0	255	0
9.19831276	66250.5	0.647624969	0	255	0
9.19124985	66250	0.390312493	0	255	0
9.20537472	66250.5	0.133000001	0	255	0
9.20537472	66250.5	0.390312493	0	255	0
9.20537472	66250	0.390312493	0	255	0
9.20537472	66250.5	1.16224992	0	255	0
9.21243668	66250.5	0.647624969	0	255	0
9.21243668	66250.5	0.647624969	0	255	0
9.21243668	66250	1.16224992	0	255	0
9.20537472	66250.5	0.647624969	0	255	0
9.21243668	66250	0.647624969	0	255	0
9.19124985	66250.5	0.647624969	0	255	0
9.19831276	66250.5	0.133000001	0	255	0
9.20537472	66250.5	0.647624969	0	255	0
9.20537472	66250.5	0.390312493	0	255	0
9.20537472	66250	0.390312493	0	255	0
9.19124985	66250.5	0.133000001	0	255	0
9.19124985	66250	0.647624969	0	255	0
9.19831276	66250	0.133000001	0	255	0
9.21949959	66253	2.19149995	0	255	0
9.2265625	66253.5	1.93418741	0	255	0
9.23362446	66253.5	1.93418741	0	255	0
9.23362446	66253.5	1.67687488	0	255	0
9.2265625	66253	1.93418741	0	255	0
9.23362446	66253	1.93418741	0	255	0
9.2265625	66253	1.67687488	0	255	0
9.23362446	66253.5	1.67687488	0	255	0
9.23362446	66253.5	1.93418741	0	255	0
9.24068642	66253.5	1.93418741	0	255	0
9.23362446	66253	1.16224992	0	255	0
9.23362446	66253	1.93418741	0	255	0
9.24068642	66253	1.93418741	0	255	0
9.24068642	66253	1.67687488	0	255	0
9.21949959	66253.5	1.16224992	0	255	0
9.21949959	66253.5	1.41956234	0	255	0
9.2265625	66253.5	1.41956234	0	255	0
9.21949959	66253	1.67687488	0	255	0
9.21949959	66253	1.41956234	0	255	0
9.2265625	66253	1.41956234	0	255	0
9.2265625	66253	1.16224992	0	255	0
9.21949959	66253	1.16224992	0	255	0
9.21949959	66252.5	1.41956234	0	255	0
9.21949959	66252.5	1.16224992	0	255	0
9.2265625	66252.5	1.67687488	0	255	0
9.21949959	66252	1.41956234	0	255	0
9.23362446	66252.5	1.16224992	0	255	0
9.23362446	66252.5	1.41956234	0	255	0
9.23362446	66252	2.19149995	0	255	0
9.23362446	66252	1.41956234	0	255	0
9.2265625	66252.5	1.16224992	0	255	0
9.23362446	66252.5	1.67687488	0	255	0
9.2265625	66252	1.67687488	0	255	0
9.23362446	66252	1.67687488	0	255	0
9.21949959	66252.5	1.16224992	0	255	0
9.21949959	66252.5	1.41956234	0	255	0
9.21949959	66252	1.41956234	0	255	0
9.21949959	66252	1.16224992	0	255	0
9.23362446	66252.5	1.16224992	0	255	0
9.23362446	66252	1.16224992	0	255	0
9.23362446	66252.5	1.41956234	0	255	0
9.23362446	66252.5	1.67687488	0	255	0
9.24068642	66252.5	1.16224992	0	255	0
9.24068642	66252.5	1.41956234	0	255	0
9.24068642	66252.5	1.16224992	0	255	0
9.24068642	66252	1.67687488	0	255	0
9.24068642	66252	1.41956234	0	255	0
9.23362446	66252	1.41956234	0	255	0
9.21949959	66251.5	0.390312493	0	255	0
9.21949959	66251.5	0.133000001	0	255	0
9.2265625	66251.5	0.647624969	0	255	0
9.21949959	66251	0.390312493	0	255	0
9.23362446	66251.5	0.133000001	0	255	0
9.23362446	66251.5	0.390312493	0	255	0
9.23362446	66251	1.16224992	0	255	0
9.23362446	66251	0.390312493	0	255	0
9.21949959	66250.5	0.904937446	0	255	0
9.21949959	66250.5	1.16224992	0	255	0
9.2265625	66250.5	0.647624969	0	255	0
9.21949959	66250	0.904937446	0	255	0
9.23362446	66250.5	1.16224992	0	255	0
9.23362446	66250.5	0.904937446	0	255	0
9.23362446	66250	0.133000001	0	255	0
9.23362446	66250	0.904937446	0	255	0
9.23362446	66250.5	0.390312493	0	255	0
9.23362446	66250.5	0.133000001	0	255	0
9.24068642	66250.5	0.647624969	0	255	0
9.24068642	66250.5	0.390312493	0	255	0
9.24068642	66250.5	0.647624969	0	255	0
9.24068642	66250	0.133000001	0	255	0
9.24068642	66250	0.390312493	0	255	0
9.23362446	66250	0.390312493	0	255	0
