-3.25662494	69890.5	3.07575011	0	255	0
-3.23624992	69890.5	4.24700022	0	255	0
-3.25662494	69890.5	3.66137505	0	255	0
-3.23624992	69890.5	3.66137505	0	255	0
-3.24643755	69889.75	3.66137505	0	255	0
-3.25662494	69889	3.66137505	0	255	0
-3.24643755	69889.75	3.3685627	0	255	0
-3.24643755	69889.75	3.07575011	0	255	0
-3.23624992	69889.75	3.66137505	0	255	0
-3.23624992	69889.75	3.3685627	0	255	0
-3.24643755	69889	3.66137505	0	255	0
-3.23624992	69889	3.3685627	0	255	0
-3.24643755	69889	3.3685627	0	255	0
-3.23624992	69890.5	3.3685627	0	255	0
-3.23624992	69890.5	4.24700022	0	255	0
-3.2260623	69890.5	3.07575011	0	255	0
-3.2260623	69890.5	3.3685627	0	255	0
-3.2260623	69889.75	3.66137505	0	255	0
-3.2260623	69889	3.07575011	0	255	0
-3.2260623	69889	3.3685627	0	255	0
-3.23624992	69889	3.3685627	0	255	0
-3.23624992	69890.5	3.66137505	0	255	0
-3.2260623	69890.5	3.66137505	0	255	0
-3.23624992	69890.5	3.07575011	0	255	0
-3.21587491	69890.5	3.3685627	0	255	0
-3.2260623	69889.75	3.07575011	0	255	0
-3.2260623	69889	3.66137505	0	255	0
-3.21587491	69889	3.3685627	0	255	0
-3.21587491	69889	3.07575011	0	255	0
-3.23624992	69890.5	3.07575011	0	255	0
-3.23624992	69890.5	3.3685627	0	255	0
-3.23624992	69889	3.3685627	0	255	0
-3.1954999	69890.5	3.3685627	0	255	0
-3.1954999	69890.5	3.07575011	0	255	0
-3.1954999	69889	3.3685627	0	255	0
-3.1954999	69889	4.24700022	0	255	0
-3.26681232	69888.25	2.19731259	0	255	0
-3.26681232	69888.25	2.49012518	0	255	0
-3.25662494	69888.25	1.90450001	0	255	0
-3.25662494	69888.25	2.19731259	0	255	0
-3.26681232	69887.5	1.90450001	0	255	0
-3.25662494	69887.5	2.19731259	0	255	0
-3.26681232	69887.5	2.19731259	0	255	0
-3.25662494	69888.25	2.19731259	0	255	0
-3.25662494	69888.25	1.90450001	0	255	0
-3.24643755	69888.25	2.49012518	0	255	0
-3.25662494	69887.5	2.19731259	0	255	0
-3.23624992	69888.25	1.90450001	0	255	0
-3.23624992	69888.25	2.19731259	0	255	0
-3.23624992	69887.5	2.19731259	0	255	0
-3.26681232	69887.5	2.78293753	0	255	0
-3.26681232	69887.5	3.07575011	0	255	0
-3.25662494	69887.5	2.78293753	0	255	0
-3.27699995	69886.75	2.78293753	0	255	0
-3.27699995	69886.75	3.07575011	0	255	0
-3.26681232	69886.75	2.49012518	0	255	0
-3.27699995	69886	2.78293753	0	255	0
-3.25662494	69886	1.90450001	0	255	0
-3.25662494	69886	2.78293753	0	255	0
-3.25662494	69887.5	2.19731259	0	255	0
-3.23624992	69887.5	2.19731259	0	255	0
-3.24643755	69886.75	2.49012518	0	255	0
-3.25662494	69886	2.19731259	0	255	0
-3.23624992	69886	4.24700022	0	255	0
-3.23624992	69886	2.19731259	0	255	0
-3.2260623	69888.25	2.78293753	0	255	0
-3.21587491	69888.25	2.78293753	0	255	0
-3.21587491	69888.25	2.49012518	0	255	0
-3.2260623	69887.5	2.78293753	0	255	0
-3.21587491	69887.5	2.78293753	0	255	0
-3.2260623	69887.5	2.49012518	0	255	0
-3.21587491	69888.25	2.49012518	0	255	0
-3.21587491	69888.25	2.78293753	0	255	0
-3.20568752	69888.25	2.78293753	0	255	0
-3.21587491	69887.5	2.78293753	0	255	0
-3.20568752	69887.5	2.78293753	0	255	0
-3.20568752	69887.5	2.49012518	0	255	0
-3.21587491	69889	3.07575011	0	255	0
-3.21587491	69889	2.78293753	0	255	0
-3.1954999	69889	2.78293753	0	255	0
-3.1954999	69889	1.90450001	0	255	0
-3.21587491	69887.5	2.78293753	0	255	0
-3.1954999	69887.5	2.78293753	0	255	0
-3.1954999	69887.5	3.07575011	0	255	0
-3.23624992	69887.5	2.19731259	0	255	0
-3.21587491	69887.5	2.19731259	0	255	0
-3.2260623	69886.75	2.49012518	0	255	0
-3.23624992	69886	2.19731259	0	255	0
-3.21587491	69886	3.07575011	0	255	0
-3.21587491	69886	2.19731259	0	255	0
-3.23624992	69886	3.07575011	0	255	0
-3.21587491	69887.5	2.19731259	0	255	0
-3.20568752	69887.5	2.19731259	0	255	0
-3.20568752	69887.5	1.90450001	0	255	0
-3.21587491	69886	2.19731259	0	255	0
-3.21587491	69886	1.90450001	0	255	0
-3.1954999	69886.75	2.19731259	0	255	0
-3.1954999	69886.75	1.90450001	0	255	0
-3.1954999	69886	2.19731259	0	255	0
-3.1954999	69890.5	2.49012518	0	255	0
-3.18531227	69890.5	2.49012518	0	255	0
-3.1954999	69890.5	1.90450001	0	255	0
-3.18531227	69890.5	1.90450001	0	255	0
-3.18531227	69889.75	1.90450001	0	255	0
-3.18531227	69889	2.49012518	0	255	0
-3.1954999	69889	1.90450001	0	255	0
-3.17512488	69889.75	2.19731259	0	255	0
-3.17512488	69889.75	1.90450001	0	255	0
-3.17512488	69889	2.19731259	0	255	0
-3.17512488	69889	1.90450001	0	255	0
-3.1954999	69890.5	1.90450001	0	255	0
-3.1954999	69890.5	2.19731259	0	255	0
-3.1954999	69889	2.19731259	0	255	0
-3.15474987	69890.5	2.19731259	0	255	0
-3.15474987	69890.5	1.90450001	0	255	0
-3.15474987	69889	2.19731259	0	255	0
-3.15474987	69892	3.07575011	0	255	0
-3.15474987	69892	2.78293753	0	255	0
-3.11400008	69892	2.78293753	0	255	0
-3.11400008	69892	-0.437999994	0	255	0
-3.15474987	69889	2.78293753	0	255	0
-3.11400008	69889	2.78293753	0	255	0
-3.11400008	69889	3.07575011	0	255	0
-3.15474987	69889	2.49012518	0	255	0
-3.1954999	69889	2.19731259	0	255	0
-3.15474987	69889	2.19731259	0	255	0
-3.1954999	69886	2.19731259	0	255	0
-3.15474987	69886	2.19731259	0	255	0
-3.15474987	69889	2.19731259	0	255	0
-3.11400008	69889	2.19731259	0	255	0
-3.11400008	69889	1.90450001	0	255	0
-3.15474987	69886	2.19731259	0	255	0
-3.11400008	69886	2.19731259	0	255	0
-3.11400008	69886	4.24700022	0	255	0
-3.27699995	69885.25	-0.145187497	0	255	0
-3.27699995	69885.25	-0.437999994	0	255	0
-3.26681232	69885.25	0.147624999	0	255	0
-3.27699995	69884.5	-0.145187497	0	255	0
-3.25662494	69885.25	-0.437999994	0	255	0
-3.25662494	69885.25	-0.145187497	0	255	0
-3.25662494	69884.5	-0.145187497	0	255	0
-3.25662494	69885.25	-0.145187497	0	255	0
-3.25662494	69885.25	-0.437999994	0	255	0
-3.24643755	69885.25	0.147624999	0	255	0
-3.25662494	69884.5	-0.145187497	0	255	0
-3.23624992	69885.25	-0.437999994	0	255	0
-3.23624992	69885.25	-0.145187497	0	255	0
-3.23624992	69884.5	-0.145187497	0	255	0
-3.27699995	69884.5	0.440437496	0	255	0
-3.27699995	69884.5	-0.437999994	0	255	0
-3.27699995	69883.75	0.733250022	0	255	0
-3.27699995	69883.75	0.440437496	0	255	0
-3.25662494	69884.5	0.440437496	0	255	0
-3.26681232	69883	0.733250022	0	255	0
-3.25662494	69883	-0.437999994	0	255	0
-3.25662494	69883	0.440437496	0	255	0
-3.26681232	69883	0.440437496	0	255	0
-3.25662494	69884.5	-0.145187497	0	255	0
-3.23624992	69884.5	-0.145187497	0	255	0
-3.24643755	69883.75	0.147624999	0	255	0
-3.25662494	69883	-0.145187497	0	255	0
-3.23624992	69883	1.90450001	0	255	0
-3.23624992	69883	-0.145187497	0	255	0
-3.23624992	69885.25	-0.145187497	0	255	0
-3.23624992	69885.25	-0.437999994	0	255	0
-3.2260623	69885.25	0.147624999	0	255	0
-3.23624992	69884.5	-0.145187497	0	255	0
-3.21587491	69885.25	-0.437999994	0	255	0
-3.21587491	69885.25	-0.145187497	0	255	0
-3.21587491	69884.5	-0.145187497	0	255	0
-3.21587491	69885.25	-0.145187497	0	255	0
-3.21587491	69885.25	-0.437999994	0	255	0
-3.20568752	69885.25	0.147624999	0	255	0
-3.21587491	69884.5	-0.145187497	0	255	0
-3.1954999	69885.25	-0.437999994	0	255	0
-3.1954999	69885.25	-0.145187497	0	255	0
-3.1954999	69884.5	-0.145187497	0	255	0
-3.23624992	69884.5	0.440437496	0	255	0
-3.23624992	69884.5	-0.437999994	0	255	0
-3.2260623	69884.5	0.733250022	0	255	0
-3.2260623	69884.5	0.440437496	0	255	0
-3.2260623	69883.75	0.147624999	0	255	0
-3.23624992	69883	0.440437496	0	255	0
-3.21587491	69883.75	0.733250022	0	255	0
-3.21587491	69883.75	0.440437496	0	255	0
-3.21587491	69883	-0.437999994	0	255	0
-3.21587491	69883	0.440437496	0	255	0
-3.21587491	69884.5	-0.145187497	0	255	0
-3.1954999	69884.5	-0.145187497	0	255	0
-3.1954999	69883.75	-0.437999994	0	255	0
-3.1954999	69883.75	-0.145187497	0	255	0
-3.20568752	69883.75	0.147624999	0	255	0
-3.20568752	69883	-0.437999994	0	255	0
-3.20568752	69883	-0.145187497	0	255	0
-3.21587491	69883	-0.145187497	0	255	0
-3.26681232	69882.25	1.61168754	0	255	0
-3.26681232	69882.25	1.31887507	0	255	0
-3.25662494	69882.25	1.90450001	0	255	0
-3.25662494	69882.25	1.61168754	0	255	0
-3.26681232	69881.5	1.90450001	0	255	0
-3.25662494	69881.5	0.733250022	0	255	0
-3.25662494	69881.5	1.61168754	0	255	0
-3.26681232	69881.5	1.61168754	0	255	0
-3.25662494	69882.25	1.61168754	0	255	0
-3.25662494	69882.25	1.90450001	0	255	0
-3.24643755	69882.25	1.31887507	0	255	0
-3.25662494	69881.5	1.61168754	0	255	0
-3.23624992	69882.25	1.90450001	0	255	0
-3.23624992	69882.25	1.61168754	0	255	0
-3.23624992	69881.5	1.90450001	0	255	0
-3.23624992	69881.5	1.61168754	0	255	0
-3.23624992	69882.25	-0.145187497	0	255	0
-3.23624992	69882.25	-0.437999994	0	255	0
-3.2260623	69882.25	0.147624999	0	255	0
-3.23624992	69881.5	-0.145187497	0	255	0
-3.21587491	69882.25	-0.437999994	0	255	0
-3.21587491	69882.25	-0.145187497	0	255	0
-3.21587491	69881.5	0.733250022	0	255	0
-3.21587491	69881.5	-0.145187497	0	255	0
-3.21587491	69882.25	-0.145187497	0	255	0
-3.21587491	69882.25	-0.437999994	0	255	0
-3.20568752	69882.25	0.147624999	0	255	0
-3.21587491	69881.5	-0.145187497	0	255	0
-3.1954999	69882.25	-0.437999994	0	255	0
-3.1954999	69882.25	-0.145187497	0	255	0
-3.1954999	69881.5	-0.437999994	0	255	0
-3.1954999	69881.5	-0.145187497	0	255	0
-3.1954999	69882.25	1.90450001	0	255	0
-3.1954999	69882.25	2.19731259	0	255	0
-3.18531227	69882.25	2.19731259	0	255	0
-3.1954999	69881.5	2.49012518	0	255	0
-3.1954999	69881.5	2.19731259	0	255	0
-3.18531227	69881.5	2.19731259	0	255	0
-3.18531227	69881.5	1.90450001	0	255	0
-3.1954999	69881.5	1.90450001	0	255	0
-3.21587491	69884.5	1.61168754	0	255	0
-3.21587491	69884.5	0.733250022	0	255	0
-3.21587491	69883.75	1.90450001	0	255	0
-3.21587491	69883.75	1.61168754	0	255	0
-3.1954999	69884.5	1.90450001	0	255	0
-3.20568752	69884.5	1.31887507	0	255	0
-3.1954999	69884.5	1.31887507	0	255	0
-3.1954999	69883.75	1.31887507	0	255	0
-3.21587491	69883	1.90450001	0	255	0
-3.20568752	69883	1.90450001	0	255	0
-3.1954999	69883	1.90450001	0	255	0
-3.1954999	69883	1.61168754	0	255	0
-3.20568752	69883	1.61168754	0	255	0
-3.20568752	69881.5	1.61168754	0	255	0
-3.20568752	69881.5	1.90450001	0	255	0
-3.1954999	69881.5	1.90450001	0	255	0
-3.1954999	69881.5	1.61168754	0	255	0
-3.20568752	69880.75	1.31887507	0	255	0
-3.1954999	69880.75	1.90450001	0	255	0
-3.1954999	69880.75	1.61168754	0	255	0
-3.20568752	69880.75	1.61168754	0	255	0
-3.1954999	69885.25	1.31887507	0	255	0
-3.1954999	69885.25	1.61168754	0	255	0
-3.18531227	69885.25	1.61168754	0	255	0
-3.1954999	69884.5	1.61168754	0	255	0
-3.18531227	69884.5	1.61168754	0	255	0
-3.18531227	69884.5	1.31887507	0	255	0
-3.1954999	69884.5	1.31887507	0	255	0
-3.1954999	69884.5	1.02606249	0	255	0
-3.17512488	69884.5	0.733250022	0	255	0
-3.17512488	69884.5	1.02606249	0	255	0
-3.18531227	69883.75	1.31887507	0	255	0
-3.1954999	69883	1.02606249	0	255	0
-3.17512488	69883	1.90450001	0	255	0
-3.17512488	69883	1.02606249	0	255	0
-3.18531227	69883.75	1.02606249	0	255	0
-3.18531227	69883.75	0.733250022	0	255	0
-3.17512488	69883.75	1.31887507	0	255	0
-3.17512488	69883.75	1.02606249	0	255	0
-3.18531227	69883	1.31887507	0	255	0
-3.17512488	69883	1.31887507	0	255	0
-3.17512488	69883	1.02606249	0	255	0
-3.18531227	69883	1.02606249	0	255	0
-3.17512488	69883.75	1.02606249	0	255	0
-3.17512488	69883.75	1.31887507	0	255	0
-3.1649375	69883.75	0.733250022	0	255	0
-3.1649375	69883.75	1.02606249	0	255	0
-3.1649375	69883.75	0.733250022	0	255	0
-3.1649375	69883	1.31887507	0	255	0
-3.1649375	69883	1.02606249	0	255	0
-3.17512488	69883	1.02606249	0	255	0
-3.17512488	69885.25	0.440437526	0	255	0
-3.17512488	69885.25	0.733250022	0	255	0
-3.1649375	69885.25	0.147625029	0	255	0
-3.17512488	69884.5	0.440437526	0	255	0
-3.15474987	69885.25	0.733250022	0	255	0
-3.15474987	69885.25	0.440437526	0	255	0
-3.15474987	69884.5	0.440437526	0	255	0
-3.17512488	69884.5	0.440437526	0	255	0
-3.17512488	69884.5	-0.437999994	0	255	0
-3.17512488	69883.75	0.733250022	0	255	0
-3.17512488	69883.75	0.440437526	0	255	0
-3.15474987	69883.75	0.733250022	0	255	0
-3.1649375	69884.5	0.147625029	0	255	0
-3.1649375	69883	0.440437526	0	255	0
-3.15474987	69883	0.440437526	0	255	0
-3.1649375	69883	0.147625029	0	255	0
-3.1649375	69884.5	-0.145187497	0	255	0
-3.1649375	69884.5	0.147625029	0	255	0
-3.15474987	69884.5	-0.145187497	0	255	0
-3.1649375	69883	0.147625029	0	255	0
-3.15474987	69883	-0.145187497	0	255	0
-3.1649375	69883	-0.145187497	0	255	0
-3.15474987	69886	1.90450001	0	255	0
-3.15474987	69886	1.02606249	0	255	0
-3.11400008	69886	1.02606249	0	255	0
-3.11400008	69886	-0.437999994	0	255	0
-3.11400008	69884.5	1.02606249	0	255	0
-3.11400008	69884.5	0.733250022	0	255	0
-3.15474987	69883	1.02606249	0	255	0
-3.1343751	69883	1.02606249	0	255	0
-3.1343751	69883	0.733250022	0	255	0
-3.15474987	69883	0.733250022	0	255	0
-3.1954999	69882.25	-0.145187497	0	255	0
-3.1954999	69882.25	-0.437999994	0	255	0
-3.18531227	69882.25	0.147624999	0	255	0
-3.1954999	69881.5	-0.145187497	0	255	0
-3.17512488	69882.25	-0.437999994	0	255	0
-3.17512488	69882.25	-0.145187497	0	255	0
-3.17512488	69881.5	-0.145187497	0	255	0
-3.17512488	69882.25	-0.145187497	0	255	0
-3.17512488	69882.25	-0.437999994	0	255	0
-3.1649375	69882.25	0.147624999	0	255	0
-3.17512488	69881.5	-0.145187497	0	255	0
-3.15474987	69882.25	-0.437999994	0	255	0
-3.15474987	69882.25	-0.145187497	0	255	0
-3.15474987	69881.5	-0.145187497	0	255	0
-3.1954999	69881.5	0.440437496	0	255	0
-3.1954999	69881.5	-0.437999994	0	255	0
-3.1954999	69880.75	0.733250022	0	255	0
-3.1954999	69880.75	0.440437496	0	255	0
-3.17512488	69881.5	0.440437496	0	255	0
-3.17512488	69880.75	0.733250022	0	255	0
-3.17512488	69880.75	0.440437496	0	255	0
-3.17512488	69881.5	-0.145187497	0	255	0
-3.17512488	69880.75	-0.437999994	0	255	0
-3.17512488	69880.75	-0.145187497	0	255	0
-3.15474987	69881.5	-0.145187497	0	255	0
-3.15474987	69880.75	-0.437999994	0	255	0
-3.15474987	69880.75	-0.145187497	0	255	0
-3.1649375	69882.25	0.440437526	0	255	0
-3.1649375	69882.25	0.147625029	0	255	0
-3.15474987	69882.25	0.733250022	0	255	0
-3.15474987	69882.25	0.440437526	0	255	0
-3.1649375	69881.5	0.733250022	0	255	0
-3.15474987	69881.5	0.440437526	0	255	0
-3.1649375	69881.5	0.440437526	0	255	0
-3.1649375	69881.5	0.733250022	0	255	0
-3.1649375	69880.75	0.147625029	0	255	0
-3.15474987	69880.75	0.733250022	0	255	0
-3.1649375	69881.5	0.147625029	0	255	0
-3.15474987	69881.5	0.147625029	0	255	0
-3.15474987	69880.75	0.147625029	0	255	0
-3.17512488	69880	0.733250022	0	255	0
-3.15474987	69882.25	0.733250022	0	255	0
-3.14456248	69882.25	0.147625029	0	255	0
-3.14456248	69882.25	0.147625029	0	255	0
-3.14456248	69881.5	0.733250022	0	255	0
-3.15474987	69882.25	0.147625029	0	255	0
-3.15474987	69881.5	0.147625029	0	255	0
-3.1343751	69882.25	0.440437526	0	255	0
-3.1343751	69882.25	0.147625029	0	255	0
-3.1343751	69881.5	0.440437526	0	255	0
-3.15474987	69882.25	-0.145187497	0	255	0
-3.15474987	69882.25	0.147625029	0	255	0
-3.14456248	69882.25	-0.437999994	0	255	0
-3.15474987	69881.5	-0.145187497	0	255	0
-3.1343751	69882.25	0.147625029	0	255	0
-3.1343751	69882.25	-0.145187497	0	255	0
-3.1343751	69881.5	-0.145187497	0	255	0
-3.1343751	69883	0.733250022	0	255	0
-3.1343751	69883	0.440437526	0	255	0
-3.11400008	69883	0.440437526	0	255	0
-3.11400008	69883	-0.437999994	0	255	0
-3.1343751	69881.5	0.440437526	0	255	0
-3.11400008	69881.5	0.440437526	0	255	0
-3.11400008	69881.5	0.733250022	0	255	0
-3.15474987	69881.5	-0.145187467	0	255	0
-3.15474987	69880.75	-0.437999994	0	255	0
-3.15474987	69880.75	-0.145187467	0	255	0
-3.1343751	69881.5	-0.437999994	0	255	0
-3.1343751	69881.5	-0.145187467	0	255	0
-3.1343751	69880.75	-0.437999994	0	255	0
-3.1343751	69880.75	-0.145187467	0	255	0
-3.14456248	69881.5	-0.145187497	0	255	0
-3.14456248	69881.5	0.147625029	0	255	0
-3.1343751	69881.5	-0.145187497	0	255	0
-3.14456248	69880.75	-0.437999994	0	255	0
-3.1343751	69880.75	0.147625029	0	255	0
-3.15474987	69880.75	-0.437999994	0	255	0
-3.15474987	69880.75	-0.145187497	0	255	0
-3.15474987	69880	-0.145187497	0	255	0
-3.15474987	69880	-0.437999994	0	255	0
-3.1343751	69880.75	-0.437999994	0	255	0
-3.1343751	69880	-0.145187497	0	255	0
-3.1343751	69880	-0.437999994	0	255	0
-3.12418747	69881.5	0.147625029	0	255	0
-3.1343751	69880.75	0.147625029	0	255	0
-3.12418747	69880.75	-0.437999994	0	255	0
-3.15474987	69880	0.733250022	0	255	0
-3.1343751	69880.75	-0.437999994	0	255	0
-3.11400008	69881.5	-0.145187497	0	255	0
-3.11400008	69881.5	-0.437999994	0	255	0
-3.11400008	69880.75	-0.145187497	0	255	0
-3.11400008	69880.75	-0.437999994	0	255	0
