-3.96812487	6.7871995	4.220438	0	255	0
-3.96812487	6.7871995	4.24900007	0	255	0
-3.95924997	6.7871995	4.24900007	0	255	0
-3.95924997	6.7871995	4.220438	0	255	0
-3.96812487	6.78688717	4.19187546	0	255	0
-3.95924997	6.78688717	4.24900007	0	255	0
-3.977	6.78657436	4.24900007	0	255	0
-3.95924997	6.78688717	4.19187546	0	255	0
-3.96812487	6.78657436	4.220438	0	255	0
-3.95924997	6.78657436	4.220438	0	255	0
-3.96812487	6.78657436	4.19187546	0	255	0
-3.95924997	6.7871995	4.220438	0	255	0
-3.94150019	6.7871995	4.220438	0	255	0
-3.94150019	6.7871995	4.19187546	0	255	0
-3.95924997	6.78657436	4.220438	0	255	0
-3.94150019	6.78657436	4.220438	0	255	0
-3.96812487	6.7871995	4.19187546	0	255	0
-3.96812487	6.7871995	4.13475037	0	255	0
-3.95924997	6.7871995	4.13475037	0	255	0
-3.96812487	6.78657436	4.19187546	0	255	0
-3.96812487	6.78657436	4.13475037	0	255	0
-3.95924997	6.7871995	4.24900007	0	255	0
-3.95924997	6.7871995	4.220438	0	255	0
-3.94150019	6.7871995	4.220438	0	255	0
-3.94150019	6.7871995	4.13475037	0	255	0
-3.95924997	6.78657436	4.220438	0	255	0
-3.94150019	6.78657436	4.220438	0	255	0
-3.94150019	6.78657436	4.24900007	0	255	0
-3.96812487	6.78657436	4.16331291	0	255	0
-3.96812487	6.78657436	4.13475037	0	255	0
-3.95924997	6.78657436	4.16331291	0	255	0
-3.96812487	6.78626204	4.19187546	0	255	0
-3.95924997	6.78626204	4.13475037	0	255	0
-3.95924997	6.78626204	4.16331291	0	255	0
-3.96812487	6.78626204	4.16331291	0	255	0
-3.95924997	6.78657436	4.220438	0	255	0
-3.95924997	6.78626204	4.220438	0	255	0
-3.95924997	6.78626204	4.19187546	0	255	0
-3.94150019	6.78657436	4.220438	0	255	0
-3.95037508	6.78626204	4.19187546	0	255	0
-3.94150019	6.78626204	4.24900007	0	255	0
-3.95037508	6.78594971	4.24900007	0	255	0
-3.95037508	6.78594971	4.19187546	0	255	0
-3.96812487	6.78657436	4.16331291	0	255	0
-3.96812487	6.78657436	4.19187546	0	255	0
-3.95924997	6.78657436	4.16331291	0	255	0
-3.96812487	6.78626204	4.13475037	0	255	0
-3.95924997	6.78626204	4.19187546	0	255	0
-3.95924997	6.78626204	4.16331291	0	255	0
-3.96812487	6.78626204	4.16331291	0	255	0
-3.95924997	6.78626204	4.19187546	0	255	0
-3.95924997	6.78626204	4.13475037	0	255	0
-3.94150019	6.78657436	4.13475037	0	255	0
-3.95037508	6.78594971	4.19187546	0	255	0
-3.95037508	6.78594971	4.13475037	0	255	0
-3.94150019	6.78657436	4.16331291	0	255	0
-3.94150019	6.78657436	4.24900007	0	255	0
-3.93262529	6.78657436	4.13475037	0	255	0
-3.93262529	6.78657436	4.16331291	0	255	0
-3.93262529	6.78626204	4.19187546	0	255	0
-3.94150019	6.78594971	4.16331291	0	255	0
-3.92375016	6.78626204	4.13475037	0	255	0
-3.92375016	6.78626204	4.16331291	0	255	0
-3.92375016	6.78594971	4.16331291	0	255	0
-3.92375016	6.78626204	4.19187546	0	255	0
-3.92375016	6.78626204	4.220438	0	255	0
-3.91487503	6.78626204	4.220438	0	255	0
-3.92375016	6.78594971	4.220438	0	255	0
-3.91487503	6.78594971	4.220438	0	255	0
-3.91487503	6.78594971	4.19187546	0	255	0
-3.92375016	6.78594971	4.19187546	0	255	0
-3.94150019	6.78626204	4.19187546	0	255	0
-3.93262529	6.78626204	4.13475037	0	255	0
-3.93262529	6.78626204	4.13475037	0	255	0
-3.93262529	6.78594971	4.19187546	0	255	0
-3.94150019	6.78626204	4.13475037	0	255	0
-3.94150019	6.78594971	4.19187546	0	255	0
-3.93262529	6.78594971	4.13475037	0	255	0
-3.977	6.7871995	4.10618782	0	255	0
-3.977	6.7871995	4.13475037	0	255	0
-3.977	6.78688717	4.13475037	0	255	0
-3.977	6.78688717	4.10618782	0	255	0
-3.96812487	6.7871995	4.07762527	0	255	0
-3.96812487	6.78657436	4.13475037	0	255	0
-3.96812487	6.78657436	4.07762527	0	255	0
-3.95037508	6.7871995	4.13475037	0	255	0
-3.94150019	6.7871995	4.10618782	0	255	0
-3.94150019	6.7871995	4.07762527	0	255	0
-3.94150019	6.78688717	4.07762527	0	255	0
-3.95037508	6.78688717	4.07762527	0	255	0
-3.94150019	6.78688717	4.13475037	0	255	0
-3.94150019	6.78657436	4.10618782	0	255	0
-3.95037508	6.78657436	4.07762527	0	255	0
-3.96812487	6.7871995	4.07762527	0	255	0
-3.96812487	6.7871995	4.02050018	0	255	0
-3.95924997	6.7871995	4.02050018	0	255	0
-3.96812487	6.78657436	4.07762527	0	255	0
-3.96812487	6.78657436	4.02050018	0	255	0
-3.95924997	6.7871995	4.13475037	0	255	0
-3.95924997	6.7871995	4.10618782	0	255	0
-3.94150019	6.7871995	4.10618782	0	255	0
-3.94150019	6.7871995	4.02050018	0	255	0
-3.95924997	6.78657436	4.10618782	0	255	0
-3.94150019	6.78657436	4.10618782	0	255	0
-3.94150019	6.78657436	4.13475037	0	255	0
-3.95924997	6.78626204	4.13475037	0	255	0
-3.95924997	6.78626204	4.07762527	0	255	0
-3.95037508	6.78594971	4.13475037	0	255	0
-3.95037508	6.78594971	4.07762527	0	255	0
-3.95924997	6.78626204	4.07762527	0	255	0
-3.95924997	6.78626204	4.02050018	0	255	0
-3.94150019	6.78657436	4.02050018	0	255	0
-3.95037508	6.78594971	4.07762527	0	255	0
-3.95037508	6.78594971	4.02050018	0	255	0
-3.94150019	6.78657436	4.13475037	0	255	0
-3.94150019	6.78657436	4.16331291	0	255	0
-3.92375016	6.78657436	4.16331291	0	255	0
-3.94150019	6.78594971	4.19187546	0	255	0
-3.94150019	6.78594971	4.16331291	0	255	0
-3.92375016	6.78594971	4.16331291	0	255	0
-3.92375016	6.78594971	4.13475037	0	255	0
-3.95037508	6.78594971	4.04906273	0	255	0
-3.95037508	6.78594971	4.02050018	0	255	0
-3.94150019	6.78594971	4.04906273	0	255	0
-3.95037508	6.7856369	4.07762527	0	255	0
-3.94150019	6.7856369	4.02050018	0	255	0
-3.94150019	6.7856369	4.04906273	0	255	0
-3.95037508	6.7856369	4.04906273	0	255	0
-3.94150019	6.78594971	4.220438	0	255	0
-3.92375016	6.78594971	4.220438	0	255	0
-3.94150019	6.78532457	4.220438	0	255	0
-3.92375016	6.78532457	4.220438	0	255	0
-3.91487503	6.7856369	4.19187546	0	255	0
-3.90600014	6.7856369	4.24900007	0	255	0
-3.91487503	6.78532457	4.24900007	0	255	0
-3.90600014	6.7856369	4.19187546	0	255	0
-3.91487503	6.78532457	4.19187546	0	255	0
-3.92375016	6.78594971	4.13475037	0	255	0
-3.93262529	6.7856369	4.13475037	0	255	0
-3.94150019	6.78532457	4.13475037	0	255	0
-3.93262529	6.78532457	4.16331291	0	255	0
-3.93262529	6.78532457	4.13475037	0	255	0
-3.92375016	6.78532457	4.16331291	0	255	0
-3.93262529	6.78469944	4.13475037	0	255	0
-3.92375016	6.78469944	4.16331291	0	255	0
-3.93262529	6.78469944	4.16331291	0	255	0
-3.90600014	6.78501225	4.24900007	0	255	0
-3.92375016	6.78501225	4.19187546	0	255	0
-3.91487503	6.78501225	4.19187546	0	255	0
-3.91487503	6.78469944	4.24900007	0	255	0
-3.92375016	6.78469944	4.220438	0	255	0
-3.90600014	6.78469944	4.220438	0	255	0
-3.91487503	6.78469944	4.19187546	0	255	0
-3.93262529	6.78532457	4.19187546	0	255	0
-3.93262529	6.78501225	4.13475037	0	255	0
-3.92375016	6.78501225	4.19187546	0	255	0
-3.93262529	6.78532457	4.13475037	0	255	0
-3.92375016	6.78501225	4.13475037	0	255	0
-3.94150019	6.78469944	4.19187546	0	255	0
-3.92375016	6.78501225	4.19187546	0	255	0
-3.90600014	6.78532457	4.13475037	0	255	0
-3.91487503	6.78469944	4.19187546	0	255	0
-3.92375016	6.78469944	4.16331291	0	255	0
-3.92375016	6.78469944	4.13475037	0	255	0
-3.95924997	6.78594971	4.13475037	0	255	0
-3.95924997	6.78594971	4.10618782	0	255	0
-3.94150019	6.78594971	4.10618782	0	255	0
-3.95924997	6.78532457	4.10618782	0	255	0
-3.94150019	6.78532457	4.10618782	0	255	0
-3.94150019	6.78532457	4.13475037	0	255	0
-3.95924997	6.78532457	4.07762527	0	255	0
-3.92375016	6.78594971	4.13475037	0	255	0
-3.93262529	6.7856369	4.07762527	0	255	0
-3.92375016	6.7856369	4.07762527	0	255	0
-3.92375016	6.7856369	4.10618782	0	255	0
-3.91487503	6.7856369	4.10618782	0	255	0
-3.92375016	6.78532457	4.10618782	0	255	0
-3.91487503	6.78532457	4.10618782	0	255	0
-3.91487503	6.78532457	4.07762527	0	255	0
-3.92375016	6.78594971	4.02050018	0	255	0
-3.93262529	6.7856369	4.02050018	0	255	0
-3.94150019	6.78532457	4.02050018	0	255	0
-3.92375016	6.78594971	4.13475037	0	255	0
-3.92375016	6.78594971	4.10618782	0	255	0
-3.90600014	6.78594971	4.10618782	0	255	0
-3.90600014	6.78594971	4.02050018	0	255	0
-3.92375016	6.78532457	4.10618782	0	255	0
-3.90600014	6.78532457	4.10618782	0	255	0
-3.90600014	6.78532457	4.13475037	0	255	0
-3.93262529	6.78532457	4.04906273	0	255	0
-3.93262529	6.78532457	4.02050018	0	255	0
-3.92375016	6.78532457	4.04906273	0	255	0
-3.93262529	6.78501225	4.07762527	0	255	0
-3.92375016	6.78501225	4.02050018	0	255	0
-3.92375016	6.78501225	4.04906273	0	255	0
-3.93262529	6.78501225	4.04906273	0	255	0
-3.92375016	6.78501225	4.13475037	0	255	0
-3.90600014	6.78532457	4.13475037	0	255	0
-3.92375016	6.78501225	4.07762527	0	255	0
-3.90600014	6.78532457	4.07762527	0	255	0
-3.91487503	6.78469944	4.13475037	0	255	0
-3.91487503	6.78469944	4.07762527	0	255	0
-3.93262529	6.78532457	4.04906273	0	255	0
-3.93262529	6.78532457	4.07762527	0	255	0
-3.92375016	6.78532457	4.04906273	0	255	0
-3.93262529	6.78501225	4.02050018	0	255	0
-3.92375016	6.78501225	4.07762527	0	255	0
-3.92375016	6.78501225	4.04906273	0	255	0
-3.93262529	6.78501225	4.04906273	0	255	0
-3.91487503	6.78532457	4.07762527	0	255	0
-3.92375016	6.78501225	4.07762527	0	255	0
-3.92375016	6.78501225	4.02050018	0	255	0
-3.90600014	6.78532457	4.04906273	0	255	0
-3.90600014	6.78532457	4.02050018	0	255	0
-3.90600014	6.78501225	4.07762527	0	255	0
-3.91487503	6.78469944	4.07762527	0	255	0
-3.91487503	6.78469944	4.02050018	0	255	0
-3.90600014	6.78501225	4.10618782	0	255	0
-3.90600014	6.78501225	4.13475037	0	255	0
-3.89712524	6.78501225	4.07762527	0	255	0
-3.90600014	6.78469944	4.10618782	0	255	0
-3.88825011	6.78501225	4.13475037	0	255	0
-3.88825011	6.78501225	4.10618782	0	255	0
-3.88825011	6.78469944	4.02050018	0	255	0
-3.88825011	6.78469944	4.10618782	0	255	0
-3.90600014	6.78501225	4.04906273	0	255	0
-3.90600014	6.78501225	4.02050018	0	255	0
-3.89712524	6.78501225	4.07762527	0	255	0
-3.89712524	6.78501225	4.04906273	0	255	0
-3.89712524	6.78501225	4.07762527	0	255	0
-3.89712524	6.78469944	4.02050018	0	255	0
-3.89712524	6.78469944	4.04906273	0	255	0
-3.90600014	6.78469944	4.04906273	0	255	0
-3.90600014	6.78532457	4.07762527	0	255	0
-3.89712524	6.78532457	4.07762527	0	255	0
-3.90600014	6.78532457	4.02050018	0	255	0
-3.89712524	6.78532457	4.02050018	0	255	0
-3.89712524	6.78501225	4.02050018	0	255	0
-3.89712524	6.78469944	4.07762527	0	255	0
-3.89712524	6.78469944	4.02050018	0	255	0
-3.977	6.7871995	4.02050018	0	255	0
-3.96812487	6.7871995	4.02050018	0	255	0
-3.977	6.78688717	4.02050018	0	255	0
-3.96812487	6.78688717	3.96337509	0	255	0
-3.977	6.7871995	3.96337509	0	255	0
-3.977	6.78688717	3.96337509	0	255	0
-3.95924997	6.7871995	3.99193764	0	255	0
-3.96812487	6.78657436	3.99193764	0	255	0
-3.95924997	6.78657436	3.99193764	0	255	0
-3.96812487	6.78657436	3.96337509	0	255	0
-3.95924997	6.7871995	4.02050018	0	255	0
-3.95037508	6.7871995	4.02050018	0	255	0
-3.95037508	6.7871995	3.96337509	0	255	0
-3.95037508	6.78688717	3.96337509	0	255	0
-3.95037508	6.78657436	4.02050018	0	255	0
-3.94150019	6.78688717	3.99193764	0	255	0
-3.94150019	6.78688717	3.96337509	0	255	0
-3.94150019	6.78657436	3.99193764	0	255	0
-3.96812487	6.7871995	3.96337509	0	255	0
-3.96812487	6.78688717	3.90625	0	255	0
-3.95924997	6.78688717	3.96337509	0	255	0
-3.977	6.7871995	3.93481255	0	255	0
-3.977	6.78688717	3.93481255	0	255	0
-3.977	6.78688717	3.90625	0	255	0
-3.95924997	6.7871995	3.90625	0	255	0
-3.96812487	6.78657436	3.93481255	0	255	0
-3.95924997	6.78657436	3.93481255	0	255	0
-3.977	6.78594971	4.02050018	0	255	0
-3.96812487	6.78657436	3.90625	0	255	0
-3.95924997	6.7871995	4.02050018	0	255	0
-3.95924997	6.7871995	3.99193764	0	255	0
-3.94150019	6.7871995	3.99193764	0	255	0
-3.95924997	6.78657436	3.99193764	0	255	0
-3.94150019	6.78657436	3.99193764	0	255	0
-3.94150019	6.78657436	4.02050018	0	255	0
-3.96812487	6.78657436	3.93481255	0	255	0
-3.96812487	6.78657436	3.90625	0	255	0
-3.95924997	6.78657436	3.93481255	0	255	0
-3.96812487	6.78626204	3.96337509	0	255	0
-3.95924997	6.78626204	3.90625	0	255	0
-3.95924997	6.78626204	3.93481255	0	255	0
-3.96812487	6.78626204	3.93481255	0	255	0
-3.95924997	6.78626204	4.02050018	0	255	0
-3.94150019	6.78657436	4.02050018	0	255	0
-3.95924997	6.78626204	3.96337509	0	255	0
-3.95037508	6.78594971	4.02050018	0	255	0
-3.95037508	6.78594971	3.96337509	0	255	0
-3.95924997	6.78657436	3.93481255	0	255	0
-3.95924997	6.78626204	3.96337509	0	255	0
-3.95924997	6.78626204	3.93481255	0	255	0
-3.95037508	6.78657436	3.90625	0	255	0
-3.94150019	6.78657436	3.90625	0	255	0
-3.94150019	6.78626204	3.90625	0	255	0
-3.95924997	6.78594971	3.96337509	0	255	0
-3.95037508	6.78594971	3.96337509	0	255	0
-3.94150019	6.78594971	3.93481255	0	255	0
-3.95037508	6.78594971	3.93481255	0	255	0
-3.94150019	6.78657436	3.93481255	0	255	0
-3.94150019	6.78657436	4.02050018	0	255	0
-3.93262529	6.78657436	3.90625	0	255	0
-3.93262529	6.78657436	3.93481255	0	255	0
-3.93262529	6.78626204	3.96337509	0	255	0
-3.94150019	6.78594971	3.93481255	0	255	0
-3.92375016	6.78626204	3.90625	0	255	0
-3.92375016	6.78626204	3.93481255	0	255	0
-3.92375016	6.78594971	4.02050018	0	255	0
-3.92375016	6.78594971	3.93481255	0	255	0
-3.94150019	6.78657436	3.90625	0	255	0
-3.94150019	6.78657436	3.93481255	0	255	0
-3.93262529	6.78657436	3.93481255	0	255	0
-3.93262529	6.78657436	3.90625	0	255	0
-3.94150019	6.78626204	3.96337509	0	255	0
-3.93262529	6.78626204	3.90625	0	255	0
-3.93262529	6.78626204	3.90625	0	255	0
-3.93262529	6.78594971	3.96337509	0	255	0
-3.92375016	6.78626204	3.93481255	0	255	0
-3.92375016	6.78626204	3.90625	0	255	0
-3.92375016	6.78594971	3.93481255	0	255	0
-3.92375016	6.78594971	3.90625	0	255	0
-3.977	6.7871995	3.87768745	0	255	0
-3.977	6.78688717	3.90625	0	255	0
-3.977	6.78688717	3.87768745	0	255	0
-3.95924997	6.7871995	3.87768745	0	255	0
-3.96812487	6.78657436	3.90625	0	255	0
-3.977	6.78657436	3.90625	0	255	0
-3.95924997	6.78688717	3.84912491	0	255	0
-3.96812487	6.78657436	3.84912491	0	255	0
-3.94150019	6.7871995	3.87768745	0	255	0
-3.95037508	6.7871995	3.84912491	0	255	0
-3.95037508	6.78688717	3.84912491	0	255	0
-3.94150019	6.78688717	3.84912491	0	255	0
-3.96812487	6.7871995	3.84912491	0	255	0
-3.977	6.7871995	3.79200006	0	255	0
-3.977	6.7871995	3.82056236	0	255	0
-3.977	6.78688717	3.82056236	0	255	0
-3.977	6.78688717	3.79200006	0	255	0
-3.95924997	6.7871995	3.79200006	0	255	0
-3.96812487	6.78657436	3.84912491	0	255	0
-3.96812487	6.78657436	3.79200006	0	255	0
-3.95924997	6.7871995	3.90625	0	255	0
-3.95924997	6.7871995	3.87768745	0	255	0
-3.94150019	6.7871995	3.87768745	0	255	0
-3.94150019	6.7871995	3.79200006	0	255	0
-3.95924997	6.78657436	3.87768745	0	255	0
-3.94150019	6.78657436	3.87768745	0	255	0
-3.94150019	6.78657436	3.90625	0	255	0
-3.95924997	6.78626204	3.90625	0	255	0
-3.95924997	6.78626204	3.84912491	0	255	0
-3.95037508	6.78594971	3.90625	0	255	0
-3.95037508	6.78594971	3.84912491	0	255	0
-3.95924997	6.78626204	3.84912491	0	255	0
-3.95924997	6.78626204	3.79200006	0	255	0
-3.94150019	6.78657436	3.79200006	0	255	0
-3.94150019	6.78626204	3.79200006	0	255	0
-3.95037508	6.78594971	3.84912491	0	255	0
-3.94150019	6.78594971	3.82056236	0	255	0
-3.95037508	6.78594971	3.82056236	0	255	0
-3.94150019	6.78657436	3.90625	0	255	0
-3.94150019	6.78657436	3.93481255	0	255	0
-3.92375016	6.78657436	3.93481255	0	255	0
-3.94150019	6.78594971	3.96337509	0	255	0
-3.94150019	6.78594971	3.93481255	0	255	0
-3.92375016	6.78594971	3.93481255	0	255	0
-3.92375016	6.78594971	3.90625	0	255	0
-3.94150019	6.7856369	4.02050018	0	255	0
-3.92375016	6.78594971	4.02050018	0	255	0
-3.93262529	6.78532457	4.02050018	0	255	0
-3.94150019	6.78532457	3.99193764	0	255	0
-3.92375016	6.7856369	3.96337509	0	255	0
-3.92375016	6.7856369	3.99193764	0	255	0
-3.91487503	6.7856369	3.99193764	0	255	0
-3.92375016	6.78532457	3.99193764	0	255	0
-3.91487503	6.78532457	3.99193764	0	255	0
-3.91487503	6.78532457	3.96337509	0	255	0
-3.94150019	6.78594971	3.93481255	0	255	0
-3.93262529	6.78594971	3.90625	0	255	0
-3.92375016	6.78594971	3.90625	0	255	0
-3.93262529	6.7856369	3.90625	0	255	0
-3.94150019	6.78532457	3.93481255	0	255	0
-3.93262529	6.78532457	3.90625	0	255	0
-3.92375016	6.78594971	4.02050018	0	255	0
-3.92375016	6.78594971	3.99193764	0	255	0
-3.90600014	6.78594971	3.99193764	0	255	0
-3.90600014	6.78594971	3.90625	0	255	0
-3.92375016	6.78532457	3.99193764	0	255	0
-3.90600014	6.78532457	3.99193764	0	255	0
-3.90600014	6.78532457	4.02050018	0	255	0
-3.93262529	6.78532457	3.93481255	0	255	0
-3.93262529	6.78532457	3.90625	0	255	0
-3.92375016	6.78532457	3.93481255	0	255	0
-3.93262529	6.78501225	3.96337509	0	255	0
-3.92375016	6.78501225	3.90625	0	255	0
-3.92375016	6.78501225	3.93481255	0	255	0
-3.93262529	6.78501225	3.93481255	0	255	0
-3.92375016	6.78501225	4.02050018	0	255	0
-3.90600014	6.78532457	4.02050018	0	255	0
-3.92375016	6.78501225	3.96337509	0	255	0
-3.91487503	6.78469944	4.02050018	0	255	0
-3.90600014	6.78469944	3.96337509	0	255	0
-3.91487503	6.78469944	3.96337509	0	255	0
-3.93262529	6.78532457	3.96337509	0	255	0
-3.93262529	6.78501225	3.90625	0	255	0
-3.92375016	6.78501225	3.96337509	0	255	0
-3.93262529	6.78532457	3.90625	0	255	0
-3.92375016	6.78501225	3.90625	0	255	0
-3.94150019	6.78469944	3.96337509	0	255	0
-3.92375016	6.78501225	3.96337509	0	255	0
-3.90600014	6.78501225	3.96337509	0	255	0
-3.92375016	6.78501225	3.90625	0	255	0
-3.90600014	6.78532457	3.90625	0	255	0
-3.91487503	6.78469944	3.93481255	0	255	0
-3.90600014	6.78469944	3.93481255	0	255	0
-3.91487503	6.78469944	3.90625	0	255	0
-3.95037508	6.78594971	3.87768745	0	255	0
-3.95037508	6.78594971	3.90625	0	255	0
-3.94150019	6.78594971	3.87768745	0	255	0
-3.95037508	6.7856369	3.84912491	0	255	0
-3.94150019	6.7856369	3.90625	0	255	0
-3.94150019	6.7856369	3.87768745	0	255	0
-3.95037508	6.7856369	3.87768745	0	255	0
-3.92375016	6.78594971	3.90625	0	255	0
-3.93262529	6.7856369	3.84912491	0	255	0
-3.92375016	6.7856369	3.90625	0	255	0
-3.91487503	6.7856369	3.84912491	0	255	0
-3.91487503	6.7856369	3.84912491	0	255	0
-3.91487503	6.78532457	3.90625	0	255	0
-3.92375016	6.7856369	3.84912491	0	255	0
-3.91487503	6.78532457	3.84912491	0	255	0
-3.94150019	6.7856369	3.84912491	0	255	0
-3.977	6.78469944	4.02050018	0	255	0
-3.94150019	6.7856369	3.79200006	0	255	0
-3.92375016	6.78594971	3.79200006	0	255	0
-3.93262529	6.78532457	3.84912491	0	255	0
-3.93262529	6.78532457	3.79200006	0	255	0
-3.92375016	6.78594971	3.90625	0	255	0
-3.92375016	6.78594971	3.87768745	0	255	0
-3.90600014	6.78594971	3.87768745	0	255	0
-3.90600014	6.78594971	3.79200006	0	255	0
-3.92375016	6.78532457	3.87768745	0	255	0
-3.90600014	6.78532457	3.87768745	0	255	0
-3.90600014	6.78532457	3.90625	0	255	0
-3.93262529	6.78532457	3.82056236	0	255	0
-3.93262529	6.78532457	3.79200006	0	255	0
-3.92375016	6.78532457	3.82056236	0	255	0
-3.93262529	6.78501225	3.84912491	0	255	0
-3.92375016	6.78501225	3.79200006	0	255	0
-3.92375016	6.78501225	3.82056236	0	255	0
-3.93262529	6.78501225	3.82056236	0	255	0
-3.92375016	6.78501225	3.90625	0	255	0
-3.90600014	6.78532457	3.90625	0	255	0
-3.92375016	6.78501225	3.84912491	0	255	0
-3.91487503	6.78469944	3.90625	0	255	0
-3.91487503	6.78469944	3.84912491	0	255	0
-3.93262529	6.78532457	3.79200006	0	255	0
-3.93262529	6.78532457	3.82056236	0	255	0
-3.92375016	6.78532457	3.82056236	0	255	0
-3.93262529	6.78501225	3.82056236	0	255	0
-3.92375016	6.78501225	3.82056236	0	255	0
-3.92375016	6.78501225	3.79200006	0	255	0
-3.94150019	6.78469944	3.84912491	0	255	0
-3.92375016	6.78501225	3.84912491	0	255	0
-3.92375016	6.78501225	3.79200006	0	255	0
-3.90600014	6.78532457	3.79200006	0	255	0
-3.91487503	6.78469944	3.84912491	0	255	0
-3.977	6.78219986	4.24900007	0	255	0
-3.91487503	6.78469944	3.79200006	0	255	0
-3.90600014	6.78532457	4.02050018	0	255	0
-3.90600014	6.78532457	4.04906273	0	255	0
-3.90600014	6.78469944	4.04906273	0	255	0
-3.87050009	6.78532457	4.04906273	0	255	0
-3.87050009	6.78532457	4.02050018	0	255	0
-3.87050009	6.78469944	4.04906273	0	255	0
-3.87050009	6.78469944	4.02050018	0	255	0
-3.91487503	6.78469944	3.82056236	0	255	0
-3.91487503	6.78469944	3.79200006	0	255	0
-3.90600014	6.78469944	3.82056236	0	255	0
-3.91487503	6.78407478	3.79200006	0	255	0
-3.90600014	6.78407478	3.79200006	0	255	0
-3.90600014	6.78407478	3.82056236	0	255	0
-3.91487503	6.78407478	3.82056236	0	255	0
-3.89712524	6.78469944	4.24900007	0	255	0
-3.90600014	6.78438711	4.24900007	0	255	0
-3.90600014	6.78438711	4.19187546	0	255	0
-3.88825011	6.78469944	4.220438	0	255	0
-3.88825011	6.78438711	4.24900007	0	255	0
-3.89712524	6.78407478	4.24900007	0	255	0
-3.89712524	6.78407478	4.19187546	0	255	0
-3.88825011	6.78438711	4.19187546	0	255	0
-3.88825011	6.78438711	4.220438	0	255	0
-3.87937498	6.78438711	4.220438	0	255	0
-3.88825011	6.78407478	4.220438	0	255	0
-3.87937498	6.78407478	4.220438	0	255	0
-3.87937498	6.78407478	4.19187546	0	255	0
-3.90600014	6.78438711	4.19187546	0	255	0
-3.90600014	6.78438711	4.13475037	0	255	0
-3.88825011	6.78469944	4.13475037	0	255	0
-3.89712524	6.78407478	4.19187546	0	255	0
-3.89712524	6.78407478	4.13475037	0	255	0
-3.88825011	6.78469944	4.24900007	0	255	0
-3.88825011	6.78469944	4.220438	0	255	0
-3.87050009	6.78469944	4.220438	0	255	0
-3.87050009	6.78469944	4.13475037	0	255	0
-3.88825011	6.78407478	4.220438	0	255	0
-3.87050009	6.78407478	4.220438	0	255	0
-3.87050009	6.78407478	4.24900007	0	255	0
-3.90600014	6.78407478	4.16331291	0	255	0
-3.90600014	6.78376198	4.13475037	0	255	0
-3.90600014	6.78376198	4.16331291	0	255	0
-3.88825011	6.78407478	4.16331291	0	255	0
-3.88825011	6.78376198	4.13475037	0	255	0
-3.88825011	6.78376198	4.16331291	0	255	0
-3.87937498	6.78407478	4.24900007	0	255	0
-3.87937498	6.78407478	4.19187546	0	255	0
-3.87937498	6.78376198	4.19187546	0	255	0
-3.87050009	6.78376198	4.24900007	0	255	0
-3.87050009	6.78376198	4.220438	0	255	0
-3.87050009	6.78344965	4.220438	0	255	0
-3.87937498	6.78344965	4.19187546	0	255	0
-3.90600014	6.78407478	4.16331291	0	255	0
-3.89712524	6.78407478	4.19187546	0	255	0
-3.90600014	6.78376198	4.19187546	0	255	0
-3.89712524	6.78376198	4.13475037	0	255	0
-3.90600014	6.78376198	4.16331291	0	255	0
-3.89712524	6.78407478	4.13475037	0	255	0
-3.88825011	6.78407478	4.16331291	0	255	0
-3.88825011	6.78376198	4.16331291	0	255	0
-3.88825011	6.78376198	4.13475037	0	255	0
-3.90600014	6.78344965	4.19187546	0	255	0
-3.87937498	6.78407478	4.19187546	0	255	0
-3.88825011	6.78376198	4.19187546	0	255	0
-3.87937498	6.78376198	4.13475037	0	255	0
-3.87937498	6.78407478	4.13475037	0	255	0
-3.88825011	6.78376198	4.13475037	0	255	0
-3.88825011	6.78469944	4.13475037	0	255	0
-3.90600014	6.78438711	4.07762527	0	255	0
-3.89712524	6.78438711	4.07762527	0	255	0
-3.90600014	6.78407478	4.10618782	0	255	0
-3.89712524	6.78407478	4.07762527	0	255	0
-3.88825011	6.78438711	4.13475037	0	255	0
-3.87937498	6.78438711	4.07762527	0	255	0
-3.87937498	6.78438711	4.07762527	0	255	0
-3.87937498	6.78407478	4.13475037	0	255	0
-3.88825011	6.78438711	4.07762527	0	255	0
-3.87937498	6.78407478	4.07762527	0	255	0
-3.90600014	6.78438711	4.07762527	0	255	0
-3.90600014	6.78438711	4.02050018	0	255	0
-3.88825011	6.78469944	4.02050018	0	255	0
-3.89712524	6.78407478	4.07762527	0	255	0
-3.89712524	6.78407478	4.02050018	0	255	0
-3.88825011	6.78469944	4.13475037	0	255	0
-3.88825011	6.78469944	4.10618782	0	255	0
-3.87050009	6.78469944	4.10618782	0	255	0
-3.87050009	6.78469944	4.02050018	0	255	0
-3.88825011	6.78407478	4.10618782	0	255	0
-3.87050009	6.78407478	4.10618782	0	255	0
-3.87050009	6.78407478	4.13475037	0	255	0
-3.89712524	6.78407478	4.04906273	0	255	0
-3.89712524	6.78407478	4.02050018	0	255	0
-3.88825011	6.78407478	4.04906273	0	255	0
-3.89712524	6.78376198	4.07762527	0	255	0
-3.88825011	6.78376198	4.02050018	0	255	0
-3.88825011	6.78376198	4.04906273	0	255	0
-3.89712524	6.78376198	4.04906273	0	255	0
-3.87937498	6.78407478	4.13475037	0	255	0
-3.88825011	6.78376198	4.13475037	0	255	0
-3.87937498	6.78376198	4.07762527	0	255	0
-3.87937498	6.78407478	4.07762527	0	255	0
-3.88825011	6.78344965	4.13475037	0	255	0
-3.88825011	6.78376198	4.07762527	0	255	0
-3.88825011	6.78376198	4.07762527	0	255	0
-3.87050009	6.78407478	4.07762527	0	255	0
-3.87050009	6.78407478	4.04906273	0	255	0
-3.87050009	6.78376198	4.07762527	0	255	0
-3.87050009	6.78376198	4.04906273	0	255	0
-3.87937498	6.78407478	4.02050018	0	255	0
-3.88825011	6.78344965	4.07762527	0	255	0
-3.88825011	6.78376198	4.02050018	0	255	0
-3.88825011	6.78344965	4.04906273	0	255	0
-3.88825011	6.78344965	4.02050018	0	255	0
-3.87050009	6.78344965	4.04906273	0	255	0
-3.87937498	6.78313732	4.07762527	0	255	0
-3.88825011	6.78282452	4.04906273	0	255	0
-3.87050009	6.78282452	4.02050018	0	255	0
-3.87050009	6.78282452	4.04906273	0	255	0
-3.87050009	6.78313732	4.19187546	0	255	0
-3.87050009	6.78313732	4.220438	0	255	0
-3.86162519	6.78313732	4.220438	0	255	0
-3.87050009	6.78282452	4.220438	0	255	0
-3.86162519	6.78282452	4.220438	0	255	0
-3.86162519	6.78282452	4.19187546	0	255	0
-3.87050009	6.78313732	4.16331291	0	255	0
-3.87050009	6.78313732	4.19187546	0	255	0
-3.86162519	6.78313732	4.13475037	0	255	0
-3.87050009	6.78282452	4.16331291	0	255	0
-3.85275006	6.78313732	4.19187546	0	255	0
-3.85275006	6.78313732	4.13475037	0	255	0
-3.86162519	6.78282452	4.13475037	0	255	0
-3.87050009	6.78282452	4.16331291	0	255	0
-3.85275006	6.78282452	4.13475037	0	255	0
-3.85275006	6.78282452	4.16331291	0	255	0
-3.86162519	6.78251219	4.19187546	0	255	0
-3.87050009	6.78219986	4.16331291	0	255	0
-3.85275006	6.78219986	4.16331291	0	255	0
-3.85275006	6.78251219	4.24900007	0	255	0
-3.84387493	6.78251219	4.19187546	0	255	0
-3.83500004	6.78251219	4.24900007	0	255	0
-3.83500004	6.78219986	4.24900007	0	255	0
-3.85275006	6.78251219	4.19187546	0	255	0
-3.83500004	6.78251219	4.19187546	0	255	0
-3.87050009	6.78251219	4.19187546	0	255	0
-3.87050009	6.78282452	4.13475037	0	255	0
-3.87050009	6.78251219	4.13475037	0	255	0
-3.86162519	6.78219986	4.19187546	0	255	0
-3.86162519	6.78219986	4.13475037	0	255	0
-3.85275006	6.78251219	4.19187546	0	255	0
-3.84387493	6.78251219	4.13475037	0	255	0
-3.83500004	6.78251219	4.19187546	0	255	0
-3.85275006	6.78251219	4.13475037	0	255	0
-3.83500004	6.78251219	4.13475037	0	255	0
-3.83500004	6.78219986	4.13475037	0	255	0
-3.88825011	6.78344965	4.13475037	0	255	0
-3.87050009	6.78344965	4.13475037	0	255	0
-3.87050009	6.78344965	4.10618782	0	255	0
-3.87050009	6.78313732	4.13475037	0	255	0
-3.88825011	6.78344965	4.07762527	0	255	0
-3.87937498	6.78344965	4.07762527	0	255	0
-3.88825011	6.78313732	4.07762527	0	255	0
-3.87937498	6.78313732	4.07762527	0	255	0
-3.87937498	6.78282452	4.13475037	0	255	0
-3.88825011	6.78282452	4.10618782	0	255	0
-3.87050009	6.78313732	4.07762527	0	255	0
-3.87050009	6.78282452	4.10618782	0	255	0
-3.87050009	6.78282452	4.07762527	0	255	0
-3.87937498	6.78282452	4.07762527	0	255	0
-3.88825011	6.78344965	4.13475037	0	255	0
-3.88825011	6.78344965	4.10618782	0	255	0
-3.87050009	6.78344965	4.10618782	0	255	0
-3.90600014	6.78219986	4.24900007	0	255	0
-3.88825011	6.78282452	4.10618782	0	255	0
-3.87050009	6.78282452	4.10618782	0	255	0
-3.87050009	6.78282452	4.13475037	0	255	0
-3.88825011	6.78282452	4.07762527	0	255	0
-3.87050009	6.78313732	4.13475037	0	255	0
-3.86162519	6.78313732	4.07762527	0	255	0
-3.85275006	6.78313732	4.13475037	0	255	0
-3.87050009	6.78313732	4.07762527	0	255	0
-3.85275006	6.78313732	4.07762527	0	255	0
-3.87050009	6.78313732	4.07762527	0	255	0
-3.86162519	6.78313732	4.02050018	0	255	0
-3.85275006	6.78313732	4.07762527	0	255	0
-3.87050009	6.78313732	4.02050018	0	255	0
-3.87050009	6.78282452	4.02050018	0	255	0
-3.85275006	6.78313732	4.02050018	0	255	0
-3.87050009	6.78282452	4.04906273	0	255	0
-3.87050009	6.78251219	4.02050018	0	255	0
-3.87050009	6.78251219	4.04906273	0	255	0
-3.85275006	6.78282452	4.04906273	0	255	0
-3.86162519	6.78219986	4.02050018	0	255	0
-3.85275006	6.78219986	4.04906273	0	255	0
-3.86162519	6.78219986	4.04906273	0	255	0
-3.85275006	6.78282452	4.10618782	0	255	0
-3.84387493	6.78282452	4.10618782	0	255	0
-3.84387493	6.78282452	4.07762527	0	255	0
-3.85275006	6.78251219	4.13475037	0	255	0
-3.84387493	6.78251219	4.07762527	0	255	0
-3.84387493	6.78251219	4.07762527	0	255	0
-3.84387493	6.78219986	4.13475037	0	255	0
-3.83500004	6.78251219	4.10618782	0	255	0
-3.83500004	6.78251219	4.07762527	0	255	0
-3.83500004	6.78219986	4.10618782	0	255	0
-3.86162519	6.78282452	4.07762527	0	255	0
-3.86162519	6.78282452	4.02050018	0	255	0
-3.86162519	6.78219986	4.07762527	0	255	0
-3.86162519	6.78219986	4.02050018	0	255	0
-3.85275006	6.78282452	4.04906273	0	255	0
-3.84387493	6.78282452	4.07762527	0	255	0
-3.84387493	6.78282452	4.04906273	0	255	0
-3.84387493	6.78251219	4.02050018	0	255	0
-3.83500004	6.78251219	4.07762527	0	255	0
-3.83500004	6.78251219	4.04906273	0	255	0
-3.83500004	6.78219986	4.04906273	0	255	0
-3.85275006	6.78251219	4.02050018	0	255	0
-3.84387493	6.78219986	4.02050018	0	255	0
-3.92375016	6.78469944	3.90625	0	255	0
-3.92375016	6.78469944	3.93481255	0	255	0
-3.90600014	6.78469944	3.93481255	0	255	0
-3.977	6.78219986	4.24900007	0	255	0
-3.92375016	6.78407478	3.93481255	0	255	0
-3.90600014	6.78407478	3.93481255	0	255	0
-3.90600014	6.78407478	3.90625	0	255	0
-3.94150019	6.78344965	3.96337509	0	255	0
-3.89712524	6.78469944	4.02050018	0	255	0
-3.88825011	6.78469944	4.02050018	0	255	0
-3.90600014	6.78469944	3.96337509	0	255	0
-3.90600014	6.78469944	3.99193764	0	255	0
-3.90600014	6.78438711	3.96337509	0	255	0
-3.90600014	6.78438711	4.02050018	0	255	0
-3.89712524	6.78438711	3.96337509	0	255	0
-3.90600014	6.78407478	3.99193764	0	255	0
-3.89712524	6.78407478	3.96337509	0	255	0
-3.88825011	6.78438711	4.02050018	0	255	0
-3.87937498	6.78438711	3.96337509	0	255	0
-3.87937498	6.78438711	3.96337509	0	255	0
-3.87937498	6.78407478	4.02050018	0	255	0
-3.88825011	6.78438711	3.96337509	0	255	0
-3.87937498	6.78407478	3.96337509	0	255	0
-3.89712524	6.78469944	3.96337509	0	255	0
-3.90600014	6.78469944	3.93481255	0	255	0
-3.90600014	6.78438711	3.93481255	0	255	0
-3.90600014	6.78438711	3.90625	0	255	0
-3.88825011	6.78469944	3.90625	0	255	0
-3.89712524	6.78407478	3.96337509	0	255	0
-3.90600014	6.78344965	4.02050018	0	255	0
-3.89712524	6.78407478	3.90625	0	255	0
-3.88825011	6.78469944	4.02050018	0	255	0
-3.88825011	6.78469944	3.99193764	0	255	0
-3.87050009	6.78469944	3.99193764	0	255	0
-3.87050009	6.78469944	3.90625	0	255	0
-3.88825011	6.78407478	3.99193764	0	255	0
-3.87050009	6.78407478	3.99193764	0	255	0
-3.87050009	6.78407478	4.02050018	0	255	0
-3.89712524	6.78407478	3.93481255	0	255	0
-3.89712524	6.78407478	3.90625	0	255	0
-3.88825011	6.78407478	3.93481255	0	255	0
-3.89712524	6.78376198	3.96337509	0	255	0
-3.88825011	6.78376198	3.90625	0	255	0
-3.88825011	6.78376198	3.93481255	0	255	0
-3.89712524	6.78376198	3.93481255	0	255	0
-3.87937498	6.78407478	4.02050018	0	255	0
-3.87937498	6.78407478	3.96337509	0	255	0
-3.88825011	6.78344965	4.02050018	0	255	0
-3.88825011	6.78376198	3.96337509	0	255	0
-3.87937498	6.78376198	3.96337509	0	255	0
-3.87937498	6.78344965	4.02050018	0	255	0
-3.87937498	6.78344965	3.99193764	0	255	0
-3.88825011	6.78344965	3.99193764	0	255	0
-3.89712524	6.78407478	3.93481255	0	255	0
-3.89712524	6.78407478	3.96337509	0	255	0
-3.88825011	6.78407478	3.93481255	0	255	0
-3.89712524	6.78376198	3.90625	0	255	0
-3.88825011	6.78376198	3.96337509	0	255	0
-3.88825011	6.78376198	3.93481255	0	255	0
-3.89712524	6.78376198	3.93481255	0	255	0
-3.88825011	6.78407478	3.93481255	0	255	0
-3.87937498	6.78407478	3.96337509	0	255	0
-3.87937498	6.78407478	3.93481255	0	255	0
-3.88825011	6.78376198	3.96337509	0	255	0
-3.87937498	6.78376198	3.90625	0	255	0
-3.87937498	6.78376198	3.93481255	0	255	0
-3.88825011	6.78376198	3.93481255	0	255	0
-3.88825011	6.78469944	3.90625	0	255	0
-3.88825011	6.78469944	3.87768745	0	255	0
-3.89712524	6.78469944	3.84912491	0	255	0
-3.90600014	6.78438711	3.84912491	0	255	0
-3.89712524	6.78438711	3.84912491	0	255	0
-3.90600014	6.78407478	3.87768745	0	255	0
-3.88825011	6.78438711	3.84912491	0	255	0
-3.89712524	6.78407478	3.84912491	0	255	0
-3.88825011	6.78438711	3.84912491	0	255	0
-3.88825011	6.78438711	3.87768745	0	255	0
-3.87937498	6.78438711	3.87768745	0	255	0
-3.88825011	6.78407478	3.87768745	0	255	0
-3.87937498	6.78407478	3.87768745	0	255	0
-3.87937498	6.78407478	3.84912491	0	255	0
-3.90600014	6.78469944	3.82056236	0	255	0
-3.90600014	6.78438711	3.84912491	0	255	0
-3.90600014	6.78438711	3.82056236	0	255	0
-3.88825011	6.78469944	3.84912491	0	255	0
-3.88825011	6.78469944	3.82056236	0	255	0
-3.89712524	6.78407478	3.84912491	0	255	0
-3.90600014	6.78407478	3.84912491	0	255	0
-3.88825011	6.78438711	3.79200006	0	255	0
-3.90600014	6.78344965	3.90625	0	255	0
-3.89712524	6.78407478	3.79200006	0	255	0
-3.88825011	6.78469944	3.90625	0	255	0
-3.88825011	6.78469944	3.87768745	0	255	0
-3.87050009	6.78469944	3.87768745	0	255	0
-3.87050009	6.78469944	3.79200006	0	255	0
-3.88825011	6.78407478	3.87768745	0	255	0
-3.87050009	6.78407478	3.87768745	0	255	0
-3.87050009	6.78407478	3.90625	0	255	0
-3.88825011	6.78407478	3.87768745	0	255	0
-3.87937498	6.78407478	3.90625	0	255	0
-3.87937498	6.78407478	3.87768745	0	255	0
-3.88825011	6.78376198	3.90625	0	255	0
-3.87937498	6.78376198	3.84912491	0	255	0
-3.87937498	6.78376198	3.87768745	0	255	0
-3.88825011	6.78376198	3.87768745	0	255	0
-3.88825011	6.78344965	3.82056236	0	255	0
-3.88825011	6.78344965	3.79200006	0	255	0
-3.87050009	6.78344965	3.79200006	0	255	0
-3.87050009	6.78344965	3.82056236	0	255	0
-3.87937498	6.78313732	3.84912491	0	255	0
-3.88825011	6.78282452	3.82056236	0	255	0
-3.87050009	6.78282452	3.79200006	0	255	0
-3.87050009	6.78282452	3.82056236	0	255	0
-3.87050009	6.78313732	4.02050018	0	255	0
-3.86162519	6.78313732	3.96337509	0	255	0
-3.85275006	6.78313732	4.02050018	0	255	0
-3.87050009	6.78313732	3.96337509	0	255	0
-3.85275006	6.78313732	3.96337509	0	255	0
-3.87050009	6.78313732	3.96337509	0	255	0
-3.86162519	6.78313732	3.90625	0	255	0
-3.86162519	6.78313732	3.90625	0	255	0
-3.86162519	6.78282452	3.96337509	0	255	0
-3.87050009	6.78313732	3.90625	0	255	0
-3.87050009	6.78282452	3.90625	0	255	0
-3.85275006	6.78313732	3.93481255	0	255	0
-3.85275006	6.78313732	3.90625	0	255	0
-3.85275006	6.78282452	3.93481255	0	255	0
-3.87050009	6.78282452	3.93481255	0	255	0
-3.87050009	6.78251219	3.90625	0	255	0
-3.87050009	6.78251219	3.93481255	0	255	0
-3.85275006	6.78282452	3.93481255	0	255	0
-3.85275006	6.78251219	3.90625	0	255	0
-3.85275006	6.78251219	3.93481255	0	255	0
-3.84387493	6.78282452	4.02050018	0	255	0
-3.84387493	6.78282452	3.96337509	0	255	0
-3.84387493	6.78251219	3.96337509	0	255	0
-3.84387493	6.78219986	4.02050018	0	255	0
-3.83500004	6.78251219	3.99193764	0	255	0
-3.83500004	6.78251219	3.96337509	0	255	0
-3.83500004	6.78219986	3.99193764	0	255	0
-3.86162519	6.78282452	3.96337509	0	255	0
-3.86162519	6.78282452	3.90625	0	255	0
-3.86162519	6.78219986	3.96337509	0	255	0
-3.86162519	6.78219986	3.90625	0	255	0
-3.84387493	6.78282452	3.96337509	0	255	0
-3.84387493	6.78282452	3.90625	0	255	0
-3.84387493	6.78251219	3.90625	0	255	0
-3.83500004	6.78251219	3.96337509	0	255	0
-3.83500004	6.78251219	3.90625	0	255	0
-3.88825011	6.78344965	3.90625	0	255	0
-3.87050009	6.78344965	3.90625	0	255	0
-3.87050009	6.78313732	3.90625	0	255	0
-3.88825011	6.78344965	3.84912491	0	255	0
-3.87050009	6.78344965	3.84912491	0	255	0
-3.87050009	6.78313732	3.84912491	0	255	0
-3.87937498	6.78313732	3.84912491	0	255	0
-3.87937498	6.78282452	3.90625	0	255	0
-3.87937498	6.78282452	3.84912491	0	255	0
-3.88825011	6.78344965	3.90625	0	255	0
-3.88825011	6.78344965	3.87768745	0	255	0
-3.87050009	6.78344965	3.87768745	0	255	0
-3.88825011	6.78282452	3.87768745	0	255	0
-3.87050009	6.78282452	3.87768745	0	255	0
-3.87050009	6.78282452	3.90625	0	255	0
-3.87050009	6.78313732	3.87768745	0	255	0
-3.87050009	6.78313732	3.90625	0	255	0
-3.86162519	6.78313732	3.84912491	0	255	0
-3.87050009	6.78282452	3.87768745	0	255	0
-3.85275006	6.78313732	3.90625	0	255	0
-3.87050009	6.78282452	3.90625	0	255	0
-3.85275006	6.78313732	3.84912491	0	255	0
-3.86162519	6.78282452	3.84912491	0	255	0
-3.87050009	6.78344965	3.82056236	0	255	0
-3.86162519	6.78344965	3.82056236	0	255	0
-3.86162519	6.78344965	3.79200006	0	255	0
-3.87050009	6.78282452	3.84912491	0	255	0
-3.87050009	6.78313732	3.79200006	0	255	0
-3.87050009	6.78313732	3.84912491	0	255	0
-3.86162519	6.78313732	3.79200006	0	255	0
-3.87050009	6.78282452	3.82056236	0	255	0
-3.85275006	6.78313732	3.84912491	0	255	0
-3.85275006	6.78313732	3.82056236	0	255	0
-3.85275006	6.78282452	3.82056236	0	255	0
-3.86162519	6.78282452	3.82056236	0	255	0
-3.86162519	6.78282452	3.79200006	0	255	0
-3.85275006	6.78282452	3.82056236	0	255	0
-3.86162519	6.78219986	3.79200006	0	255	0
-3.85275006	6.78219986	3.82056236	0	255	0
-3.86162519	6.78219986	3.82056236	0	255	0
-3.84387493	6.78282452	3.90625	0	255	0
-3.84387493	6.78282452	3.84912491	0	255	0
-3.84387493	6.78251219	3.84912491	0	255	0
-3.83500004	6.78251219	3.90625	0	255	0
-3.83500004	6.78251219	3.87768745	0	255	0
-3.83500004	6.78219986	3.87768745	0	255	0
-3.84387493	6.78219986	3.84912491	0	255	0
-3.86162519	6.78282452	3.82056236	0	255	0
-3.86162519	6.78282452	3.84912491	0	255	0
-3.85275006	6.78282452	3.82056236	0	255	0
-3.87050009	6.78251219	3.82056236	0	255	0
-3.87050009	6.78251219	3.84912491	0	255	0
-3.86162519	6.78251219	3.79200006	0	255	0
-3.87050009	6.78219986	3.82056236	0	255	0
-3.85275006	6.78219986	3.82056236	0	255	0
-3.85275006	6.78251219	3.82056236	0	255	0
-3.85275006	6.78251219	3.84912491	0	255	0
-3.84387493	6.78251219	3.79200006	0	255	0
-3.84387493	6.78251219	3.82056236	0	255	0
-3.84387493	6.78251219	3.79200006	0	255	0
-3.84387493	6.78219986	3.84912491	0	255	0
-3.84387493	6.78219986	3.82056236	0	255	0
-3.85275006	6.78219986	3.82056236	0	255	0
