-2.44399977	69739	-0.0729999989	0	255	0
-2.44399977	69739	-0.0846875012	0	255	0
-2.43899989	69739	-0.0846875012	0	255	0
-2.43899989	69739	-0.119750001	0	255	0
-2.44399977	69726.125	-0.0846875012	0	255	0
-2.43899989	69726.125	-0.0846875012	0	255	0
-2.43899989	69726.125	-0.0729999989	0	255	0
-2.44399977	69726.125	-0.0963750035	0	255	0
-2.43899989	69739	-0.0729999989	0	255	0
-2.43899989	69732.5625	-0.0729999989	0	255	0
-2.43400002	69732.5625	-0.0729999989	0	255	0
-2.43899989	69739	-0.0963750035	0	255	0
-2.43899989	69732.5625	-0.0963750035	0	255	0
-2.43400002	69732.5625	-0.0963750035	0	255	0
-2.43149996	69739	-0.0729999989	0	255	0
-2.4289999	69739	-0.0846875012	0	255	0
-2.43149996	69732.5625	-0.0963750035	0	255	0
-2.43149996	69726.125	-0.0729999989	0	255	0
-2.43400002	69726.125	-0.0963750035	0	255	0
-2.4289999	69726.125	-0.0846875012	0	255	0
-2.4289999	69726.125	-0.0963750035	0	255	0
-2.43650007	69739	-0.108062506	0	255	0
-2.43650007	69739	-0.0963750035	0	255	0
-2.43400002	69739	-0.108062506	0	255	0
-2.43650007	69732.5625	-0.119750001	0	255	0
-2.43400002	69732.5625	-0.0963750035	0	255	0
-2.43400002	69732.5625	-0.108062506	0	255	0
-2.43650007	69732.5625	-0.108062506	0	255	0
-2.43400002	69739	-0.13143751	0	255	0
-2.43400002	69739	-0.0963750035	0	255	0
-2.4289999	69739	-0.13143751	0	255	0
-2.43400002	69726.125	-0.166500002	0	255	0
-2.4289999	69726.125	-0.0963750035	0	255	0
-2.4289999	69726.125	-0.13143751	0	255	0
-2.43400002	69726.125	-0.13143751	0	255	0
-2.43149996	69719.6875	-0.0846875012	0	255	0
-2.43149996	69719.6875	-0.0963750035	0	255	0
-2.4289999	69719.6875	-0.0729999989	0	255	0
-2.4289999	69719.6875	-0.0846875012	0	255	0
-2.43149996	69713.25	-0.0729999989	0	255	0
-2.4289999	69713.25	-0.0729999989	0	255	0
-2.4289999	69713.25	-0.0846875012	0	255	0
-2.43149996	69713.25	-0.0846875012	0	255	0
-2.43899989	69739	-0.0729999989	0	255	0
-2.43899989	69739	-0.108062506	0	255	0
-2.43899989	69726.125	-0.108062506	0	255	0
-2.43899989	69726.125	-0.119750001	0	255	0
-2.4289999	69739	-0.108062506	0	255	0
-2.4289999	69726.125	-0.108062506	0	255	0
-2.4289999	69726.125	-0.119750001	0	255	0
-2.4289999	69732.5625	-0.0729999989	0	255	0
-2.42649984	69732.5625	-0.0963750035	0	255	0
-2.42649984	69732.5625	-0.0963750035	0	255	0
-2.42649984	69726.125	-0.0729999989	0	255	0
-2.4289999	69732.5625	-0.0963750035	0	255	0
-2.42649984	69726.125	-0.0963750035	0	255	0
-2.42649984	69739	-0.0963750035	0	255	0
-2.42399979	69739	-0.0963750035	0	255	0
-2.4289999	69739	-0.108062506	0	255	0
-2.4289999	69732.5625	-0.108062506	0	255	0
-2.4289999	69732.5625	-0.119750001	0	255	0
-2.42399979	69739	-0.119750001	0	255	0
-2.42649984	69726.125	-0.0963750035	0	255	0
-2.42649984	69726.125	-0.119750001	0	255	0
-2.42399979	69739	-0.0729999989	0	255	0
-2.42399979	69739	-0.0846875012	0	255	0
-2.41899991	69739	-0.0846875012	0	255	0
-2.41899991	69739	-0.119750001	0	255	0
-2.42399979	69726.125	-0.0846875012	0	255	0
-2.41899991	69726.125	-0.0846875012	0	255	0
-2.41899991	69726.125	-0.0729999989	0	255	0
-2.4289999	69726.125	-0.108062506	0	255	0
-2.42399979	69726.125	-0.119750001	0	255	0
-2.42399979	69726.125	-0.108062506	0	255	0
-2.42649984	69719.6875	-0.0963750035	0	255	0
-2.4289999	69713.25	-0.108062506	0	255	0
-2.42399979	69713.25	-0.108062506	0	255	0
-2.42399979	69726.125	-0.0846875012	0	255	0
-2.42149973	69726.125	-0.0846875012	0	255	0
-2.42149973	69726.125	-0.0963750035	0	255	0
-2.42399979	69713.25	-0.0846875012	0	255	0
-2.42149973	69713.25	-0.0846875012	0	255	0
-2.42149973	69713.25	-0.0963750035	0	255	0
-2.42649984	69726.125	-0.119750001	0	255	0
-2.42649984	69726.125	-0.108062506	0	255	0
-2.42399979	69726.125	-0.108062506	0	255	0
-2.42649984	69713.25	-0.108062506	0	255	0
-2.42399979	69713.25	-0.108062506	0	255	0
-2.42399979	69713.25	-0.119750001	0	255	0
-2.42649984	69713.25	-0.119750001	0	255	0
-2.42399979	69719.6875	-0.0963750035	0	255	0
-2.41899991	69726.125	-0.0963750035	0	255	0
-2.42399979	69719.6875	-0.119750001	0	255	0
-2.41899991	69726.125	-0.119750001	0	255	0
-2.42149973	69713.25	-0.0963750035	0	255	0
-2.41899991	69713.25	-0.0963750035	0	255	0
-2.42149973	69713.25	-0.119750001	0	255	0
-2.41899991	69732.5625	-0.119750001	0	255	0
-2.41899991	69732.5625	-0.108062506	0	255	0
-2.41650009	69732.5625	-0.108062506	0	255	0
-2.41899991	69726.125	-0.108062506	0	255	0
-2.41650009	69726.125	-0.108062506	0	255	0
-2.41650009	69726.125	-0.119750001	0	255	0
-2.41650009	69726.125	-0.0963750035	0	255	0
-2.41650009	69726.125	-0.119750001	0	255	0
-2.41650009	69719.6875	-0.119750001	0	255	0
-2.41650009	69713.25	-0.0963750035	0	255	0
-2.41650009	69713.25	-0.119750001	0	255	0
-2.4289999	69739	-0.131437495	0	255	0
-2.42649984	69739	-0.119750001	0	255	0
-2.42649984	69739	-0.131437495	0	255	0
-2.42649984	69732.5625	-0.143124998	0	255	0
-2.4289999	69726.125	-0.131437495	0	255	0
-2.42399979	69732.5625	-0.119750001	0	255	0
-2.4289999	69726.125	-0.119750001	0	255	0
-2.42399979	69732.5625	-0.143124998	0	255	0
-2.42649984	69726.125	-0.143124998	0	255	0
-2.42399979	69732.5625	-0.119750001	0	255	0
-2.42149973	69732.5625	-0.143124998	0	255	0
-2.42149973	69732.5625	-0.143124998	0	255	0
-2.42149973	69726.125	-0.119750001	0	255	0
-2.42399979	69732.5625	-0.143124998	0	255	0
-2.42149973	69726.125	-0.143124998	0	255	0
-2.42649984	69739	-0.143124998	0	255	0
-2.42399979	69739	-0.143124998	0	255	0
-2.42649984	69732.5625	-0.166500002	0	255	0
-2.42399979	69732.5625	-0.143124998	0	255	0
-2.4289999	69739	-0.1548125	0	255	0
-2.4289999	69732.5625	-0.1548125	0	255	0
-2.4289999	69732.5625	-0.166500002	0	255	0
-2.42399979	69739	-0.166500002	0	255	0
-2.42399979	69732.5625	-0.166500002	0	255	0
-2.42399979	69739	-0.119750001	0	255	0
-2.42399979	69739	-0.131437495	0	255	0
-2.41899991	69739	-0.131437495	0	255	0
-2.41899991	69739	-0.166500002	0	255	0
-2.42399979	69726.125	-0.131437495	0	255	0
-2.41899991	69726.125	-0.131437495	0	255	0
-2.41899991	69726.125	-0.119750001	0	255	0
-2.42649984	69726.125	-0.1548125	0	255	0
-2.42649984	69726.125	-0.166500002	0	255	0
-2.42399979	69726.125	-0.1548125	0	255	0
-2.42649984	69713.25	-0.166500002	0	255	0
-2.42399979	69713.25	-0.1548125	0	255	0
-2.42649984	69713.25	-0.1548125	0	255	0
-2.42149973	69726.125	-0.119750001	0	255	0
-2.42149973	69726.125	-0.143124998	0	255	0
-2.42399979	69719.6875	-0.143124998	0	255	0
-2.42149973	69719.6875	-0.143124998	0	255	0
-2.42399979	69713.25	-0.131437495	0	255	0
-2.41899991	69719.6875	-0.119750001	0	255	0
-2.41899991	69719.6875	-0.131437495	0	255	0
-2.41899991	69713.25	-0.131437495	0	255	0
-2.42149973	69726.125	-0.166500002	0	255	0
-2.42149973	69726.125	-0.1548125	0	255	0
-2.41899991	69726.125	-0.1548125	0	255	0
-2.41899991	69726.125	-0.166500002	0	255	0
-2.42149973	69713.25	-0.1548125	0	255	0
-2.41899991	69713.25	-0.1548125	0	255	0
-2.42149973	69713.25	-0.166500002	0	255	0
-2.41899991	69739	-0.119750001	0	255	0
-2.41400003	69739	-0.119750001	0	255	0
-2.41899991	69739	-0.189875007	0	255	0
-2.41400003	69739	-0.189875007	0	255	0
-2.41400003	69726.125	-0.189875007	0	255	0
-2.40899992	69726.125	-0.119750001	0	255	0
-2.40899992	69726.125	-0.1548125	0	255	0
-2.40899992	69713.25	-0.119750001	0	255	0
-2.40899992	69713.25	-0.1548125	0	255	0
-2.41400003	69713.25	-0.189875007	0	255	0
-2.41899991	69713.25	-0.189875007	0	255	0
-2.4289999	69713.25	-0.1548125	0	255	0
-2.4289999	69706.8125	-0.166500002	0	255	0
-2.4289999	69706.8125	-0.1548125	0	255	0
-2.42399979	69713.25	-0.1548125	0	255	0
-2.42649984	69700.375	-0.166500002	0	255	0
-2.42399979	69700.375	-0.1548125	0	255	0
-2.42649984	69700.375	-0.1548125	0	255	0
-2.42399979	69713.25	-0.1548125	0	255	0
-2.41899991	69713.25	-0.166500002	0	255	0
-2.41899991	69713.25	-0.1548125	0	255	0
-2.42149973	69706.8125	-0.143124998	0	255	0
-2.42399979	69700.375	-0.1548125	0	255	0
-2.41899991	69700.375	-0.1548125	0	255	0
-2.42649984	69700.375	-0.131437495	0	255	0
-2.42649984	69700.375	-0.119750001	0	255	0
-2.42399979	69700.375	-0.131437495	0	255	0
-2.4289999	69693.9375	-0.131437495	0	255	0
-2.4289999	69693.9375	-0.119750001	0	255	0
-2.42649984	69693.9375	-0.143124998	0	255	0
-2.4289999	69687.5	-0.131437495	0	255	0
-2.42399979	69687.5	-0.166500002	0	255	0
-2.42399979	69687.5	-0.131437495	0	255	0
-2.42399979	69700.375	-0.1548125	0	255	0
-2.41899991	69700.375	-0.1548125	0	255	0
-2.42149973	69693.9375	-0.143124998	0	255	0
-2.42399979	69687.5	-0.1548125	0	255	0
-2.41899991	69687.5	-0.0729999989	0	255	0
-2.41899991	69687.5	-0.1548125	0	255	0
-2.41899991	69713.25	-0.0846875012	0	255	0
-2.41400003	69713.25	-0.0846875012	0	255	0
-2.41400003	69713.25	-0.0963750035	0	255	0
-2.41899991	69700.375	-0.0846875012	0	255	0
-2.41400003	69700.375	-0.0846875012	0	255	0
-2.41400003	69706.8125	-0.0963750035	0	255	0
-2.41400003	69706.8125	-0.0846875012	0	255	0
-2.41149998	69706.8125	-0.0846875012	0	255	0
-2.41400003	69700.375	-0.0846875012	0	255	0
-2.41149998	69700.375	-0.0846875012	0	255	0
-2.41149998	69700.375	-0.0963750035	0	255	0
-2.41899991	69713.25	-0.108062506	0	255	0
-2.41650009	69713.25	-0.0963750035	0	255	0
-2.41650009	69713.25	-0.108062506	0	255	0
-2.41899991	69706.8125	-0.0963750035	0	255	0
-2.41400003	69706.8125	-0.0963750035	0	255	0
-2.41400003	69706.8125	-0.108062506	0	255	0
-2.41650009	69700.375	-0.0963750035	0	255	0
-2.41400003	69700.375	-0.108062506	0	255	0
-2.41899991	69706.8125	-0.119750001	0	255	0
-2.41899991	69700.375	-0.108062506	0	255	0
-2.41650009	69700.375	-0.119750001	0	255	0
-2.41400003	69713.25	-0.0729999989	0	255	0
-2.41400003	69713.25	-0.0846875012	0	255	0
-2.40899992	69713.25	-0.0846875012	0	255	0
-2.40899992	69713.25	-0.119750001	0	255	0
-2.41400003	69700.375	-0.0846875012	0	255	0
-2.40899992	69700.375	-0.0846875012	0	255	0
-2.40899992	69700.375	-0.0729999989	0	255	0
-2.41899991	69700.375	-0.108062506	0	255	0
-2.41400003	69700.375	-0.108062506	0	255	0
-2.41650009	69693.9375	-0.0963750035	0	255	0
-2.41899991	69687.5	-0.108062506	0	255	0
-2.41400003	69687.5	-0.108062506	0	255	0
-2.41400003	69700.375	-0.0846875012	0	255	0
-2.41149998	69700.375	-0.0846875012	0	255	0
-2.41149998	69700.375	-0.0963750035	0	255	0
-2.41400003	69687.5	-0.0846875012	0	255	0
-2.41149998	69687.5	-0.0846875012	0	255	0
-2.41149998	69687.5	-0.0963750035	0	255	0
-2.41650009	69700.375	-0.0963750035	0	255	0
-2.41650009	69700.375	-0.119750001	0	255	0
-2.41650009	69693.9375	-0.119750001	0	255	0
-2.41400003	69693.9375	-0.0963750035	0	255	0
-2.41400003	69693.9375	-0.108062506	0	255	0
-2.41400003	69687.5	-0.108062506	0	255	0
-2.41650009	69687.5	-0.119750001	0	255	0
-2.41400003	69700.375	-0.108062506	0	255	0
-2.41149998	69700.375	-0.0963750035	0	255	0
-2.41149998	69700.375	-0.108062506	0	255	0
-2.41149998	69693.9375	-0.119750001	0	255	0
-2.41149998	69687.5	-0.0963750035	0	255	0
-2.41149998	69687.5	-0.108062506	0	255	0
-2.41400003	69687.5	-0.108062506	0	255	0
-2.42649984	69713.25	-0.131437495	0	255	0
-2.42649984	69713.25	-0.119750001	0	255	0
-2.42399979	69713.25	-0.131437495	0	255	0
-2.42649984	69706.8125	-0.143124998	0	255	0
-2.42399979	69706.8125	-0.119750001	0	255	0
-2.42399979	69706.8125	-0.131437495	0	255	0
-2.42649984	69706.8125	-0.131437495	0	255	0
-2.42399979	69713.25	-0.131437495	0	255	0
-2.42399979	69706.8125	-0.119750001	0	255	0
-2.42399979	69706.8125	-0.131437495	0	255	0
-2.41899991	69713.25	-0.131437495	0	255	0
-2.42149973	69700.375	-0.119750001	0	255	0
-2.41899991	69700.375	-0.131437495	0	255	0
-2.42149973	69700.375	-0.131437495	0	255	0
-2.42399979	69713.25	-0.119750001	0	255	0
-2.42399979	69713.25	-0.131437495	0	255	0
-2.41899991	69713.25	-0.131437495	0	255	0
-2.42399979	69700.375	-0.131437495	0	255	0
-2.41899991	69700.375	-0.131437495	0	255	0
-2.41899991	69700.375	-0.119750001	0	255	0
-2.42399979	69700.375	-0.143124998	0	255	0
-2.42649984	69693.9375	-0.1548125	0	255	0
-2.42649984	69693.9375	-0.143124998	0	255	0
-2.42399979	69693.9375	-0.166500002	0	255	0
-2.42399979	69693.9375	-0.1548125	0	255	0
-2.42649984	69687.5	-0.166500002	0	255	0
-2.42399979	69687.5	-0.1548125	0	255	0
-2.42649984	69687.5	-0.1548125	0	255	0
-2.42149973	69700.375	-0.131437495	0	255	0
-2.42149973	69700.375	-0.119750001	0	255	0
-2.41899991	69700.375	-0.131437495	0	255	0
-2.42399979	69693.9375	-0.131437495	0	255	0
-2.42399979	69693.9375	-0.119750001	0	255	0
-2.42149973	69693.9375	-0.143124998	0	255	0
-2.42399979	69687.5	-0.131437495	0	255	0
-2.41899991	69693.9375	-0.143124998	0	255	0
-2.41899991	69687.5	-0.143124998	0	255	0
-2.42149973	69687.5	-0.143124998	0	255	0
-2.42399979	69687.5	-0.143124998	0	255	0
-2.42149973	69693.9375	-0.1548125	0	255	0
-2.41899991	69693.9375	-0.1548125	0	255	0
-2.41899991	69693.9375	-0.166500002	0	255	0
-2.42149973	69687.5	-0.1548125	0	255	0
-2.41899991	69687.5	-0.1548125	0	255	0
-2.42149973	69687.5	-0.166500002	0	255	0
-2.41650009	69713.25	-0.143124998	0	255	0
-2.41650009	69713.25	-0.131437495	0	255	0
-2.41400003	69713.25	-0.131437495	0	255	0
-2.41899991	69706.8125	-0.119750001	0	255	0
-2.41650009	69706.8125	-0.143124998	0	255	0
-2.41650009	69706.8125	-0.143124998	0	255	0
-2.41650009	69700.375	-0.119750001	0	255	0
-2.41899991	69706.8125	-0.143124998	0	255	0
-2.41400003	69700.375	-0.131437495	0	255	0
-2.41400003	69713.25	-0.131437495	0	255	0
-2.41149998	69713.25	-0.131437495	0	255	0
-2.41149998	69713.25	-0.143124998	0	255	0
-2.41400003	69700.375	-0.131437495	0	255	0
-2.41149998	69700.375	-0.131437495	0	255	0
-2.41149998	69700.375	-0.143124998	0	255	0
-2.41899991	69713.25	-0.143124998	0	255	0
-2.41400003	69713.25	-0.1548125	0	255	0
-2.41650009	69713.25	-0.166500002	0	255	0
-2.41650009	69706.8125	-0.166500002	0	255	0
-2.41400003	69700.375	-0.1548125	0	255	0
-2.41650009	69700.375	-0.166500002	0	255	0
-2.41400003	69713.25	-0.119750001	0	255	0
-2.41400003	69713.25	-0.131437495	0	255	0
-2.40899992	69713.25	-0.131437495	0	255	0
-2.40899992	69713.25	-0.166500002	0	255	0
-2.41400003	69700.375	-0.131437495	0	255	0
-2.40899992	69700.375	-0.131437495	0	255	0
-2.40899992	69700.375	-0.119750001	0	255	0
-2.41899991	69700.375	-0.1548125	0	255	0
-2.41400003	69700.375	-0.1548125	0	255	0
-2.41650009	69693.9375	-0.143124998	0	255	0
-2.41899991	69687.5	-0.1548125	0	255	0
-2.41400003	69687.5	-0.1548125	0	255	0
-2.41400003	69700.375	-0.131437495	0	255	0
-2.40899992	69700.375	-0.131437495	0	255	0
-2.40899992	69700.375	-0.143124998	0	255	0
-2.40899992	69693.9375	-0.131437495	0	255	0
-2.40899992	69693.9375	-0.143124998	0	255	0
-2.41400003	69687.5	-0.131437495	0	255	0
-2.41149998	69687.5	-0.131437495	0	255	0
-2.41149998	69687.5	-0.143124998	0	255	0
-2.41650009	69700.375	-0.143124998	0	255	0
-2.41899991	69700.375	-0.1548125	0	255	0
-2.41899991	69693.9375	-0.143124998	0	255	0
-2.41650009	69693.9375	-0.166500002	0	255	0
-2.41400003	69687.5	-0.166500002	0	255	0
-2.41400003	69700.375	-0.1548125	0	255	0
-2.41149998	69700.375	-0.143124998	0	255	0
-2.41149998	69700.375	-0.1548125	0	255	0
-2.41149998	69693.9375	-0.166500002	0	255	0
-2.41149998	69687.5	-0.143124998	0	255	0
-2.41149998	69687.5	-0.1548125	0	255	0
-2.41400003	69687.5	-0.1548125	0	255	0
-2.43149996	69739	-0.166500002	0	255	0
-2.43149996	69732.5625	-0.189875007	0	255	0
-2.4289999	69732.5625	-0.166500002	0	255	0
-2.43400002	69739	-0.189875007	0	255	0
-2.43400002	69739	-0.178187504	0	255	0
-2.43400002	69732.5625	-0.178187504	0	255	0
-2.43400002	69732.5625	-0.189875007	0	255	0
-2.4289999	69732.5625	-0.189875007	0	255	0
-2.43400002	69739	-0.224937499	0	255	0
-2.43400002	69739	-0.189875007	0	255	0
-2.4289999	69739	-0.224937499	0	255	0
-2.43400002	69726.125	-0.25999999	0	255	0
-2.4289999	69726.125	-0.189875007	0	255	0
-2.4289999	69726.125	-0.224937499	0	255	0
-2.43400002	69726.125	-0.224937499	0	255	0
-2.43400002	69739	-0.213249996	0	255	0
-2.43400002	69739	-0.201562494	0	255	0
-2.4289999	69739	-0.201562494	0	255	0
-2.4289999	69739	-0.25999999	0	255	0
-2.43400002	69726.125	-0.201562494	0	255	0
-2.4289999	69726.125	-0.201562494	0	255	0
-2.4289999	69726.125	-0.213249996	0	255	0
-2.43899989	69713.25	-0.189875007	0	255	0
-2.4289999	69739	-0.0729999989	0	255	0
-2.4289999	69739	-0.1548125	0	255	0
-2.4289999	69726.125	-0.1548125	0	255	0
-2.4289999	69726.125	-0.166500002	0	255	0
-2.41899991	69739	-0.1548125	0	255	0
-2.41899991	69739	-0.166500002	0	255	0
-2.42399979	69713.25	-0.1548125	0	255	0
-2.41899991	69713.25	-0.1548125	0	255	0
-2.42399979	69713.25	-0.166500002	0	255	0
-2.41899991	69739	-0.119750001	0	255	0
-2.41899991	69739	-0.131437495	0	255	0
-2.40899992	69739	-0.131437495	0	255	0
-2.40899992	69739	-0.25999999	0	255	0
-2.41899991	69713.25	-0.131437495	0	255	0
-2.40899992	69713.25	-0.131437495	0	255	0
-2.40899992	69713.25	-0.119750001	0	255	0
-2.41899991	69713.25	-0.143124998	0	255	0
-2.42399979	69713.25	-0.166500002	0	255	0
-2.42399979	69713.25	-0.1548125	0	255	0
-2.41899991	69713.25	-0.1548125	0	255	0
-2.42399979	69687.5	-0.1548125	0	255	0
-2.41899991	69687.5	-0.1548125	0	255	0
-2.42399979	69687.5	-0.166500002	0	255	0
-2.41899991	69713.25	-0.1548125	0	255	0
-2.40899992	69713.25	-0.1548125	0	255	0
-2.40899992	69713.25	-0.166500002	0	255	0
-2.41899991	69687.5	-0.1548125	0	255	0
-2.40899992	69687.5	-0.1548125	0	255	0
-2.40899992	69687.5	-0.0729999989	0	255	0
-2.43400002	69668.1875	-0.248312488	0	255	0
-2.43400002	69668.1875	-0.25999999	0	255	0
-2.43149996	69668.1875	-0.236624986	0	255	0
-2.43400002	69661.75	-0.248312488	0	255	0
-2.4289999	69668.1875	-0.25999999	0	255	0
-2.4289999	69668.1875	-0.248312488	0	255	0
-2.4289999	69661.75	-0.248312488	0	255	0
-2.44399977	69655.3125	-0.178187504	0	255	0
-2.44399977	69655.3125	-0.166500002	0	255	0
-2.44149971	69655.3125	-0.189875007	0	255	0
-2.44399977	69648.875	-0.178187504	0	255	0
-2.43899989	69655.3125	-0.166500002	0	255	0
-2.43899989	69655.3125	-0.178187504	0	255	0
-2.43899989	69648.875	-0.178187504	0	255	0
-2.44649982	69648.875	-0.201562494	0	255	0
-2.44649982	69648.875	-0.213249996	0	255	0
-2.44399977	69648.875	-0.201562494	0	255	0
-2.44899988	69642.4375	-0.201562494	0	255	0
-2.44899988	69642.4375	-0.213249996	0	255	0
-2.44649982	69642.4375	-0.189875007	0	255	0
-2.44899988	69636	-0.201562494	0	255	0
-2.44399977	69636	-0.166500002	0	255	0
-2.44399977	69636	-0.201562494	0	255	0
-2.44399977	69648.875	-0.178187504	0	255	0
-2.43899989	69648.875	-0.178187504	0	255	0
-2.44149971	69642.4375	-0.189875007	0	255	0
-2.44399977	69636	-0.178187504	0	255	0
-2.43899989	69636	-0.25999999	0	255	0
-2.43899989	69636	-0.178187504	0	255	0
-2.43899989	69661.75	-0.248312488	0	255	0
-2.43899989	69661.75	-0.166500002	0	255	0
-2.43400002	69661.75	-0.248312488	0	255	0
-2.43650007	69655.3125	-0.236624986	0	255	0
-2.43899989	69648.875	-0.248312488	0	255	0
-2.43400002	69648.875	-0.248312488	0	255	0
-2.43400002	69661.75	-0.248312488	0	255	0
-2.4289999	69661.75	-0.248312488	0	255	0
-2.43149996	69655.3125	-0.236624986	0	255	0
-2.43400002	69648.875	-0.248312488	0	255	0
-2.4289999	69648.875	-0.25999999	0	255	0
-2.4289999	69648.875	-0.248312488	0	255	0
-2.43899989	69648.875	-0.224937499	0	255	0
-2.43899989	69648.875	-0.25999999	0	255	0
-2.43400002	69648.875	-0.224937499	0	255	0
-2.43400002	69642.4375	-0.213249996	0	255	0
-2.43400002	69642.4375	-0.224937499	0	255	0
-2.43650007	69642.4375	-0.236624986	0	255	0
-2.43650007	69636	-0.213249996	0	255	0
-2.43650007	69636	-0.224937499	0	255	0
-2.43899989	69636	-0.224937499	0	255	0
-2.4289999	69687.5	-0.0846875012	0	255	0
-2.42649984	69687.5	-0.0963750035	0	255	0
-2.42399979	69687.5	-0.0963750035	0	255	0
-2.42649984	69681.0625	-0.0963750035	0	255	0
-2.4289999	69681.0625	-0.0963750035	0	255	0
-2.4289999	69674.625	-0.0963750035	0	255	0
-2.42399979	69687.5	-0.0846875012	0	255	0
-2.41899991	69687.5	-0.0729999989	0	255	0
-2.41899991	69687.5	-0.0846875012	0	255	0
-2.41899991	69681.0625	-0.0729999989	0	255	0
-2.41899991	69681.0625	-0.0846875012	0	255	0
-2.42149973	69681.0625	-0.0963750035	0	255	0
-2.42149973	69674.625	-0.0729999989	0	255	0
-2.42149973	69674.625	-0.0846875012	0	255	0
-2.42399979	69674.625	-0.0846875012	0	255	0
-2.42399979	69687.5	-0.0729999989	0	255	0
-2.42399979	69687.5	-0.0846875012	0	255	0
-2.41899991	69687.5	-0.0846875012	0	255	0
-2.42399979	69674.625	-0.0846875012	0	255	0
-2.41899991	69674.625	-0.0846875012	0	255	0
-2.41899991	69674.625	-0.0729999989	0	255	0
-2.4289999	69674.625	-0.108062506	0	255	0
-2.42399979	69674.625	-0.108062506	0	255	0
-2.42399979	69668.1875	-0.119750001	0	255	0
-2.42399979	69668.1875	-0.108062506	0	255	0
-2.42649984	69668.1875	-0.0963750035	0	255	0
-2.42649984	69661.75	-0.119750001	0	255	0
-2.42649984	69661.75	-0.108062506	0	255	0
-2.4289999	69661.75	-0.108062506	0	255	0
-2.42649984	69674.625	-0.119750001	0	255	0
-2.42649984	69674.625	-0.108062506	0	255	0
-2.42399979	69674.625	-0.108062506	0	255	0
-2.4289999	69668.1875	-0.108062506	0	255	0
-2.4289999	69668.1875	-0.0963750035	0	255	0
-2.42649984	69668.1875	-0.119750001	0	255	0
-2.4289999	69661.75	-0.108062506	0	255	0
-2.42399979	69668.1875	-0.0963750035	0	255	0
-2.42649984	69661.75	-0.119750001	0	255	0
-2.41899991	69674.625	-0.0963750035	0	255	0
-2.41899991	69674.625	-0.108062506	0	255	0
-2.41899991	69668.1875	-0.0963750035	0	255	0
-2.41899991	69668.1875	-0.108062506	0	255	0
-2.42149973	69674.625	-0.119750001	0	255	0
-2.42149973	69668.1875	-0.119750001	0	255	0
-2.42149973	69661.75	-0.0963750035	0	255	0
-2.42149973	69661.75	-0.119750001	0	255	0
-2.41899991	69687.5	-0.0846875012	0	255	0
-2.41400003	69687.5	-0.0846875012	0	255	0
-2.41400003	69687.5	-0.0963750035	0	255	0
-2.41400003	69681.0625	-0.0846875012	0	255	0
-2.41400003	69681.0625	-0.0963750035	0	255	0
-2.41899991	69674.625	-0.0846875012	0	255	0
-2.41650009	69674.625	-0.0846875012	0	255	0
-2.41650009	69674.625	-0.0963750035	0	255	0
-2.41899991	69687.5	-0.108062506	0	255	0
-2.41650009	69687.5	-0.0963750035	0	255	0
-2.41650009	69687.5	-0.108062506	0	255	0
-2.41650009	69681.0625	-0.119750001	0	255	0
-2.41650009	69674.625	-0.0963750035	0	255	0
-2.41650009	69674.625	-0.108062506	0	255	0
-2.41899991	69674.625	-0.108062506	0	255	0
-2.41899991	69674.625	-0.108062506	0	255	0
-2.41650009	69674.625	-0.0963750035	0	255	0
-2.41650009	69674.625	-0.108062506	0	255	0
-2.41899991	69668.1875	-0.0963750035	0	255	0
-2.41650009	69668.1875	-0.119750001	0	255	0
-2.41650009	69668.1875	-0.108062506	0	255	0
-2.41899991	69668.1875	-0.108062506	0	255	0
-2.42649984	69687.5	-0.131437495	0	255	0
-2.42649984	69687.5	-0.119750001	0	255	0
-2.42399979	69687.5	-0.131437495	0	255	0
-2.42649984	69674.625	-0.119750001	0	255	0
-2.42399979	69674.625	-0.131437495	0	255	0
-2.42649984	69674.625	-0.131437495	0	255	0
-2.42399979	69687.5	-0.131437495	0	255	0
-2.41899991	69687.5	-0.131437495	0	255	0
-2.42149973	69681.0625	-0.143124998	0	255	0
-2.42399979	69674.625	-0.131437495	0	255	0
-2.41899991	69674.625	-0.119750001	0	255	0
-2.41899991	69674.625	-0.131437495	0	255	0
-2.42399979	69687.5	-0.119750001	0	255	0
-2.42399979	69687.5	-0.131437495	0	255	0
-2.41899991	69687.5	-0.131437495	0	255	0
-2.41899991	69687.5	-0.166500002	0	255	0
-2.42399979	69674.625	-0.131437495	0	255	0
-2.41899991	69674.625	-0.131437495	0	255	0
-2.41899991	69674.625	-0.119750001	0	255	0
-2.4289999	69674.625	-0.1548125	0	255	0
-2.4289999	69674.625	-0.119750001	0	255	0
-2.42399979	69674.625	-0.1548125	0	255	0
-2.42649984	69668.1875	-0.143124998	0	255	0
-2.4289999	69661.75	-0.1548125	0	255	0
-2.42399979	69661.75	-0.119750001	0	255	0
-2.42399979	69661.75	-0.1548125	0	255	0
-2.42399979	69674.625	-0.131437495	0	255	0
-2.42149973	69674.625	-0.119750001	0	255	0
-2.42149973	69674.625	-0.131437495	0	255	0
-2.42399979	69668.1875	-0.119750001	0	255	0
-2.42149973	69668.1875	-0.143124998	0	255	0
-2.42149973	69668.1875	-0.131437495	0	255	0
-2.42399979	69668.1875	-0.131437495	0	255	0
-2.42649984	69674.625	-0.1548125	0	255	0
-2.42649984	69674.625	-0.143124998	0	255	0
-2.42399979	69674.625	-0.1548125	0	255	0
-2.42649984	69661.75	-0.143124998	0	255	0
-2.4289999	69661.75	-0.143124998	0	255	0
-2.42399979	69668.1875	-0.166500002	0	255	0
-2.42649984	69661.75	-0.166500002	0	255	0
-2.42149973	69674.625	-0.143124998	0	255	0
-2.41899991	69674.625	-0.143124998	0	255	0
-2.42399979	69674.625	-0.1548125	0	255	0
-2.41899991	69674.625	-0.166500002	0	255	0
-2.42399979	69668.1875	-0.143124998	0	255	0
-2.42149973	69668.1875	-0.166500002	0	255	0
-2.41899991	69661.75	-0.143124998	0	255	0
-2.4289999	69636	-0.0729999989	0	255	0
-2.41899991	69687.5	-0.0729999989	0	255	0
-2.41899991	69687.5	-0.108062506	0	255	0
-2.40899992	69687.5	-0.108062506	0	255	0
-2.40899992	69674.625	-0.108062506	0	255	0
-2.40899992	69674.625	-0.119750001	0	255	0
-2.41899991	69661.75	-0.108062506	0	255	0
-2.41400003	69661.75	-0.108062506	0	255	0
-2.41400003	69661.75	-0.119750001	0	255	0
-2.41899991	69661.75	-0.119750001	0	255	0
-2.4289999	69661.75	-0.1548125	0	255	0
-2.4289999	69655.3125	-0.166500002	0	255	0
-2.4289999	69655.3125	-0.1548125	0	255	0
-2.42399979	69661.75	-0.166500002	0	255	0
-2.42399979	69661.75	-0.1548125	0	255	0
-2.42399979	69655.3125	-0.166500002	0	255	0
-2.42399979	69655.3125	-0.1548125	0	255	0
-2.42649984	69661.75	-0.119750001	0	255	0
-2.4289999	69655.3125	-0.119750001	0	255	0
-2.42649984	69655.3125	-0.143124998	0	255	0
-2.42649984	69661.75	-0.143124998	0	255	0
-2.4289999	69648.875	-0.119750001	0	255	0
-2.4289999	69655.3125	-0.143124998	0	255	0
-2.4289999	69655.3125	-0.143124998	0	255	0
-2.42399979	69661.75	-0.143124998	0	255	0
-2.42399979	69655.3125	-0.143124998	0	255	0
-2.4289999	69661.75	-0.166500002	0	255	0
-2.42399979	69661.75	-0.166500002	0	255	0
-2.42399979	69655.3125	-0.166500002	0	255	0
-2.4289999	69648.875	-0.1548125	0	255	0
-2.42649984	69648.875	-0.1548125	0	255	0
-2.42649984	69648.875	-0.166500002	0	255	0
-2.4289999	69648.875	-0.166500002	0	255	0
-2.43149996	69668.1875	-0.178187504	0	255	0
-2.43149996	69668.1875	-0.189875007	0	255	0
-2.4289999	69668.1875	-0.166500002	0	255	0
-2.4289999	69668.1875	-0.178187504	0	255	0
-2.43149996	69661.75	-0.166500002	0	255	0
-2.4289999	69661.75	-0.178187504	0	255	0
-2.43149996	69661.75	-0.178187504	0	255	0
-2.43650007	69655.3125	-0.189875007	0	255	0
-2.43400002	69655.3125	-0.166500002	0	255	0
-2.43400002	69655.3125	-0.178187504	0	255	0
-2.43650007	69648.875	-0.166500002	0	255	0
-2.43400002	69648.875	-0.178187504	0	255	0
-2.43899989	69655.3125	-0.189875007	0	255	0
-2.43899989	69655.3125	-0.178187504	0	255	0
-2.43899989	69648.875	-0.178187504	0	255	0
-2.43650007	69648.875	-0.189875007	0	255	0
-2.43899989	69648.875	-0.189875007	0	255	0
-2.43400002	69661.75	-0.178187504	0	255	0
-2.43400002	69661.75	-0.166500002	0	255	0
-2.43400002	69655.3125	-0.166500002	0	255	0
-2.43400002	69655.3125	-0.178187504	0	255	0
-2.4289999	69655.3125	-0.166500002	0	255	0
-2.43149996	69661.75	-0.189875007	0	255	0
-2.4289999	69661.75	-0.189875007	0	255	0
-2.4289999	69655.3125	-0.189875007	0	255	0
-2.43400002	69661.75	-0.166500002	0	255	0
-2.43400002	69661.75	-0.178187504	0	255	0
-2.4289999	69661.75	-0.178187504	0	255	0
-2.4289999	69661.75	-0.213249996	0	255	0
-2.43400002	69648.875	-0.178187504	0	255	0
-2.4289999	69648.875	-0.178187504	0	255	0
-2.4289999	69648.875	-0.166500002	0	255	0
-2.43400002	69648.875	-0.189875007	0	255	0
-2.43899989	69648.875	-0.201562494	0	255	0
-2.43400002	69648.875	-0.201562494	0	255	0
-2.43650007	69642.4375	-0.189875007	0	255	0
-2.43899989	69636	-0.201562494	0	255	0
-2.43400002	69636	-0.166500002	0	255	0
-2.43400002	69636	-0.201562494	0	255	0
-2.42149973	69687.5	-0.178187504	0	255	0
-2.42149973	69687.5	-0.166500002	0	255	0
-2.41899991	69687.5	-0.178187504	0	255	0
-2.42399979	69681.0625	-0.178187504	0	255	0
-2.42399979	69681.0625	-0.166500002	0	255	0
-2.42149973	69681.0625	-0.189875007	0	255	0
-2.42399979	69674.625	-0.178187504	0	255	0
-2.41899991	69674.625	-0.178187504	0	255	0
-2.42399979	69687.5	-0.166500002	0	255	0
-2.42399979	69687.5	-0.178187504	0	255	0
-2.41899991	69687.5	-0.178187504	0	255	0
-2.42399979	69674.625	-0.178187504	0	255	0
-2.41899991	69674.625	-0.178187504	0	255	0
-2.41899991	69674.625	-0.166500002	0	255	0
-2.42399979	69674.625	-0.189875007	0	255	0
-2.4289999	69674.625	-0.201562494	0	255	0
-2.4289999	69674.625	-0.166500002	0	255	0
-2.42399979	69674.625	-0.201562494	0	255	0
-2.42649984	69668.1875	-0.189875007	0	255	0
-2.4289999	69661.75	-0.201562494	0	255	0
-2.42399979	69661.75	-0.166500002	0	255	0
-2.42399979	69661.75	-0.201562494	0	255	0
-2.42399979	69674.625	-0.178187504	0	255	0
-2.42399979	69668.1875	-0.166500002	0	255	0
-2.42399979	69668.1875	-0.178187504	0	255	0
-2.41899991	69674.625	-0.178187504	0	255	0
-2.41899991	69668.1875	-0.166500002	0	255	0
-2.41899991	69668.1875	-0.178187504	0	255	0
-2.42149973	69674.625	-0.189875007	0	255	0
-2.41899991	69674.625	-0.189875007	0	255	0
-2.41899991	69674.625	-0.201562494	0	255	0
-2.42399979	69674.625	-0.201562494	0	255	0
-2.42149973	69674.625	-0.213249996	0	255	0
-2.42399979	69668.1875	-0.189875007	0	255	0
-2.42149973	69668.1875	-0.213249996	0	255	0
-2.41899991	69661.75	-0.189875007	0	255	0
-2.41899991	69661.75	-0.201562494	0	255	0
-2.42149973	69661.75	-0.213249996	0	255	0
-2.42399979	69661.75	-0.213249996	0	255	0
-2.41899991	69687.5	-0.178187504	0	255	0
-2.41650009	69687.5	-0.166500002	0	255	0
-2.41650009	69687.5	-0.189875007	0	255	0
-2.41400003	69687.5	-0.178187504	0	255	0
-2.41650009	69681.0625	-0.189875007	0	255	0
-2.41650009	69674.625	-0.166500002	0	255	0
-2.41899991	69681.0625	-0.189875007	0	255	0
-2.41400003	69674.625	-0.178187504	0	255	0
-2.41149998	69687.5	-0.166500002	0	255	0
-2.40899992	69687.5	-0.178187504	0	255	0
-2.41149998	69681.0625	-0.189875007	0	255	0
-2.40899992	69681.0625	-0.166500002	0	255	0
-2.40899992	69681.0625	-0.178187504	0	255	0
-2.41400003	69687.5	-0.178187504	0	255	0
-2.41149998	69687.5	-0.189875007	0	255	0
-2.41400003	69674.625	-0.178187504	0	255	0
-2.41149998	69674.625	-0.178187504	0	255	0
-2.41149998	69674.625	-0.189875007	0	255	0
-2.41650009	69687.5	-0.189875007	0	255	0
-2.41899991	69687.5	-0.201562494	0	255	0
-2.41400003	69687.5	-0.213249996	0	255	0
-2.41400003	69681.0625	-0.213249996	0	255	0
-2.41650009	69674.625	-0.189875007	0	255	0
-2.41400003	69674.625	-0.201562494	0	255	0
-2.41899991	69674.625	-0.201562494	0	255	0
-2.41650009	69674.625	-0.213249996	0	255	0
-2.41400003	69687.5	-0.224937499	0	255	0
-2.41400003	69687.5	-0.189875007	0	255	0
-2.40899992	69687.5	-0.189875007	0	255	0
-2.40899992	69687.5	-0.224937499	0	255	0
-2.41400003	69674.625	-0.25999999	0	255	0
-2.40899992	69674.625	-0.189875007	0	255	0
-2.40899992	69674.625	-0.224937499	0	255	0
-2.41400003	69674.625	-0.224937499	0	255	0
-2.41899991	69674.625	-0.201562494	0	255	0
-2.41400003	69674.625	-0.201562494	0	255	0
-2.41400003	69668.1875	-0.213249996	0	255	0
-2.41400003	69668.1875	-0.201562494	0	255	0
-2.41650009	69668.1875	-0.189875007	0	255	0
-2.41650009	69661.75	-0.213249996	0	255	0
-2.41650009	69661.75	-0.201562494	0	255	0
-2.41899991	69661.75	-0.201562494	0	255	0
-2.41400003	69674.625	-0.201562494	0	255	0
-2.41400003	69668.1875	-0.189875007	0	255	0
-2.41400003	69668.1875	-0.201562494	0	255	0
-2.41650009	69674.625	-0.213249996	0	255	0
-2.41899991	69661.75	-0.189875007	0	255	0
-2.41899991	69668.1875	-0.213249996	0	255	0
-2.41650009	69668.1875	-0.213249996	0	255	0
-2.41650009	69661.75	-0.189875007	0	255	0
-2.41650009	69661.75	-0.201562494	0	255	0
-2.41899991	69661.75	-0.201562494	0	255	0
-2.42149973	69681.0625	-0.224937499	0	255	0
-2.42149973	69681.0625	-0.236624986	0	255	0
-2.41899991	69681.0625	-0.213249996	0	255	0
-2.41899991	69681.0625	-0.224937499	0	255	0
-2.42149973	69674.625	-0.213249996	0	255	0
-2.41899991	69674.625	-0.224937499	0	255	0
-2.42149973	69674.625	-0.224937499	0	255	0
-2.42649984	69674.625	-0.248312488	0	255	0
-2.42649984	69674.625	-0.25999999	0	255	0
-2.42399979	69674.625	-0.25999999	0	255	0
-2.42399979	69674.625	-0.248312488	0	255	0
-2.42649984	69661.75	-0.25999999	0	255	0
-2.42399979	69661.75	-0.213249996	0	255	0
-2.42399979	69661.75	-0.248312488	0	255	0
-2.42649984	69661.75	-0.248312488	0	255	0
-2.42149973	69674.625	-0.224937499	0	255	0
-2.42149973	69674.625	-0.213249996	0	255	0
-2.41899991	69674.625	-0.224937499	0	255	0
-2.42149973	69668.1875	-0.236624986	0	255	0
-2.41899991	69668.1875	-0.213249996	0	255	0
-2.41899991	69668.1875	-0.224937499	0	255	0
-2.42149973	69668.1875	-0.224937499	0	255	0
-2.41899991	69687.5	-0.166500002	0	255	0
-2.41899991	69687.5	-0.201562494	0	255	0
-2.40899992	69687.5	-0.201562494	0	255	0
-2.40899992	69687.5	-0.25999999	0	255	0
-2.40899992	69674.625	-0.201562494	0	255	0
-2.40899992	69674.625	-0.213249996	0	255	0
-2.41899991	69661.75	-0.201562494	0	255	0
-2.41400003	69661.75	-0.201562494	0	255	0
-2.41400003	69661.75	-0.213249996	0	255	0
-2.41899991	69661.75	-0.213249996	0	255	0
-2.4289999	69661.75	-0.248312488	0	255	0
-2.42399979	69661.75	-0.248312488	0	255	0
-2.42399979	69655.3125	-0.25999999	0	255	0
-2.42399979	69655.3125	-0.248312488	0	255	0
-2.42649984	69655.3125	-0.236624986	0	255	0
-2.42649984	69648.875	-0.25999999	0	255	0
-2.42649984	69648.875	-0.248312488	0	255	0
-2.4289999	69648.875	-0.248312488	0	255	0
-2.42399979	69661.75	-0.248312488	0	255	0
-2.42149973	69661.75	-0.25999999	0	255	0
-2.42149973	69661.75	-0.248312488	0	255	0
-2.42399979	69655.3125	-0.25999999	0	255	0
-2.42149973	69655.3125	-0.236624986	0	255	0
-2.42149973	69655.3125	-0.248312488	0	255	0
-2.42399979	69655.3125	-0.248312488	0	255	0
