-13.8876257	69927	3.31200004	0	255	0
-13.8876257	69927	2.87537503	0	255	0
-13.8775005	69927	2.87537503	0	255	0
-13.8775005	69865.875	2.87537503	0	255	0
-13.8977509	69804.75	2.43875003	0	255	0
-13.8876257	69804.75	3.31200004	0	255	0
-13.8775005	69804.75	3.09368753	0	255	0
-13.8876257	69804.75	3.09368753	0	255	0
-13.9180002	69927	2.43875003	0	255	0
-13.9180002	69927	2.65706253	0	255	0
-13.9180002	69865.875	2.65706253	0	255	0
-13.9180002	69865.875	2.43875003	0	255	0
-13.8977509	69927	2.65706253	0	255	0
-13.8977509	69927	2.43875003	0	255	0
-13.8977509	69865.875	2.65706253	0	255	0
-13.8977509	69865.875	2.43875003	0	255	0
-13.8977509	69927	3.31200004	0	255	0
-13.8977509	69927	3.09368753	0	255	0
-13.8775005	69927	3.09368753	0	255	0
-13.8977509	69804.75	3.09368753	0	255	0
-13.8775005	69804.75	3.09368753	0	255	0
-13.8775005	69804.75	3.31200004	0	255	0
-13.8977509	69804.75	2.87537503	0	255	0
-13.8876257	69804.75	3.09368753	0	255	0
-13.8876257	69804.75	3.31200004	0	255	0
-13.8775005	69804.75	3.09368753	0	255	0
-13.8876257	69743.625	2.87537503	0	255	0
-13.8775005	69743.625	3.31200004	0	255	0
-13.8775005	69743.625	3.09368753	0	255	0
-13.8876257	69743.625	3.09368753	0	255	0
-13.8775005	69865.875	2.87537503	0	255	0
-13.8673754	69865.875	2.87537503	0	255	0
-13.8775005	69804.75	3.09368753	0	255	0
-13.8673754	69804.75	2.87537503	0	255	0
-13.8471251	69865.875	2.87537503	0	255	0
-13.8775005	69865.875	2.43875003	0	255	0
-13.8572502	69927	2.43875003	0	255	0
-13.8673754	69865.875	2.43875003	0	255	0
-13.8775005	69804.75	2.65706253	0	255	0
-13.8673754	69804.75	2.43875003	0	255	0
-13.8572502	69927	2.22043753	0	255	0
-13.8572502	69927	2.87537503	0	255	0
-13.8369999	69927	2.22043753	0	255	0
-13.8572502	69804.75	1.56550002	0	255	0
-13.8369999	69804.75	2.87537503	0	255	0
-13.8369999	69804.75	2.22043753	0	255	0
-13.8572502	69804.75	2.22043753	0	255	0
-13.8775005	69804.75	2.65706253	0	255	0
-13.8775005	69743.625	2.43875003	0	255	0
-13.8775005	69743.625	2.65706253	0	255	0
-13.8572502	69804.75	2.65706253	0	255	0
-13.8572502	69743.625	2.43875003	0	255	0
-13.8572502	69743.625	2.65706253	0	255	0
-13.8572502	69743.625	3.31200004	0	255	0
-13.8369999	69743.625	3.31200004	0	255	0
-13.8572502	69743.625	2.87537503	0	255	0
-13.8369999	69743.625	2.87537503	0	255	0
-13.8572502	69743.625	2.87537503	0	255	0
-13.8369999	69743.625	2.87537503	0	255	0
-13.8572502	69743.625	2.43875003	0	255	0
-13.8369999	69804.75	2.43875003	0	255	0
-13.8369999	69743.625	2.43875003	0	255	0
-13.9078751	69927	2.22043753	0	255	0
-13.9078751	69927	2.43875003	0	255	0
-13.8977509	69927	2.22043753	0	255	0
-13.9078751	69865.875	2.00212502	0	255	0
-13.8977509	69865.875	2.43875003	0	255	0
-13.8977509	69865.875	2.22043753	0	255	0
-13.9078751	69865.875	2.22043753	0	255	0
-13.8977509	69865.875	2.43875003	0	255	0
-13.8775005	69865.875	2.43875003	0	255	0
-13.8977509	69927	2.00212502	0	255	0
-13.8977509	69865.875	2.00212502	0	255	0
-13.8775005	69927	2.00212502	0	255	0
-13.8775005	69865.875	2.00212502	0	255	0
-13.8977509	69927	2.43875003	0	255	0
-13.8977509	69927	2.22043753	0	255	0
-13.8775005	69927	2.22043753	0	255	0
-13.8775005	69927	1.56550002	0	255	0
-13.8977509	69804.75	2.22043753	0	255	0
-13.8775005	69804.75	2.22043753	0	255	0
-13.8775005	69804.75	2.43875003	0	255	0
-13.9078751	69804.75	1.78381252	0	255	0
-13.9078751	69804.75	1.56550002	0	255	0
-13.8977509	69804.75	1.78381252	0	255	0
-13.9180002	69743.625	1.78381252	0	255	0
-13.9180002	69743.625	1.56550002	0	255	0
-13.9078751	69743.625	2.00212502	0	255	0
-13.9180002	69682.5	1.78381252	0	255	0
-13.8977509	69682.5	1.78381252	0	255	0
-13.8977509	69804.75	2.22043753	0	255	0
-13.8775005	69804.75	2.22043753	0	255	0
-13.8977509	69682.5	2.22043753	0	255	0
-13.8775005	69682.5	2.22043753	0	255	0
-13.9180002	69804.75	1.78381252	0	255	0
-13.9180002	69804.75	2.00212502	0	255	0
-13.9078751	69804.75	1.56550002	0	255	0
-13.9078751	69743.625	1.56550002	0	255	0
-13.9180002	69743.625	1.56550002	0	255	0
-13.9180002	69682.5	1.56550002	0	255	0
-13.8775005	69804.75	1.56550002	0	255	0
-13.8876257	69743.625	1.56550002	0	255	0
-13.8775005	69927	3.31200004	0	255	0
-13.8775005	69927	2.65706253	0	255	0
-13.8369999	69927	2.65706253	0	255	0
-13.8775005	69682.5	2.65706253	0	255	0
-13.8775005	69682.5	2.43875003	0	255	0
-13.8369999	69682.5	2.65706253	0	255	0
-13.8369999	69682.5	3.31200004	0	255	0
-13.9078751	69682.5	2.00212502	0	255	0
-13.9078751	69682.5	2.22043753	0	255	0
-13.8977509	69682.5	2.22043753	0	255	0
-13.9078751	69621.375	2.22043753	0	255	0
-13.8977509	69621.375	2.22043753	0	255	0
-13.8977509	69621.375	2.00212502	0	255	0
-13.9180002	69560.25	2.43875003	0	255	0
-13.8977509	69682.5	2.22043753	0	255	0
-13.8977509	69621.375	2.22043753	0	255	0
-13.8977509	69621.375	2.00212502	0	255	0
-13.8775005	69682.5	2.22043753	0	255	0
-13.8775005	69682.5	2.00212502	0	255	0
-13.8775005	69621.375	2.22043753	0	255	0
-13.8775005	69621.375	2.00212502	0	255	0
-13.9078751	69682.5	2.00212502	0	255	0
-13.9078751	69621.375	1.56550002	0	255	0
-13.8977509	69621.375	2.00212502	0	255	0
-13.9078751	69682.5	1.56550002	0	255	0
-13.8977509	69682.5	1.56550002	0	255	0
-13.8977509	69621.375	1.56550002	0	255	0
-13.9180002	69560.25	2.00212502	0	255	0
-13.8977509	69682.5	2.43875003	0	255	0
-13.8977509	69682.5	2.22043753	0	255	0
-13.8775005	69682.5	2.22043753	0	255	0
-13.8977509	69560.25	2.22043753	0	255	0
-13.8775005	69560.25	2.22043753	0	255	0
-13.8775005	69560.25	2.43875003	0	255	0
-13.8977509	69560.25	2.00212502	0	255	0
-13.8775005	69682.5	2.22043753	0	255	0
-13.8572502	69682.5	2.22043753	0	255	0
-13.8775005	69560.25	2.22043753	0	255	0
-13.8572502	69560.25	2.22043753	0	255	0
-13.8572502	69682.5	2.22043753	0	255	0
-13.8369999	69682.5	2.22043753	0	255	0
-13.8369999	69682.5	2.00212502	0	255	0
-13.8572502	69560.25	2.22043753	0	255	0
-13.8369999	69560.25	2.22043753	0	255	0
-13.8572502	69682.5	1.56550002	0	255	0
-13.8673754	69621.375	1.56550002	0	255	0
-13.8775005	69560.25	1.56550002	0	255	0
-13.8572502	69682.5	2.43875003	0	255	0
-13.8572502	69682.5	2.22043753	0	255	0
-13.8369999	69682.5	2.22043753	0	255	0
-13.8369999	69682.5	1.56550002	0	255	0
-13.8572502	69560.25	2.22043753	0	255	0
-13.8369999	69560.25	2.22043753	0	255	0
-13.8369999	69560.25	2.43875003	0	255	0
-13.8775005	69560.25	1.78381252	0	255	0
-13.8572502	69560.25	1.78381252	0	255	0
-13.8673754	69499.125	2.00212502	0	255	0
-13.8775005	69438	1.78381252	0	255	0
-13.8572502	69438	1.78381252	0	255	0
-13.8572502	69560.25	2.22043753	0	255	0
-13.8369999	69560.25	2.22043753	0	255	0
-13.8572502	69438	2.22043753	0	255	0
-13.8369999	69438	2.22043753	0	255	0
-13.8673754	69560.25	2.00212502	0	255	0
-13.8673754	69560.25	1.56550002	0	255	0
-13.8673754	69438	2.00212502	0	255	0
-13.8673754	69438	1.56550002	0	255	0
-13.8369999	69560.25	1.56550002	0	255	0
-13.8471251	69499.125	1.56550002	0	255	0
-13.8268747	69927	3.31200004	0	255	0
-13.8268747	69927	2.87537503	0	255	0
-13.8268747	69865.875	2.87537503	0	255	0
-13.8167496	69865.875	3.31200004	0	255	0
-13.8167496	69865.875	2.87537503	0	255	0
-13.8167496	69865.875	2.87537503	0	255	0
-13.8167496	69865.875	3.09368753	0	255	0
-13.8066244	69865.875	3.09368753	0	255	0
-13.8167496	69804.75	3.09368753	0	255	0
-13.8066244	69804.75	3.09368753	0	255	0
-13.8066244	69804.75	2.87537503	0	255	0
-13.8369999	69927	2.65706253	0	255	0
-13.8167496	69927	2.87537503	0	255	0
-13.8167496	69927	2.65706253	0	255	0
-13.8268747	69865.875	2.43875003	0	255	0
-13.8369999	69865.875	2.43875003	0	255	0
-13.8167496	69865.875	2.43875003	0	255	0
-13.8167496	69927	3.31200004	0	255	0
-13.8167496	69927	3.09368753	0	255	0
-13.7964993	69927	3.09368753	0	255	0
-13.7964993	69927	2.43875003	0	255	0
-13.8167496	69804.75	3.09368753	0	255	0
-13.7964993	69804.75	3.09368753	0	255	0
-13.7964993	69804.75	3.31200004	0	255	0
-13.8369999	69804.75	2.65706253	0	255	0
-13.8369999	69743.625	2.43875003	0	255	0
-13.8369999	69743.625	2.65706253	0	255	0
-13.8167496	69804.75	2.65706253	0	255	0
-13.8167496	69743.625	2.43875003	0	255	0
-13.8167496	69743.625	2.65706253	0	255	0
-13.8369999	69743.625	2.87537503	0	255	0
-13.8167496	69743.625	2.87537503	0	255	0
-13.8369999	69743.625	2.43875003	0	255	0
-13.8167496	69743.625	2.43875003	0	255	0
-13.8369999	69865.875	2.43875003	0	255	0
-13.8268747	69865.875	2.00212502	0	255	0
-13.8167496	69865.875	2.43875003	0	255	0
-13.8369999	69865.875	2.00212502	0	255	0
-13.8167496	69865.875	2.00212502	0	255	0
-13.8167496	69865.875	2.43875003	0	255	0
-13.8066244	69865.875	2.00212502	0	255	0
-13.8066244	69865.875	2.00212502	0	255	0
-13.8066244	69804.75	2.43875003	0	255	0
-13.8167496	69865.875	2.00212502	0	255	0
-13.8066244	69804.75	2.00212502	0	255	0
-13.8369999	69927	1.78381252	0	255	0
-13.8268747	69927	1.78381252	0	255	0
-13.8268747	69927	1.56550002	0	255	0
-13.8369999	69865.875	2.00212502	0	255	0
-13.8268747	69865.875	1.56550002	0	255	0
-13.8167496	69865.875	2.00212502	0	255	0
-13.8167496	69865.875	1.56550002	0	255	0
-13.8167496	69927	2.43875003	0	255	0
-13.8167496	69927	2.22043753	0	255	0
-13.7964993	69927	2.22043753	0	255	0
-13.7964993	69927	1.56550002	0	255	0
-13.8167496	69804.75	2.22043753	0	255	0
-13.7964993	69804.75	2.22043753	0	255	0
-13.7964993	69804.75	2.43875003	0	255	0
-13.8369999	69804.75	1.78381252	0	255	0
-13.8369999	69743.625	1.56550002	0	255	0
-13.8369999	69743.625	1.78381252	0	255	0
-13.8167496	69804.75	1.78381252	0	255	0
-13.8167496	69743.625	1.56550002	0	255	0
-13.8167496	69743.625	1.78381252	0	255	0
-13.8369999	69743.625	2.00212502	0	255	0
-13.8167496	69743.625	2.00212502	0	255	0
-13.8369999	69743.625	1.56550002	0	255	0
-13.8167496	69743.625	1.56550002	0	255	0
-13.8066244	69804.75	2.00212502	0	255	0
-13.8167496	69743.625	2.00212502	0	255	0
-13.8066244	69743.625	1.56550002	0	255	0
-13.8066244	69804.75	1.56550002	0	255	0
-13.8167496	69682.5	2.00212502	0	255	0
-13.8167496	69743.625	1.56550002	0	255	0
-13.8369999	69621.375	2.00212502	0	255	0
-13.8369999	69621.375	2.22043753	0	255	0
-13.8369999	69560.25	2.22043753	0	255	0
-13.8167496	69621.375	2.22043753	0	255	0
-13.8167496	69621.375	2.00212502	0	255	0
-13.8167496	69560.25	2.22043753	0	255	0
-13.8369999	69621.375	2.00212502	0	255	0
-13.8268747	69621.375	1.56550002	0	255	0
-13.8167496	69621.375	2.00212502	0	255	0
-13.8369999	69621.375	1.56550002	0	255	0
-13.8167496	69621.375	1.56550002	0	255	0
-13.8369999	69560.25	1.78381252	0	255	0
-13.8167496	69560.25	1.56550002	0	255	0
-13.8167496	69560.25	1.78381252	0	255	0
-13.8268747	69499.125	2.00212502	0	255	0
-13.8369999	69438	1.78381252	0	255	0
-13.8167496	69438	1.78381252	0	255	0
-13.8167496	69560.25	2.22043753	0	255	0
-13.8066244	69560.25	2.22043753	0	255	0
-13.8066244	69560.25	2.00212502	0	255	0
-13.8167496	69438	2.22043753	0	255	0
-13.7964993	69499.125	2.22043753	0	255	0
-13.7964993	69499.125	2.00212502	0	255	0
-13.7964993	69438	2.22043753	0	255	0
-13.8268747	69499.125	1.56550002	0	255	0
-13.8066244	69560.25	2.00212502	0	255	0
-13.8066244	69560.25	1.56550002	0	255	0
-13.8066244	69499.125	1.56550002	0	255	0
-13.7964993	69499.125	2.00212502	0	255	0
-13.7964993	69499.125	1.56550002	0	255	0
-13.7964993	69438	1.56550002	0	255	0
-13.8876257	69927	1.56550002	0	255	0
-13.8876257	69865.875	1.12887502	0	255	0
-13.8775005	69865.875	1.56550002	0	255	0
-13.8876257	69927	1.12887502	0	255	0
-13.8775005	69927	1.12887502	0	255	0
-13.8775005	69865.875	1.12887502	0	255	0
-13.9180002	69804.75	0.910562515	0	255	0
-13.9180002	69804.75	1.56550002	0	255	0
-13.8977509	69804.75	0.910562515	0	255	0
-13.9078751	69743.625	1.12887502	0	255	0
-13.9180002	69682.5	0.910562515	0	255	0
-13.8977509	69682.5	0.910562515	0	255	0
-13.8775005	69804.75	1.56550002	0	255	0
-13.8876257	69743.625	1.12887502	0	255	0
-13.9180002	69804.75	1.12887502	0	255	0
-13.9180002	69804.75	0.692250013	0	255	0
-13.9078751	69743.625	0.692250013	0	255	0
-13.8775005	69804.75	0.692250013	0	255	0
-13.8876257	69743.625	0.692250013	0	255	0
-13.8775005	69865.875	1.56550002	0	255	0
-13.8775005	69865.875	1.12887502	0	255	0
-13.8673754	69804.75	1.56550002	0	255	0
-13.8673754	69804.75	1.12887502	0	255	0
-13.8471251	69865.875	1.12887502	0	255	0
-13.8775005	69865.875	1.12887502	0	255	0
-13.8572502	69865.875	1.12887502	0	255	0
-13.8775005	69865.875	0.692250013	0	255	0
-13.8572502	69927	0.692250013	0	255	0
-13.8673754	69804.75	0.910562515	0	255	0
-13.8572502	69804.75	0.910562515	0	255	0
-13.8673754	69804.75	0.692250013	0	255	0
-13.8572502	69927	0.473937511	0	255	0
-13.8572502	69927	1.12887502	0	255	0
-13.8369999	69927	0.473937511	0	255	0
-13.8572502	69804.75	-0.180999994	0	255	0
-13.8369999	69804.75	1.12887502	0	255	0
-13.8369999	69804.75	0.473937511	0	255	0
-13.8572502	69804.75	0.473937511	0	255	0
-13.8775005	69804.75	0.910562515	0	255	0
-13.8572502	69804.75	0.910562515	0	255	0
-13.8673754	69743.625	1.12887502	0	255	0
-13.8775005	69682.5	0.910562515	0	255	0
-13.8572502	69682.5	0.910562515	0	255	0
-13.8572502	69743.625	1.56550002	0	255	0
-13.8369999	69743.625	1.56550002	0	255	0
-13.8572502	69743.625	1.12887502	0	255	0
-13.8369999	69743.625	1.12887502	0	255	0
-13.8775005	69804.75	0.692250013	0	255	0
-13.8673754	69743.625	0.692250013	0	255	0
-13.8572502	69682.5	0.692250013	0	255	0
-13.8572502	69743.625	1.12887502	0	255	0
-13.8369999	69743.625	1.12887502	0	255	0
-13.8572502	69743.625	0.692250013	0	255	0
-13.8369999	69804.75	0.692250013	0	255	0
-13.8369999	69743.625	0.692250013	0	255	0
-13.8876257	69927	0.473937511	0	255	0
-13.8876257	69927	0.692250013	0	255	0
-13.8775005	69927	0.473937511	0	255	0
-13.8876257	69865.875	0.25562501	0	255	0
-13.8775005	69865.875	0.692250013	0	255	0
-13.8775005	69865.875	0.473937511	0	255	0
-13.8876257	69865.875	0.473937511	0	255	0
-13.9180002	69804.75	0.0373125076	0	255	0
-13.9180002	69804.75	0.692250013	0	255	0
-13.8977509	69804.75	0.0373125076	0	255	0
-13.9078751	69743.625	0.25562501	0	255	0
-13.9180002	69682.5	0.0373125076	0	255	0
-13.8977509	69682.5	0.0373125076	0	255	0
-13.8775005	69804.75	0.692250013	0	255	0
-13.8876257	69743.625	0.25562501	0	255	0
-13.9078751	69804.75	0.25562501	0	255	0
-13.9078751	69804.75	-0.180999994	0	255	0
-13.9078751	69682.5	0.25562501	0	255	0
-13.9078751	69682.5	-0.180999994	0	255	0
-13.8775005	69804.75	-0.180999994	0	255	0
-13.8876257	69743.625	-0.180999994	0	255	0
-13.8775005	69927	1.56550002	0	255	0
-13.8775005	69927	0.910562515	0	255	0
-13.8369999	69927	0.910562515	0	255	0
-13.8369999	69927	-0.180999994	0	255	0
-13.8775005	69682.5	0.910562515	0	255	0
-13.8369999	69682.5	0.910562515	0	255	0
-13.8369999	69682.5	1.56550002	0	255	0
-13.9078751	69682.5	0.0373125076	0	255	0
-13.9078751	69682.5	-0.180999994	0	255	0
-13.8977509	69682.5	0.0373125076	0	255	0
-13.9078751	69621.375	0.25562501	0	255	0
-13.8977509	69621.375	-0.180999994	0	255	0
-13.8977509	69621.375	0.0373125076	0	255	0
-13.9078751	69621.375	0.0373125076	0	255	0
-13.8977509	69682.5	0.0373125076	0	255	0
-13.8977509	69621.375	-0.180999994	0	255	0
-13.8977509	69621.375	0.0373125076	0	255	0
-13.8775005	69682.5	0.0373125076	0	255	0
-13.8876257	69560.25	-0.180999994	0	255	0
-13.8775005	69560.25	-0.180999994	0	255	0
-13.8775005	69560.25	0.0373125076	0	255	0
-13.8876257	69560.25	0.0373125076	0	255	0
-13.8673754	69621.375	1.12887502	0	255	0
-13.8369999	69682.5	1.56550002	0	255	0
-13.8369999	69682.5	1.12887502	0	255	0
-13.8471251	69621.375	1.12887502	0	255	0
-13.8572502	69682.5	0.692250013	0	255	0
-13.8673754	69621.375	0.692250013	0	255	0
-13.8775005	69560.25	0.692250013	0	255	0
-13.8572502	69682.5	1.56550002	0	255	0
-13.8572502	69682.5	1.34718752	0	255	0
-13.8369999	69682.5	1.34718752	0	255	0
-13.8572502	69560.25	1.34718752	0	255	0
-13.8369999	69560.25	1.34718752	0	255	0
-13.8369999	69560.25	1.56550002	0	255	0
-13.8673754	69560.25	0.910562515	0	255	0
-13.8673754	69560.25	0.692250013	0	255	0
-13.8572502	69560.25	0.910562515	0	255	0
-13.8673754	69438	0.692250013	0	255	0
-13.8572502	69438	0.910562515	0	255	0
-13.8673754	69438	0.910562515	0	255	0
-13.8471251	69499.125	1.12887502	0	255	0
-13.8673754	69560.25	1.12887502	0	255	0
-13.8673754	69499.125	0.692250013	0	255	0
-13.8572502	69499.125	1.12887502	0	255	0
-13.8673754	69560.25	0.692250013	0	255	0
-13.8673754	69438	0.910562515	0	255	0
-13.8572502	69438	0.910562515	0	255	0
-13.8673754	69438	0.692250013	0	255	0
-13.8369999	69560.25	0.692250013	0	255	0
-13.8471251	69499.125	0.692250013	0	255	0
-13.9078751	69682.5	0.692250013	0	255	0
-13.9078751	69621.375	0.25562501	0	255	0
-13.8977509	69621.375	0.692250013	0	255	0
-13.9078751	69682.5	0.25562501	0	255	0
-13.8977509	69621.375	0.25562501	0	255	0
-13.9180002	69560.25	0.692250013	0	255	0
-13.8977509	69621.375	0.692250013	0	255	0
-13.8977509	69621.375	0.25562501	0	255	0
-13.8775005	69682.5	0.25562501	0	255	0
-13.8876257	69560.25	0.692250013	0	255	0
-13.8775005	69560.25	0.692250013	0	255	0
-13.8775005	69560.25	0.25562501	0	255	0
-13.8876257	69560.25	0.25562501	0	255	0
-13.8977509	69682.5	0.692250013	0	255	0
-13.8977509	69682.5	0.473937511	0	255	0
-13.8775005	69682.5	0.473937511	0	255	0
-13.8977509	69560.25	0.473937511	0	255	0
-13.8775005	69560.25	0.473937511	0	255	0
-13.8775005	69560.25	0.692250013	0	255	0
-13.8977509	69560.25	0.25562501	0	255	0
-13.8673754	69621.375	0.25562501	0	255	0
-13.8369999	69682.5	0.25562501	0	255	0
-13.8471251	69621.375	0.25562501	0	255	0
-13.8572502	69682.5	-0.180999994	0	255	0
-13.8673754	69621.375	-0.180999994	0	255	0
-13.8775005	69560.25	-0.180999994	0	255	0
-13.8572502	69682.5	0.692250013	0	255	0
-13.8572502	69682.5	0.473937511	0	255	0
-13.8369999	69682.5	0.473937511	0	255	0
-13.8369999	69682.5	-0.180999994	0	255	0
-13.8572502	69560.25	0.473937511	0	255	0
-13.8369999	69560.25	0.473937511	0	255	0
-13.8369999	69560.25	0.692250013	0	255	0
-13.8775005	69560.25	0.0373125076	0	255	0
-13.8775005	69499.125	-0.180999994	0	255	0
-13.8775005	69499.125	0.0373125076	0	255	0
-13.8572502	69560.25	0.0373125076	0	255	0
-13.8673754	69438	-0.180999994	0	255	0
-13.8572502	69438	0.0373125076	0	255	0
-13.8673754	69438	0.0373125076	0	255	0
-13.8471251	69499.125	0.25562501	0	255	0
-13.8673754	69560.25	-0.180999994	0	255	0
-13.8673754	69560.25	0.0373125076	0	255	0
-13.8572502	69560.25	0.0373125076	0	255	0
-13.8673754	69499.125	0.0373125076	0	255	0
-13.8572502	69499.125	0.0373125076	0	255	0
-13.8572502	69499.125	-0.180999994	0	255	0
-13.8775005	69438	0.25562501	0	255	0
-13.8369999	69560.25	-0.180999994	0	255	0
-13.8471251	69499.125	-0.180999994	0	255	0
-13.8572502	69438	-0.180999994	0	255	0
-13.8369999	69927	3.31200004	0	255	0
-13.8369999	69927	1.78381252	0	255	0
-13.7964993	69927	1.78381252	0	255	0
-13.7964993	69927	1.56550002	0	255	0
-13.8369999	69682.5	1.78381252	0	255	0
-13.7964993	69682.5	1.78381252	0	255	0
-13.8369999	69438	2.43875003	0	255	0
-13.7964993	69927	2.43875003	0	255	0
-13.7964993	69927	2.22043753	0	255	0
-13.7559996	69927	2.22043753	0	255	0
-13.7559996	69927	-0.180999994	0	255	0
-13.7964993	69682.5	2.22043753	0	255	0
-13.7559996	69682.5	2.22043753	0	255	0
-13.7559996	69682.5	2.43875003	0	255	0
-13.7964993	69682.5	2.00212502	0	255	0
-13.8369999	69682.5	1.78381252	0	255	0
-13.8167496	69682.5	1.78381252	0	255	0
-13.8167496	69682.5	1.56550002	0	255	0
-13.8369999	69438	1.78381252	0	255	0
-13.7964993	69560.25	1.78381252	0	255	0
-13.7964993	69560.25	1.56550002	0	255	0
-13.7964993	69438	1.78381252	0	255	0
-13.7964993	69560.25	1.56550002	0	255	0
-13.7964993	69560.25	1.78381252	0	255	0
-13.7762489	69560.25	1.78381252	0	255	0
-13.7964993	69438	2.00212502	0	255	0
-13.7964993	69438	1.78381252	0	255	0
-13.7762489	69438	1.78381252	0	255	0
-13.7762489	69438	1.56550002	0	255	0
-13.8673754	69376.875	0.0373125076	0	255	0
-13.8673754	69376.875	0.25562501	0	255	0
-13.8572502	69376.875	-0.180999994	0	255	0
-13.8572502	69376.875	0.0373125076	0	255	0
-13.8673754	69315.75	-0.180999994	0	255	0
-13.8572502	69315.75	0.0373125076	0	255	0
-13.8673754	69315.75	0.0373125076	0	255	0
-13.8572502	69438	0.0373125076	0	255	0
-13.8572502	69438	-0.180999994	0	255	0
-13.8369999	69438	-0.180999994	0	255	0
-13.8369999	69438	0.0373125076	0	255	0
-13.8471251	69376.875	0.25562501	0	255	0
-13.8572502	69315.75	0.0373125076	0	255	0
-13.8369999	69315.75	0.0373125076	0	255	0
-13.8572502	69315.75	0.0373125076	0	255	0
-13.8572502	69254.625	-0.180999994	0	255	0
-13.8572502	69254.625	0.0373125076	0	255	0
-13.8369999	69315.75	0.0373125076	0	255	0
-13.8471251	69193.5	-0.180999994	0	255	0
-13.8369999	69193.5	-0.180999994	0	255	0
-13.8369999	69193.5	0.0373125076	0	255	0
-13.8471251	69193.5	0.0373125076	0	255	0
-13.8775005	69132.375	0.0373125076	0	255	0
-13.8775005	69132.375	-0.180999994	0	255	0
-13.8673754	69132.375	0.25562501	0	255	0
-13.8775005	69071.25	0.0373125076	0	255	0
-13.8572502	69132.375	-0.180999994	0	255	0
-13.8572502	69132.375	0.0373125076	0	255	0
-13.8572502	69071.25	0.0373125076	0	255	0
-13.8572502	69132.375	0.0373125076	0	255	0
-13.8572502	69132.375	-0.180999994	0	255	0
-13.8471251	69132.375	0.25562501	0	255	0
-13.8572502	69071.25	0.0373125076	0	255	0
-13.8369999	69132.375	-0.180999994	0	255	0
-13.8369999	69132.375	0.0373125076	0	255	0
-13.8369999	69071.25	0.0373125076	0	255	0
-13.8673754	69071.25	0.473937511	0	255	0
-13.8673754	69071.25	0.692250013	0	255	0
-13.8572502	69071.25	0.473937511	0	255	0
-13.8775005	69010.125	0.473937511	0	255	0
-13.8775005	69010.125	0.692250013	0	255	0
-13.8673754	69010.125	0.25562501	0	255	0
-13.8775005	68949	0.473937511	0	255	0
-13.8572502	68949	-0.180999994	0	255	0
-13.8572502	68949	0.473937511	0	255	0
-13.8572502	69071.25	0.0373125076	0	255	0
-13.8369999	69071.25	0.0373125076	0	255	0
-13.8471251	69010.125	0.25562501	0	255	0
-13.8572502	68949	0.0373125076	0	255	0
-13.8369999	68949	0.0373125076	0	255	0
-13.8369999	69438	2.22043753	0	255	0
-13.8167496	69438	2.22043753	0	255	0
-13.8369999	69315.75	2.22043753	0	255	0
-13.8167496	69315.75	2.22043753	0	255	0
-13.8167496	69438	2.22043753	0	255	0
-13.7964993	69438	2.22043753	0	255	0
-13.7964993	69438	2.00212502	0	255	0
-13.8167496	69315.75	2.22043753	0	255	0
-13.7964993	69315.75	2.22043753	0	255	0
-13.8167496	69438	1.56550002	0	255	0
-13.8268747	69376.875	1.56550002	0	255	0
-13.8167496	69438	2.43875003	0	255	0
-13.8167496	69438	2.22043753	0	255	0
-13.7964993	69438	2.22043753	0	255	0
-13.7964993	69438	1.56550002	0	255	0
-13.8167496	69315.75	2.22043753	0	255	0
-13.7964993	69315.75	2.22043753	0	255	0
-13.7964993	69315.75	2.43875003	0	255	0
-13.8369999	69315.75	1.78381252	0	255	0
-13.8167496	69315.75	1.78381252	0	255	0
-13.8268747	69254.625	2.00212502	0	255	0
-13.8369999	69193.5	1.78381252	0	255	0
-13.8167496	69193.5	1.78381252	0	255	0
-13.8167496	69315.75	2.22043753	0	255	0
-13.7964993	69315.75	2.22043753	0	255	0
-13.8167496	69193.5	2.22043753	0	255	0
-13.7964993	69193.5	2.22043753	0	255	0
-13.8268747	69254.625	1.56550002	0	255	0
-13.7964993	69315.75	1.56550002	0	255	0
-13.8066244	69254.625	1.56550002	0	255	0
-13.7964993	69438	3.31200004	0	255	0
-13.7964993	69438	2.65706253	0	255	0
-13.7762489	69438	2.65706253	0	255	0
-13.7762489	69438	2.43875003	0	255	0
-13.7964993	69193.5	2.65706253	0	255	0
-13.7762489	69193.5	2.65706253	0	255	0
-13.7762489	69193.5	2.43875003	0	255	0
-13.7964993	69193.5	2.43875003	0	255	0
-13.8369999	69132.375	1.78381252	0	255	0
-13.8369999	69132.375	1.56550002	0	255	0
-13.8268747	69132.375	2.00212502	0	255	0
-13.8369999	69071.25	1.78381252	0	255	0
-13.8167496	69132.375	1.56550002	0	255	0
-13.8167496	69132.375	1.78381252	0	255	0
-13.8167496	69071.25	1.78381252	0	255	0
-13.8167496	69132.375	1.78381252	0	255	0
-13.8167496	69132.375	1.56550002	0	255	0
-13.8066244	69132.375	2.00212502	0	255	0
-13.8167496	69071.25	1.78381252	0	255	0
-13.7964993	69132.375	1.56550002	0	255	0
-13.7964993	69132.375	1.78381252	0	255	0
-13.7964993	69071.25	1.78381252	0	255	0
-13.8369999	69071.25	2.22043753	0	255	0
-13.8369999	69071.25	1.56550002	0	255	0
-13.8167496	69071.25	2.22043753	0	255	0
-13.8268747	69010.125	2.00212502	0	255	0
-13.8369999	68949	2.22043753	0	255	0
-13.8167496	68949	1.56550002	0	255	0
-13.8167496	68949	2.22043753	0	255	0
-13.8167496	69071.25	1.78381252	0	255	0
-13.7964993	69071.25	1.78381252	0	255	0
-13.8066244	69010.125	2.00212502	0	255	0
-13.8167496	68949	1.78381252	0	255	0
-13.7964993	68949	1.78381252	0	255	0
-13.7964993	69132.375	2.87537503	0	255	0
-13.7964993	69132.375	3.09368753	0	255	0
-13.7863741	69132.375	3.09368753	0	255	0
-13.7964993	69071.25	3.31200004	0	255	0
-13.7964993	69071.25	3.09368753	0	255	0
-13.7863741	69071.25	3.09368753	0	255	0
-13.7863741	69071.25	2.87537503	0	255	0
-13.7964993	69132.375	2.87537503	0	255	0
-13.7863741	69132.375	2.43875003	0	255	0
-13.7863741	69132.375	2.43875003	0	255	0
-13.7863741	69071.25	2.87537503	0	255	0
-13.7964993	69132.375	2.43875003	0	255	0
-13.7964993	69071.25	2.43875003	0	255	0
-13.7762489	69132.375	2.65706253	0	255	0
-13.7762489	69132.375	2.43875003	0	255	0
-13.7762489	69071.25	2.65706253	0	255	0
-13.7964993	69010.125	2.43875003	0	255	0
-13.7964993	69010.125	2.65706253	0	255	0
-13.7863741	69010.125	2.65706253	0	255	0
-13.7964993	68949	2.87537503	0	255	0
-13.7964993	68949	2.65706253	0	255	0
-13.7863741	68949	2.65706253	0	255	0
-13.7863741	68949	2.43875003	0	255	0
-13.8369999	69193.5	2.22043753	0	255	0
-13.8167496	69193.5	2.22043753	0	255	0
-13.8369999	69132.375	2.43875003	0	255	0
-13.8268747	69132.375	2.00212502	0	255	0
-13.8167496	69132.375	2.43875003	0	255	0
-13.8167496	69193.5	2.22043753	0	255	0
-13.7964993	69193.5	2.22043753	0	255	0
-13.7964993	69193.5	2.00212502	0	255	0
-13.8167496	69132.375	2.43875003	0	255	0
-13.8066244	69132.375	2.00212502	0	255	0
-13.7964993	69132.375	2.43875003	0	255	0
-13.8167496	69193.5	1.56550002	0	255	0
-13.8268747	69132.375	1.56550002	0	255	0
-13.8167496	69193.5	2.43875003	0	255	0
-13.8167496	69193.5	2.22043753	0	255	0
-13.7964993	69193.5	2.22043753	0	255	0
-13.8167496	69071.25	2.22043753	0	255	0
-13.7964993	69071.25	2.22043753	0	255	0
-13.7964993	69071.25	2.43875003	0	255	0
-13.8369999	69071.25	1.78381252	0	255	0
-13.8167496	69071.25	1.78381252	0	255	0
-13.8268747	69010.125	2.00212502	0	255	0
-13.8369999	68949	1.78381252	0	255	0
-13.8167496	68949	1.78381252	0	255	0
-13.7964993	69010.125	2.43875003	0	255	0
-13.8066244	69010.125	2.00212502	0	255	0
-13.8066244	68949	2.43875003	0	255	0
-13.7964993	68949	2.22043753	0	255	0
-13.8268747	69010.125	1.56550002	0	255	0
-13.7964993	69071.25	1.56550002	0	255	0
-13.8066244	69010.125	1.56550002	0	255	0
-13.7964993	68949	1.56550002	0	255	0
-13.7964993	69193.5	2.22043753	0	255	0
-13.7762489	69193.5	2.22043753	0	255	0
-13.7964993	69132.375	2.43875003	0	255	0
-13.7863741	69132.375	2.00212502	0	255	0
-13.7863741	69132.375	2.00212502	0	255	0
-13.7863741	69071.25	2.43875003	0	255	0
-13.7762489	69071.25	2.22043753	0	255	0
-13.7762489	69193.5	1.56550002	0	255	0
-13.7863741	69132.375	1.56550002	0	255	0
-13.7964993	69071.25	1.78381252	0	255	0
-13.7863741	69071.25	1.56550002	0	255	0
-13.7863741	69071.25	1.78381252	0	255	0
-13.7964993	69010.125	1.56550002	0	255	0
-13.7863741	69010.125	2.00212502	0	255	0
-13.7863741	69010.125	1.78381252	0	255	0
-13.7964993	69010.125	1.78381252	0	255	0
-13.7863741	69071.25	2.00212502	0	255	0
-13.7964993	69010.125	2.00212502	0	255	0
-13.7863741	69010.125	1.56550002	0	255	0
-13.7863741	69071.25	1.56550002	0	255	0
-13.7964993	68949	2.00212502	0	255	0
-13.7964993	69010.125	1.56550002	0	255	0
-13.8471251	69438	1.56550002	0	255	0
-13.8572502	69438	1.12887502	0	255	0
-13.8572502	69438	1.34718752	0	255	0
-13.8572502	69376.875	1.56550002	0	255	0
-13.8471251	69376.875	1.12887502	0	255	0
-13.8673754	69376.875	0.910562515	0	255	0
-13.8673754	69376.875	0.692250013	0	255	0
-13.8572502	69376.875	1.12887502	0	255	0
-13.8572502	69376.875	0.910562515	0	255	0
-13.8673754	69315.75	1.12887502	0	255	0
-13.8572502	69315.75	0.910562515	0	255	0
-13.8673754	69315.75	0.910562515	0	255	0
-13.8572502	69438	0.473937511	0	255	0
-13.8572502	69438	1.12887502	0	255	0
-13.8369999	69438	0.473937511	0	255	0
-13.8572502	69315.75	-0.180999994	0	255	0
-13.8369999	69315.75	1.12887502	0	255	0
-13.8369999	69315.75	0.473937511	0	255	0
-13.8572502	69315.75	0.473937511	0	255	0
-13.8572502	69254.625	1.56550002	0	255	0
-13.8369999	69254.625	1.56550002	0	255	0
-13.8572502	69254.625	1.12887502	0	255	0
-13.8369999	69254.625	1.12887502	0	255	0
-13.8572502	69315.75	0.910562515	0	255	0
-13.8572502	69254.625	1.12887502	0	255	0
-13.8572502	69254.625	0.910562515	0	255	0
-13.8369999	69254.625	1.12887502	0	255	0
-13.8471251	69315.75	0.692250013	0	255	0
-13.8369999	69315.75	0.692250013	0	255	0
-13.8471251	69193.5	0.910562515	0	255	0
-13.8369999	69193.5	0.910562515	0	255	0
-13.8471251	69193.5	0.692250013	0	255	0
-13.8572502	69438	0.692250013	0	255	0
-13.8572502	69438	0.910562515	0	255	0
-13.8369999	69438	0.910562515	0	255	0
-13.8572502	69193.5	0.910562515	0	255	0
-13.8369999	69193.5	0.910562515	0	255	0
-13.8369999	69193.5	1.56550002	0	255	0
-13.8572502	69193.5	0.692250013	0	255	0
-13.8673754	69010.125	0.910562515	0	255	0
-13.8673754	69010.125	1.12887502	0	255	0
-13.8572502	69010.125	0.692250013	0	255	0
-13.8572502	69010.125	0.910562515	0	255	0
-13.8673754	68949	0.692250013	0	255	0
-13.8572502	68949	0.910562515	0	255	0
-13.8673754	68949	0.910562515	0	255	0
-13.8572502	69010.125	1.56550002	0	255	0
-13.8471251	69010.125	1.12887502	0	255	0
-13.8369999	69010.125	1.56550002	0	255	0
-13.8572502	69010.125	1.12887502	0	255	0
-13.8369999	69010.125	1.12887502	0	255	0
-13.8775005	68949	1.12887502	0	255	0
-13.8673754	69010.125	0.910562515	0	255	0
-13.8572502	69010.125	0.910562515	0	255	0
-13.8572502	69010.125	0.692250013	0	255	0
-13.8673754	68949	0.910562515	0	255	0
-13.8572502	68949	0.910562515	0	255	0
-13.8673754	68949	0.692250013	0	255	0
-13.8572502	69010.125	1.12887502	0	255	0
-13.8471251	69010.125	0.692250013	0	255	0
-13.8369999	69010.125	1.12887502	0	255	0
-13.8572502	69010.125	0.692250013	0	255	0
-13.8369999	69010.125	0.692250013	0	255	0
-13.8471251	69193.5	0.473937511	0	255	0
-13.8471251	69193.5	0.692250013	0	255	0
-13.8369999	69193.5	0.473937511	0	255	0
-13.8471251	69071.25	0.692250013	0	255	0
-13.8369999	69071.25	0.692250013	0	255	0
-13.8369999	69071.25	0.473937511	0	255	0
-13.8471251	69071.25	0.473937511	0	255	0
-13.8572502	69010.125	0.692250013	0	255	0
-13.8471251	69010.125	0.25562501	0	255	0
-13.8369999	69010.125	0.692250013	0	255	0
-13.8572502	69010.125	0.25562501	0	255	0
-13.8369999	69010.125	0.25562501	0	255	0
-13.8471251	69010.125	-0.180999994	0	255	0
-13.8369999	69010.125	0.25562501	0	255	0
-13.8471251	68949	0.25562501	0	255	0
-13.8369999	69010.125	-0.180999994	0	255	0
-13.8471251	68949	-0.180999994	0	255	0
-13.8268747	69376.875	1.12887502	0	255	0
-13.7964993	69438	1.56550002	0	255	0
-13.7964993	69438	1.12887502	0	255	0
-13.8066244	69376.875	1.12887502	0	255	0
-13.8167496	69438	0.692250013	0	255	0
-13.8268747	69376.875	0.692250013	0	255	0
-13.8167496	69438	1.56550002	0	255	0
-13.8167496	69438	1.34718752	0	255	0
-13.7964993	69438	1.34718752	0	255	0
-13.8167496	69315.75	1.34718752	0	255	0
-13.7964993	69315.75	1.34718752	0	255	0
-13.7964993	69315.75	1.56550002	0	255	0
-13.8369999	69315.75	0.910562515	0	255	0
-13.8167496	69315.75	0.910562515	0	255	0
-13.8268747	69254.625	1.12887502	0	255	0
-13.8369999	69193.5	0.910562515	0	255	0
-13.8167496	69193.5	0.910562515	0	255	0
-13.8066244	69254.625	1.12887502	0	255	0
-13.8268747	69254.625	0.692250013	0	255	0
-13.7964993	69315.75	0.692250013	0	255	0
-13.8066244	69254.625	0.692250013	0	255	0
-13.7964993	69254.625	0.910562515	0	255	0
-13.7964993	69254.625	0.692250013	0	255	0
-13.7863741	69254.625	1.12887502	0	255	0
-13.7964993	69193.5	0.910562515	0	255	0
-13.7762489	69254.625	0.692250013	0	255	0
-13.7762489	69254.625	0.910562515	0	255	0
-13.7762489	69193.5	1.56550002	0	255	0
-13.7762489	69193.5	0.910562515	0	255	0
-13.7964993	69254.625	1.12887502	0	255	0
-13.7863741	69254.625	0.692250013	0	255	0
-13.7762489	69254.625	1.12887502	0	255	0
-13.7762489	69193.5	1.12887502	0	255	0
-13.7964993	69254.625	0.692250013	0	255	0
-13.7762489	69254.625	0.692250013	0	255	0
-13.7762489	69193.5	0.692250013	0	255	0
-13.8268747	69376.875	0.25562501	0	255	0
-13.7964993	69438	0.25562501	0	255	0
-13.8066244	69376.875	0.25562501	0	255	0
-13.8167496	69438	-0.180999994	0	255	0
-13.8268747	69376.875	-0.180999994	0	255	0
-13.8167496	69438	0.692250013	0	255	0
-13.8167496	69438	0.473937511	0	255	0
-13.7964993	69438	0.473937511	0	255	0
-13.7964993	69438	-0.180999994	0	255	0
-13.8167496	69315.75	0.473937511	0	255	0
-13.7964993	69315.75	0.473937511	0	255	0
-13.7964993	69315.75	0.692250013	0	255	0
-13.8369999	69315.75	0.0373125076	0	255	0
-13.8167496	69315.75	0.0373125076	0	255	0
-13.8268747	69254.625	0.25562501	0	255	0
-13.8369999	69193.5	0.0373125076	0	255	0
-13.8167496	69193.5	0.0373125076	0	255	0
-13.8066244	69254.625	0.25562501	0	255	0
-13.8268747	69254.625	-0.180999994	0	255	0
-13.7964993	69315.75	-0.180999994	0	255	0
-13.8066244	69254.625	-0.180999994	0	255	0
-13.7964993	69438	1.56550002	0	255	0
-13.7964993	69438	0.910562515	0	255	0
-13.7762489	69438	0.910562515	0	255	0
-13.7762489	69438	0.692250013	0	255	0
-13.7964993	69193.5	0.910562515	0	255	0
-13.7559996	69315.75	0.910562515	0	255	0
-13.7559996	69315.75	0.692250013	0	255	0
-13.7559996	69193.5	0.910562515	0	255	0
-13.7559996	69193.5	1.56550002	0	255	0
-13.8369999	69193.5	0.0373125076	0	255	0
-13.8167496	69193.5	0.0373125076	0	255	0
-13.8268747	69132.375	0.25562501	0	255	0
-13.8369999	69071.25	0.0373125076	0	255	0
-13.8167496	69071.25	0.0373125076	0	255	0
-13.8167496	69193.5	0.0373125076	0	255	0
-13.7964993	69193.5	0.0373125076	0	255	0
-13.8066244	69132.375	0.25562501	0	255	0
-13.8167496	69071.25	0.0373125076	0	255	0
-13.7964993	69071.25	0.0373125076	0	255	0
-13.8369999	69071.25	0.473937511	0	255	0
-13.8369999	69071.25	-0.180999994	0	255	0
-13.8167496	69071.25	0.473937511	0	255	0
-13.8268747	69010.125	0.25562501	0	255	0
-13.8369999	68949	0.473937511	0	255	0
-13.8167496	68949	-0.180999994	0	255	0
-13.8167496	68949	0.473937511	0	255	0
-13.8167496	69071.25	0.0373125076	0	255	0
-13.7964993	69071.25	0.0373125076	0	255	0
-13.8066244	69010.125	0.25562501	0	255	0
-13.8167496	68949	0.0373125076	0	255	0
-13.7964993	68949	0.0373125076	0	255	0
-13.7762489	69193.5	1.56550002	0	255	0
-13.7863741	69132.375	1.12887502	0	255	0
-13.7762489	69193.5	0.692250013	0	255	0
-13.7863741	69132.375	0.692250013	0	255	0
-13.7762489	69193.5	1.56550002	0	255	0
-13.7762489	69193.5	1.34718752	0	255	0
-13.7559996	69193.5	1.34718752	0	255	0
-13.7559996	69193.5	0.692250013	0	255	0
-13.7762489	69071.25	1.34718752	0	255	0
-13.7559996	69071.25	1.34718752	0	255	0
-13.7559996	69071.25	1.56550002	0	255	0
-13.7964993	69071.25	0.910562515	0	255	0
-13.7964993	69010.125	0.692250013	0	255	0
-13.7964993	69010.125	0.910562515	0	255	0
-13.7762489	69071.25	0.910562515	0	255	0
-13.7762489	69010.125	0.692250013	0	255	0
-13.7762489	69010.125	0.910562515	0	255	0
-13.7964993	69010.125	1.12887502	0	255	0
-13.7762489	69010.125	1.12887502	0	255	0
-13.7762489	69010.125	0.692250013	0	255	0
-13.7964993	68949	0.910562515	0	255	0
-13.7863741	68949	0.910562515	0	255	0
-13.7863741	68949	0.692250013	0	255	0
-13.8268747	69132.375	0.25562501	0	255	0
-13.7964993	69193.5	0.25562501	0	255	0
-13.8066244	69132.375	0.25562501	0	255	0
-13.8369999	69132.375	0.25562501	0	255	0
-13.8369999	69132.375	-0.180999994	0	255	0
-13.8167496	69193.5	-0.180999994	0	255	0
-13.8268747	69071.25	0.25562501	0	255	0
-13.8369999	68949	0.692250013	0	255	0
-13.8268747	69071.25	-0.180999994	0	255	0
-13.8167496	69193.5	0.692250013	0	255	0
-13.8167496	69193.5	0.473937511	0	255	0
-13.7964993	69193.5	0.473937511	0	255	0
-13.8167496	69071.25	0.473937511	0	255	0
-13.7964993	69071.25	0.473937511	0	255	0
-13.7964993	69071.25	0.692250013	0	255	0
-13.8369999	69071.25	0.0373125076	0	255	0
-13.8167496	69071.25	0.0373125076	0	255	0
-13.8268747	69010.125	0.25562501	0	255	0
-13.8369999	68949	0.0373125076	0	255	0
-13.8167496	68949	0.0373125076	0	255	0
-13.8066244	69010.125	0.25562501	0	255	0
-13.8369999	69010.125	0.25562501	0	255	0
-13.8268747	69010.125	-0.180999994	0	255	0
-13.8167496	69010.125	0.25562501	0	255	0
-13.8369999	69010.125	-0.180999994	0	255	0
-13.8167496	69010.125	-0.180999994	0	255	0
-13.8066244	69071.25	0.25562501	0	255	0
-13.8066244	69071.25	-0.180999994	0	255	0
-13.7964993	69071.25	-0.180999994	0	255	0
-13.8167496	69010.125	0.25562501	0	255	0
-13.8066244	69010.125	-0.180999994	0	255	0
-13.8167496	69010.125	-0.180999994	0	255	0
-13.7863741	69193.5	0.692250013	0	255	0
-13.7863741	69193.5	0.25562501	0	255	0
-13.7863741	69132.375	0.25562501	0	255	0
-13.7762489	69132.375	0.692250013	0	255	0
-13.7762489	69132.375	0.25562501	0	255	0
-13.7762489	69132.375	0.692250013	0	255	0
-13.7661247	69132.375	0.25562501	0	255	0
-13.7559996	69132.375	0.692250013	0	255	0
-13.7762489	69132.375	0.25562501	0	255	0
-13.7559996	69132.375	0.25562501	0	255	0
-13.7762489	69193.5	0.25562501	0	255	0
-13.7762489	69193.5	-0.180999994	0	255	0
-13.7863741	69132.375	-0.180999994	0	255	0
-13.7762489	69193.5	0.692250013	0	255	0
-13.7762489	69193.5	0.473937511	0	255	0
-13.7559996	69193.5	0.473937511	0	255	0
-13.7559996	69193.5	-0.180999994	0	255	0
-13.7762489	69071.25	0.473937511	0	255	0
-13.7559996	69071.25	0.473937511	0	255	0
-13.7559996	69071.25	0.692250013	0	255	0
-13.7964993	69071.25	0.0373125076	0	255	0
-13.7762489	69071.25	0.0373125076	0	255	0
-13.7762489	69010.125	-0.180999994	0	255	0
-13.7762489	69010.125	0.0373125076	0	255	0
-13.7863741	69010.125	0.25562501	0	255	0
-13.7863741	68949	-0.180999994	0	255	0
-13.7863741	68949	0.0373125076	0	255	0
-13.7964993	68949	0.0373125076	0	255	0
-13.7762489	69010.125	0.692250013	0	255	0
-13.7559996	69071.25	0.473937511	0	255	0
-13.7559996	69010.125	0.692250013	0	255	0
-13.7559996	69010.125	0.473937511	0	255	0
-13.7661247	69071.25	0.25562501	0	255	0
-13.7762489	68949	0.692250013	0	255	0
-13.7762489	69010.125	0.25562501	0	255	0
-13.7863741	69010.125	-0.180999994	0	255	0
-13.7762489	68949	-0.180999994	0	255	0
-13.7762489	69010.125	0.25562501	0	255	0
-13.7559996	69010.125	0.25562501	0	255	0
-13.7762489	69010.125	-0.180999994	0	255	0
-13.7559996	69071.25	-0.180999994	0	255	0
-13.7559996	69010.125	-0.180999994	0	255	0
