-3.44099998	67889	3.61899996	0	255	0
-3.44099998	67834.0625	3.61899996	0	255	0
-3.44099998	67889	3.21924996	0	255	0
-3.44099998	67834.0625	3.21924996	0	255	0
-3.33537483	67834.0625	3.21924996	0	255	0
-3.38818741	67779.125	3.61899996	0	255	0
-3.33537483	67779.125	3.41912508	0	255	0
-3.38818741	67779.125	3.41912508	0	255	0
-3.28256226	67889	3.61899996	0	255	0
-3.22974992	67889	3.41912508	0	255	0
-3.22974992	67889	3.21924996	0	255	0
-3.28256226	67834.0625	3.21924996	0	255	0
-3.22974992	67834.0625	3.61899996	0	255	0
-3.22974992	67779.125	3.21924996	0	255	0
-3.38818741	67889	3.21924996	0	255	0
-3.38818741	67834.0625	2.81949997	0	255	0
-3.33537483	67834.0625	3.21924996	0	255	0
-3.38818741	67889	2.81949997	0	255	0
-3.33537483	67889	2.81949997	0	255	0
-3.33537483	67834.0625	2.81949997	0	255	0
-3.44099998	67779.125	3.21924996	0	255	0
-3.33537483	67889	3.61899996	0	255	0
-3.33537483	67889	3.41912508	0	255	0
-3.22974992	67889	3.41912508	0	255	0
-3.33537483	67779.125	3.41912508	0	255	0
-3.22974992	67779.125	3.41912508	0	255	0
-3.22974992	67779.125	3.61899996	0	255	0
-3.28256226	67779.125	3.41912508	0	255	0
-3.28256226	67779.125	3.61899996	0	255	0
-3.22974992	67779.125	3.41912508	0	255	0
-3.28256226	67724.1875	3.21924996	0	255	0
-3.22974992	67724.1875	3.61899996	0	255	0
-3.22974992	67724.1875	3.41912508	0	255	0
-3.28256226	67724.1875	3.41912508	0	255	0
-3.22974992	67834.0625	3.61899996	0	255	0
-3.17693758	67834.0625	3.21924996	0	255	0
-3.17693758	67834.0625	3.21924996	0	255	0
-3.17693758	67779.125	3.61899996	0	255	0
-3.22974992	67834.0625	3.21924996	0	255	0
-3.124125	67834.0625	3.41912508	0	255	0
-3.124125	67834.0625	3.21924996	0	255	0
-3.124125	67779.125	3.41912508	0	255	0
-3.22974992	67834.0625	3.21924996	0	255	0
-3.17693758	67834.0625	2.81949997	0	255	0
-3.124125	67834.0625	3.21924996	0	255	0
-3.22974992	67834.0625	2.81949997	0	255	0
-3.22974992	67779.125	2.81949997	0	255	0
-3.124125	67834.0625	2.81949997	0	255	0
-3.124125	67889	2.61962509	0	255	0
-3.124125	67889	3.21924996	0	255	0
-3.01849985	67889	3.21924996	0	255	0
-3.01849985	67889	2.61962509	0	255	0
-3.124125	67779.125	2.01999998	0	255	0
-3.01849985	67779.125	3.21924996	0	255	0
-3.01849985	67779.125	2.61962509	0	255	0
-3.124125	67779.125	2.61962509	0	255	0
-3.22974992	67779.125	3.01937485	0	255	0
-3.22974992	67724.1875	2.81949997	0	255	0
-3.22974992	67724.1875	3.01937485	0	255	0
-3.124125	67779.125	3.01937485	0	255	0
-3.17693758	67669.25	2.81949997	0	255	0
-3.124125	67669.25	3.01937485	0	255	0
-3.17693758	67669.25	3.01937485	0	255	0
-3.07131243	67779.125	3.61899996	0	255	0
-3.01849985	67779.125	3.41912508	0	255	0
-3.07131243	67724.1875	3.21924996	0	255	0
-3.01849985	67724.1875	3.61899996	0	255	0
-3.17693758	67779.125	3.21924996	0	255	0
-3.17693758	67724.1875	2.81949997	0	255	0
-3.124125	67724.1875	3.21924996	0	255	0
-3.17693758	67779.125	2.81949997	0	255	0
-3.124125	67724.1875	2.81949997	0	255	0
-3.22974992	67669.25	3.21924996	0	255	0
-3.124125	67724.1875	3.21924996	0	255	0
-3.124125	67724.1875	2.81949997	0	255	0
-3.01849985	67779.125	2.81949997	0	255	0
-3.07131243	67669.25	3.21924996	0	255	0
-3.01849985	67669.25	2.81949997	0	255	0
-3.07131243	67669.25	2.81949997	0	255	0
-3.38818741	67889	2.81949997	0	255	0
-3.38818741	67834.0625	2.41974998	0	255	0
-3.33537483	67834.0625	2.81949997	0	255	0
-3.38818741	67889	2.41974998	0	255	0
-3.33537483	67834.0625	2.41974998	0	255	0
-3.44099998	67779.125	2.81949997	0	255	0
-3.33537483	67834.0625	2.81949997	0	255	0
-3.33537483	67834.0625	2.41974998	0	255	0
-3.22974992	67889	2.41974998	0	255	0
-3.22974992	67834.0625	2.41974998	0	255	0
-3.28256226	67779.125	2.81949997	0	255	0
-3.22974992	67779.125	2.81949997	0	255	0
-3.22974992	67779.125	2.61962509	0	255	0
-3.28256226	67779.125	2.61962509	0	255	0
-3.38818741	67889	2.41974998	0	255	0
-3.38818741	67834.0625	2.01999998	0	255	0
-3.33537483	67834.0625	2.41974998	0	255	0
-3.38818741	67889	2.01999998	0	255	0
-3.33537483	67889	2.01999998	0	255	0
-3.33537483	67834.0625	2.01999998	0	255	0
-3.44099998	67779.125	2.41974998	0	255	0
-3.33537483	67889	2.81949997	0	255	0
-3.33537483	67889	2.61962509	0	255	0
-3.22974992	67889	2.61962509	0	255	0
-3.22974992	67889	2.01999998	0	255	0
-3.33537483	67779.125	2.61962509	0	255	0
-3.22974992	67779.125	2.61962509	0	255	0
-3.22974992	67779.125	2.81949997	0	255	0
-3.33537483	67779.125	2.41974998	0	255	0
-3.22974992	67889	3.61899996	0	255	0
-3.22974992	67889	3.01937485	0	255	0
-3.01849985	67889	3.01937485	0	255	0
-3.01849985	67889	2.01999998	0	255	0
-3.22974992	67669.25	3.01937485	0	255	0
-3.22974992	67669.25	2.81949997	0	255	0
-3.01849985	67669.25	3.01937485	0	255	0
-3.01849985	67669.25	3.61899996	0	255	0
-3.07131243	67669.25	3.41912508	0	255	0
-3.07131243	67669.25	3.61899996	0	255	0
-3.01849985	67669.25	3.41912508	0	255	0
-3.07131243	67614.3125	3.21924996	0	255	0
-3.01849985	67614.3125	3.61899996	0	255	0
-3.01849985	67614.3125	3.41912508	0	255	0
-3.07131243	67614.3125	3.41912508	0	255	0
-3.124125	67669.25	2.81949997	0	255	0
-3.124125	67669.25	2.61962509	0	255	0
-3.01849985	67669.25	2.61962509	0	255	0
-3.01849985	67669.25	2.01999998	0	255	0
-3.124125	67559.375	2.61962509	0	255	0
-3.01849985	67559.375	2.61962509	0	255	0
-3.01849985	67559.375	2.81949997	0	255	0
-3.124125	67559.375	2.41974998	0	255	0
-3.01849985	67724.1875	3.01937485	0	255	0
-3.01849985	67724.1875	2.81949997	0	255	0
-2.96568727	67724.1875	3.21924996	0	255	0
-3.01849985	67669.25	3.01937485	0	255	0
-2.91287494	67724.1875	2.81949997	0	255	0
-2.91287494	67724.1875	3.01937485	0	255	0
-2.91287494	67669.25	3.61899996	0	255	0
-2.91287494	67669.25	3.01937485	0	255	0
-3.01849985	67724.1875	3.21924996	0	255	0
-2.96568727	67724.1875	2.81949997	0	255	0
-2.91287494	67724.1875	3.21924996	0	255	0
-2.91287494	67669.25	3.21924996	0	255	0
-3.01849985	67724.1875	2.81949997	0	255	0
-3.01849985	67669.25	2.81949997	0	255	0
-2.91287494	67724.1875	2.81949997	0	255	0
-2.91287494	67669.25	2.81949997	0	255	0
-3.01849985	67724.1875	2.21987486	0	255	0
-3.01849985	67724.1875	2.01999998	0	255	0
-2.96568727	67724.1875	2.41974998	0	255	0
-3.01849985	67669.25	2.21987486	0	255	0
-2.91287494	67724.1875	2.01999998	0	255	0
-2.91287494	67724.1875	2.21987486	0	255	0
-2.91287494	67669.25	2.81949997	0	255	0
-2.91287494	67669.25	2.21987486	0	255	0
-3.01849985	67724.1875	2.41974998	0	255	0
-2.96568727	67724.1875	2.01999998	0	255	0
-2.91287494	67724.1875	2.41974998	0	255	0
-2.91287494	67669.25	2.41974998	0	255	0
-3.01849985	67724.1875	2.01999998	0	255	0
-3.01849985	67669.25	2.01999998	0	255	0
-2.91287494	67724.1875	2.01999998	0	255	0
-2.91287494	67669.25	2.01999998	0	255	0
-3.01849985	67669.25	2.21987486	0	255	0
-3.01849985	67669.25	3.61899996	0	255	0
-2.91287494	67669.25	2.21987486	0	255	0
-2.96568727	67614.3125	2.41974998	0	255	0
-3.01849985	67559.375	2.21987486	0	255	0
-2.91287494	67559.375	2.21987486	0	255	0
-2.91287494	67669.25	2.21987486	0	255	0
-2.8600626	67669.25	2.01999998	0	255	0
-2.8600626	67669.25	2.21987486	0	255	0
-2.8600626	67614.3125	2.41974998	0	255	0
-2.91287494	67559.375	2.21987486	0	255	0
-2.80725002	67614.3125	2.01999998	0	255	0
-2.80725002	67614.3125	2.21987486	0	255	0
-2.80725002	67559.375	2.21987486	0	255	0
-2.96568727	67559.375	2.61962509	0	255	0
-2.96568727	67559.375	2.81949997	0	255	0
-2.91287494	67559.375	2.61962509	0	255	0
-2.96568727	67504.4375	2.41974998	0	255	0
-2.91287494	67504.4375	2.81949997	0	255	0
-2.91287494	67504.4375	2.61962509	0	255	0
-2.96568727	67504.4375	2.61962509	0	255	0
-2.91287494	67559.375	2.21987486	0	255	0
-2.80725002	67559.375	2.21987486	0	255	0
-2.8600626	67504.4375	2.41974998	0	255	0
-2.91287494	67449.5	2.21987486	0	255	0
-2.80725002	67449.5	2.21987486	0	255	0
-2.80725002	67614.3125	2.81949997	0	255	0
-2.80725002	67614.3125	3.01937485	0	255	0
-2.75443745	67614.3125	3.01937485	0	255	0
-2.80725002	67559.375	3.01937485	0	255	0
-2.75443745	67559.375	3.01937485	0	255	0
-2.75443745	67559.375	2.81949997	0	255	0
-2.80725002	67559.375	3.01937485	0	255	0
-2.80725002	67559.375	3.61899996	0	255	0
-2.75443745	67559.375	2.81949997	0	255	0
-2.75443745	67559.375	3.01937485	0	255	0
-2.75443745	67504.4375	3.21924996	0	255	0
-2.80725002	67449.5	3.01937485	0	255	0
-2.70162487	67504.4375	2.81949997	0	255	0
-2.70162487	67504.4375	3.01937485	0	255	0
-2.70162487	67449.5	3.01937485	0	255	0
-2.70162487	67504.4375	3.21924996	0	255	0
-2.70162487	67504.4375	3.41912508	0	255	0
-2.64881229	67504.4375	3.41912508	0	255	0
-2.70162487	67449.5	3.41912508	0	255	0
-2.64881229	67449.5	3.41912508	0	255	0
-2.64881229	67449.5	3.21924996	0	255	0
-2.70162487	67559.375	3.21924996	0	255	0
-2.75443745	67504.4375	2.81949997	0	255	0
-2.70162487	67504.4375	3.21924996	0	255	0
-2.64881229	67504.4375	2.81949997	0	255	0
-2.64881229	67504.4375	2.81949997	0	255	0
-2.64881229	67449.5	3.21924996	0	255	0
-2.70162487	67504.4375	2.81949997	0	255	0
-2.64881229	67449.5	2.81949997	0	255	0
-2.96568727	67669.25	2.81949997	0	255	0
-2.96568727	67614.3125	2.41974998	0	255	0
-2.91287494	67614.3125	2.81949997	0	255	0
-3.01849985	67669.25	2.41974998	0	255	0
-3.01849985	67669.25	2.61962509	0	255	0
-3.01849985	67614.3125	2.61962509	0	255	0
-3.01849985	67614.3125	2.41974998	0	255	0
-2.91287494	67614.3125	2.41974998	0	255	0
-2.8600626	67669.25	2.81949997	0	255	0
-2.80725002	67669.25	2.61962509	0	255	0
-2.80725002	67669.25	2.41974998	0	255	0
-2.8600626	67614.3125	2.41974998	0	255	0
-2.80725002	67614.3125	2.81949997	0	255	0
-2.96568727	67669.25	2.41974998	0	255	0
-2.96568727	67614.3125	2.01999998	0	255	0
-2.91287494	67614.3125	2.41974998	0	255	0
-2.96568727	67669.25	2.01999998	0	255	0
-2.91287494	67669.25	2.01999998	0	255	0
-2.91287494	67614.3125	2.01999998	0	255	0
-3.01849985	67559.375	2.41974998	0	255	0
-2.91287494	67669.25	2.81949997	0	255	0
-2.91287494	67669.25	2.61962509	0	255	0
-2.80725002	67669.25	2.61962509	0	255	0
-3.01849985	67449.5	0.421000004	0	255	0
-2.91287494	67559.375	2.61962509	0	255	0
-2.80725002	67559.375	2.61962509	0	255	0
-2.80725002	67559.375	2.81949997	0	255	0
-2.8600626	67559.375	2.81949997	0	255	0
-2.8600626	67504.4375	2.41974998	0	255	0
-2.80725002	67504.4375	2.81949997	0	255	0
-2.91287494	67559.375	2.61962509	0	255	0
-2.91287494	67504.4375	2.61962509	0	255	0
-2.91287494	67504.4375	2.41974998	0	255	0
-2.80725002	67504.4375	2.41974998	0	255	0
-2.8600626	67559.375	2.41974998	0	255	0
-2.80725002	67559.375	2.21987486	0	255	0
-2.8600626	67504.4375	2.01999998	0	255	0
-2.80725002	67504.4375	2.41974998	0	255	0
-2.80725002	67504.4375	2.21987486	0	255	0
-3.01849985	67449.5	2.81949997	0	255	0
-2.91287494	67559.375	2.21987486	0	255	0
-2.8600626	67559.375	2.01999998	0	255	0
-2.91287494	67504.4375	2.21987486	0	255	0
-2.91287494	67449.5	2.41974998	0	255	0
-2.91287494	67504.4375	2.01999998	0	255	0
-2.80725002	67614.3125	2.81949997	0	255	0
-2.75443745	67614.3125	2.41974998	0	255	0
-2.75443745	67614.3125	2.41974998	0	255	0
-2.75443745	67559.375	2.81949997	0	255	0
-2.80725002	67614.3125	2.41974998	0	255	0
-2.75443745	67559.375	2.41974998	0	255	0
-2.80725002	67614.3125	2.41974998	0	255	0
-2.75443745	67614.3125	2.01999998	0	255	0
-2.75443745	67614.3125	2.01999998	0	255	0
-2.75443745	67559.375	2.41974998	0	255	0
-2.80725002	67614.3125	2.01999998	0	255	0
-2.75443745	67559.375	2.01999998	0	255	0
-2.80725002	67559.375	2.21987486	0	255	0
-2.70162487	67559.375	2.01999998	0	255	0
-2.70162487	67559.375	2.21987486	0	255	0
-2.75443745	67504.4375	2.41974998	0	255	0
-2.80725002	67449.5	2.21987486	0	255	0
-2.70162487	67449.5	2.21987486	0	255	0
-2.70162487	67504.4375	2.81949997	0	255	0
-2.64881229	67504.4375	2.41974998	0	255	0
-2.64881229	67504.4375	2.41974998	0	255	0
-2.64881229	67449.5	2.81949997	0	255	0
-2.70162487	67504.4375	2.41974998	0	255	0
-2.64881229	67449.5	2.41974998	0	255	0
-2.80725002	67504.4375	2.41974998	0	255	0
-2.70162487	67559.375	2.41974998	0	255	0
-2.80725002	67504.4375	2.01999998	0	255	0
-2.75443745	67449.5	2.41974998	0	255	0
-2.75443745	67449.5	2.01999998	0	255	0
-2.70162487	67504.4375	2.41974998	0	255	0
-2.64881229	67504.4375	2.01999998	0	255	0
-2.64881229	67504.4375	2.01999998	0	255	0
-2.64881229	67449.5	2.41974998	0	255	0
-2.70162487	67504.4375	2.01999998	0	255	0
-2.64881229	67449.5	2.01999998	0	255	0
-3.38818741	67889	1.82012498	0	255	0
-3.38818741	67889	2.01999998	0	255	0
-3.33537483	67889	1.82012498	0	255	0
-3.38818741	67834.0625	1.62024999	0	255	0
-3.33537483	67834.0625	2.01999998	0	255	0
-3.33537483	67834.0625	1.82012498	0	255	0
-3.38818741	67834.0625	1.82012498	0	255	0
-3.33537483	67834.0625	2.01999998	0	255	0
-3.22974992	67834.0625	2.01999998	0	255	0
-3.33537483	67889	1.62024999	0	255	0
-3.33537483	67834.0625	1.62024999	0	255	0
-3.22974992	67889	1.62024999	0	255	0
-3.22974992	67834.0625	1.62024999	0	255	0
-3.33537483	67889	2.01999998	0	255	0
-3.33537483	67889	1.82012498	0	255	0
-3.22974992	67889	1.82012498	0	255	0
-3.33537483	67779.125	1.82012498	0	255	0
-3.22974992	67779.125	1.82012498	0	255	0
-3.22974992	67779.125	2.01999998	0	255	0
-3.33537483	67779.125	1.62024999	0	255	0
-3.17693758	67889	2.01999998	0	255	0
-3.17693758	67889	1.62024999	0	255	0
-3.17693758	67834.0625	1.62024999	0	255	0
-3.124125	67834.0625	2.01999998	0	255	0
-3.124125	67834.0625	1.62024999	0	255	0
-3.124125	67834.0625	2.01999998	0	255	0
-3.07131243	67834.0625	1.62024999	0	255	0
-3.07131243	67834.0625	1.62024999	0	255	0
-3.07131243	67779.125	2.01999998	0	255	0
-3.124125	67834.0625	1.62024999	0	255	0
-3.07131243	67779.125	1.62024999	0	255	0
-3.17693758	67889	1.62024999	0	255	0
-3.17693758	67889	1.22049999	0	255	0
-3.17693758	67834.0625	1.22049999	0	255	0
-3.124125	67834.0625	1.62024999	0	255	0
-3.22974992	67779.125	1.22049999	0	255	0
-3.124125	67834.0625	1.22049999	0	255	0
-3.124125	67889	1.020625	0	255	0
-3.124125	67889	1.62024999	0	255	0
-3.01849985	67889	1.62024999	0	255	0
-3.01849985	67889	1.020625	0	255	0
-3.124125	67779.125	0.421000004	0	255	0
-3.01849985	67779.125	1.62024999	0	255	0
-3.01849985	67779.125	1.020625	0	255	0
-3.124125	67779.125	1.020625	0	255	0
-3.17693758	67779.125	1.42037499	0	255	0
-3.17693758	67779.125	1.22049999	0	255	0
-3.124125	67779.125	1.42037499	0	255	0
-3.17693758	67724.1875	1.62024999	0	255	0
-3.124125	67724.1875	1.22049999	0	255	0
-3.124125	67724.1875	1.42037499	0	255	0
-3.17693758	67724.1875	1.42037499	0	255	0
-3.124125	67724.1875	2.01999998	0	255	0
-3.01849985	67779.125	2.01999998	0	255	0
-3.124125	67724.1875	1.62024999	0	255	0
-3.07131243	67669.25	2.01999998	0	255	0
-3.01849985	67669.25	2.01999998	0	255	0
-3.01849985	67669.25	1.62024999	0	255	0
-3.07131243	67669.25	1.62024999	0	255	0
-3.124125	67724.1875	1.62024999	0	255	0
-3.01849985	67724.1875	1.62024999	0	255	0
-3.124125	67724.1875	1.22049999	0	255	0
-3.01849985	67779.125	1.22049999	0	255	0
-3.01849985	67724.1875	1.22049999	0	255	0
-3.33537483	67889	1.22049999	0	255	0
-3.33537483	67834.0625	1.22049999	0	255	0
-3.22974992	67834.0625	1.22049999	0	255	0
-3.33537483	67889	0.820749998	0	255	0
-3.33537483	67834.0625	0.820749998	0	255	0
-3.22974992	67889	0.820749998	0	255	0
-3.22974992	67834.0625	0.820749998	0	255	0
-3.33537483	67889	1.22049999	0	255	0
-3.33537483	67889	1.020625	0	255	0
-3.22974992	67889	1.020625	0	255	0
-3.22974992	67889	0.421000004	0	255	0
-3.33537483	67779.125	1.020625	0	255	0
-3.22974992	67779.125	1.020625	0	255	0
-3.22974992	67779.125	1.22049999	0	255	0
-3.33537483	67779.125	0.820749998	0	255	0
-3.22974992	67889	2.01999998	0	255	0
-3.22974992	67889	1.42037499	0	255	0
-3.22974992	67779.125	1.42037499	0	255	0
-3.22974992	67779.125	1.22049999	0	255	0
-3.01849985	67889	1.42037499	0	255	0
-3.01849985	67889	0.421000004	0	255	0
-3.124125	67669.25	1.42037499	0	255	0
-3.01849985	67669.25	1.42037499	0	255	0
-3.01849985	67669.25	2.01999998	0	255	0
-3.124125	67669.25	1.22049999	0	255	0
-3.01849985	67779.125	2.01999998	0	255	0
-3.01849985	67779.125	2.21987486	0	255	0
-3.01849985	67669.25	2.21987486	0	255	0
-2.80725002	67779.125	2.21987486	0	255	0
-2.80725002	67779.125	2.01999998	0	255	0
-2.80725002	67669.25	2.21987486	0	255	0
-3.01849985	67669.25	2.21987486	0	255	0
-3.01849985	67559.375	2.21987486	0	255	0
-3.01849985	67559.375	2.01999998	0	255	0
-2.80725002	67669.25	2.21987486	0	255	0
-2.91287494	67449.5	2.21987486	0	255	0
-2.80725002	67449.5	2.21987486	0	255	0
-2.91287494	67449.5	2.01999998	0	255	0
-2.80725002	67669.25	2.21987486	0	255	0
-2.70162487	67669.25	2.21987486	0	255	0
-2.70162487	67669.25	2.01999998	0	255	0
-2.80725002	67449.5	2.21987486	0	255	0
-2.59599996	67559.375	2.21987486	0	255	0
-2.59599996	67559.375	2.01999998	0	255	0
-2.59599996	67449.5	2.21987486	0	255	0
-2.59599996	67449.5	3.61899996	0	255	0
-2.8600626	67449.5	3.41912508	0	255	0
-2.8600626	67449.5	3.61899996	0	255	0
-2.80725002	67449.5	3.41912508	0	255	0
-2.8600626	67394.5625	3.21924996	0	255	0
-2.80725002	67394.5625	3.61899996	0	255	0
-2.80725002	67394.5625	3.41912508	0	255	0
-2.8600626	67394.5625	3.41912508	0	255	0
-2.80725002	67449.5	3.41912508	0	255	0
-2.75443745	67449.5	3.21924996	0	255	0
-2.75443745	67394.5625	3.21924996	0	255	0
-2.80725002	67339.625	3.41912508	0	255	0
-2.75443745	67339.625	3.21924996	0	255	0
-2.64881229	67449.5	3.61899996	0	255	0
-2.64881229	67449.5	3.21924996	0	255	0
-2.64881229	67394.5625	3.21924996	0	255	0
-2.59599996	67394.5625	3.61899996	0	255	0
-2.59599996	67394.5625	3.41912508	0	255	0
-2.59599996	67339.625	3.61899996	0	255	0
-2.59599996	67339.625	3.41912508	0	255	0
-2.64881229	67339.625	3.21924996	0	255	0
-2.75443745	67449.5	3.21924996	0	255	0
-2.75443745	67449.5	2.81949997	0	255	0
-2.70162487	67449.5	2.81949997	0	255	0
-2.70162487	67394.5625	2.81949997	0	255	0
-2.80725002	67339.625	3.21924996	0	255	0
-2.75443745	67339.625	3.21924996	0	255	0
-2.70162487	67339.625	3.01937485	0	255	0
-2.75443745	67339.625	3.01937485	0	255	0
-2.70162487	67449.5	2.61962509	0	255	0
-2.70162487	67449.5	3.21924996	0	255	0
-2.59599996	67449.5	3.21924996	0	255	0
-2.59599996	67449.5	2.61962509	0	255	0
-2.70162487	67339.625	2.01999998	0	255	0
-2.59599996	67339.625	3.21924996	0	255	0
-2.59599996	67339.625	2.61962509	0	255	0
-2.70162487	67339.625	2.61962509	0	255	0
-2.80725002	67339.625	3.01937485	0	255	0
-2.70162487	67339.625	3.01937485	0	255	0
-2.75443745	67284.6875	3.21924996	0	255	0
-2.80725002	67229.75	3.01937485	0	255	0
-2.70162487	67229.75	3.01937485	0	255	0
-2.64881229	67339.625	3.61899996	0	255	0
-2.59599996	67339.625	3.41912508	0	255	0
-2.64881229	67284.6875	3.21924996	0	255	0
-2.59599996	67284.6875	3.61899996	0	255	0
-2.59599996	67339.625	2.81949997	0	255	0
-2.64881229	67284.6875	2.81949997	0	255	0
-2.70162487	67229.75	2.81949997	0	255	0
-2.80725002	67449.5	3.61899996	0	255	0
-2.80725002	67449.5	3.01937485	0	255	0
-2.80725002	67339.625	3.01937485	0	255	0
-2.80725002	67339.625	2.81949997	0	255	0
-2.59599996	67449.5	3.01937485	0	255	0
-2.59599996	67449.5	2.01999998	0	255	0
-2.70162487	67229.75	3.01937485	0	255	0
-2.59599996	67229.75	3.01937485	0	255	0
-2.59599996	67229.75	3.61899996	0	255	0
-2.70162487	67229.75	2.81949997	0	255	0
-2.80725002	67229.75	3.41912508	0	255	0
-2.70162487	67229.75	3.41912508	0	255	0
-2.75443745	67174.8125	3.21924996	0	255	0
-2.80725002	67119.875	3.41912508	0	255	0
-2.70162487	67119.875	3.41912508	0	255	0
-2.70162487	67229.75	3.21924996	0	255	0
-2.59599996	67229.75	3.21924996	0	255	0
-2.64881229	67174.8125	3.21924996	0	255	0
-2.70162487	67229.75	3.61899996	0	255	0
-2.70162487	67229.75	3.41912508	0	255	0
-2.59599996	67229.75	3.41912508	0	255	0
-2.70162487	67119.875	3.41912508	0	255	0
-2.59599996	67119.875	3.41912508	0	255	0
-2.59599996	67119.875	3.61899996	0	255	0
-2.80725002	67119.875	3.01937485	0	255	0
-2.80725002	67119.875	3.61899996	0	255	0
-2.70162487	67119.875	3.01937485	0	255	0
-2.75443745	67064.9375	3.21924996	0	255	0
-2.80725002	67010	3.01937485	0	255	0
-2.70162487	67010	3.01937485	0	255	0
-2.64881229	67064.9375	3.21924996	0	255	0
-2.59599996	67010	3.61899996	0	255	0
-2.80725002	67010	3.61899996	0	255	0
-2.59599996	67119.875	2.81949997	0	255	0
-2.64881229	67064.9375	2.81949997	0	255	0
-2.70162487	67010	2.81949997	0	255	0
-2.70162487	67229.75	2.61962509	0	255	0
-2.70162487	67229.75	2.81949997	0	255	0
-2.64881229	67229.75	2.41974998	0	255	0
-2.59599996	67229.75	2.41974998	0	255	0
-2.64881229	67174.8125	2.41974998	0	255	0
-2.70162487	67174.8125	2.41974998	0	255	0
-2.70162487	67229.75	2.81949997	0	255	0
-2.70162487	67229.75	2.61962509	0	255	0
-2.59599996	67229.75	2.61962509	0	255	0
-2.59599996	67229.75	2.01999998	0	255	0
-2.70162487	67119.875	2.61962509	0	255	0
-2.59599996	67119.875	2.61962509	0	255	0
-2.59599996	67119.875	2.81949997	0	255	0
-2.64881229	67064.9375	2.41974998	0	255	0
-2.80725002	67010	2.81949997	0	255	0
-2.59599996	67119.875	2.01999998	0	255	0
-2.64881229	67064.9375	2.01999998	0	255	0
-2.70162487	67010	2.01999998	0	255	0
-2.70162487	67449.5	2.01999998	0	255	0
-2.64881229	67449.5	2.01999998	0	255	0
-2.70162487	67449.5	1.62024999	0	255	0
-2.64881229	67449.5	1.62024999	0	255	0
-2.64881229	67394.5625	1.62024999	0	255	0
-2.59599996	67394.5625	2.01999998	0	255	0
-2.59599996	67394.5625	1.62024999	0	255	0
-2.70162487	67449.5	1.020625	0	255	0
-2.70162487	67449.5	1.62024999	0	255	0
-2.59599996	67449.5	1.62024999	0	255	0
-2.59599996	67449.5	1.020625	0	255	0
-2.70162487	67339.625	0.421000004	0	255	0
-2.59599996	67339.625	1.62024999	0	255	0
-2.59599996	67339.625	1.020625	0	255	0
-2.70162487	67339.625	1.020625	0	255	0
-2.70162487	67284.6875	2.01999998	0	255	0
-2.70162487	67284.6875	1.62024999	0	255	0
-2.64881229	67229.75	2.01999998	0	255	0
-2.64881229	67229.75	1.62024999	0	255	0
-2.64881229	67339.625	1.62024999	0	255	0
-2.64881229	67339.625	1.22049999	0	255	0
-2.59599996	67339.625	1.22049999	0	255	0
-2.64881229	67229.75	1.62024999	0	255	0
-2.64881229	67229.75	1.22049999	0	255	0
-2.70162487	67449.5	1.22049999	0	255	0
-2.70162487	67449.5	1.42037499	0	255	0
-2.59599996	67449.5	1.42037499	0	255	0
-2.59599996	67449.5	0.421000004	0	255	0
-2.70162487	67229.75	1.42037499	0	255	0
-2.59599996	67229.75	1.42037499	0	255	0
-2.59599996	67229.75	2.01999998	0	255	0
-2.70162487	67229.75	1.22049999	0	255	0
-2.70162487	67229.75	1.82012498	0	255	0
-2.70162487	67229.75	2.01999998	0	255	0
-2.64881229	67229.75	1.62024999	0	255	0
-2.59599996	67229.75	1.62024999	0	255	0
-2.64881229	67174.8125	1.62024999	0	255	0
-2.70162487	67119.875	1.82012498	0	255	0
-2.64881229	67119.875	1.62024999	0	255	0
-2.70162487	67229.75	2.01999998	0	255	0
-2.70162487	67229.75	1.82012498	0	255	0
-2.59599996	67229.75	1.82012498	0	255	0
-2.70162487	67119.875	1.82012498	0	255	0
-2.59599996	67119.875	1.82012498	0	255	0
-2.59599996	67119.875	2.01999998	0	255	0
-2.64881229	67064.9375	1.62024999	0	255	0
-2.80725002	67010	2.01999998	0	255	0
-2.59599996	67119.875	1.22049999	0	255	0
-2.64881229	67064.9375	1.22049999	0	255	0
-2.70162487	67010	1.22049999	0	255	0
-2.59599996	67010	1.22049999	0	255	0
-2.64881229	67229.75	1.22049999	0	255	0
-2.64881229	67229.75	0.820749998	0	255	0
-2.59599996	67229.75	0.820749998	0	255	0
-2.64881229	67119.875	1.22049999	0	255	0
-2.64881229	67119.875	0.820749998	0	255	0
-2.70162487	67229.75	1.22049999	0	255	0
-2.70162487	67229.75	1.020625	0	255	0
-2.59599996	67229.75	1.020625	0	255	0
-2.59599996	67229.75	0.421000004	0	255	0
-2.70162487	67119.875	1.020625	0	255	0
-2.59599996	67119.875	1.020625	0	255	0
-2.59599996	67119.875	1.22049999	0	255	0
-2.59599996	67064.9375	1.22049999	0	255	0
-2.64881229	67064.9375	0.820749998	0	255	0
-2.64881229	67010	1.22049999	0	255	0
-2.70162487	67010	0.820749998	0	255	0
-2.59599996	67010	1.020625	0	255	0
-2.75443745	67119.875	0.620875001	0	255	0
-2.75443745	67119.875	0.820749998	0	255	0
-2.70162487	67119.875	0.620875001	0	255	0
-2.70162487	67064.9375	0.820749998	0	255	0
-2.70162487	67064.9375	0.620875001	0	255	0
-2.80725002	67064.9375	0.820749998	0	255	0
-2.75443745	67064.9375	0.421000004	0	255	0
-2.75443745	67010	0.820749998	0	255	0
-2.80725002	67064.9375	0.421000004	0	255	0
-2.80725002	67010	0.820749998	0	255	0
-2.75443745	67010	0.421000004	0	255	0
-2.80725002	67010	0.421000004	0	255	0
-2.70162487	67119.875	0.620875001	0	255	0
-2.59599996	67119.875	0.620875001	0	255	0
-2.64881229	67064.9375	0.421000004	0	255	0
-2.70162487	67010	0.620875001	0	255	0
-2.59599996	67010	0.620875001	0	255	0
