-3.89400005	6.75147486	2.58031249	0	255	0
-3.89400005	6.75147486	2.50174999	0	255	0
-3.89074993	6.75147486	2.65887499	0	255	0
-3.89400005	6.75129986	2.58031249	0	255	0
-3.88750005	6.75147486	2.50174999	0	255	0
-3.88750005	6.75147486	2.58031249	0	255	0
-3.88750005	6.75129986	2.58031249	0	255	0
-3.88750005	6.75147486	2.81599998	0	255	0
-3.88425016	6.75147486	2.65887499	0	255	0
-3.88425016	6.75147486	2.65887499	0	255	0
-3.88425016	6.75129986	2.81599998	0	255	0
-3.88750005	6.75147486	2.65887499	0	255	0
-3.88100004	6.75147486	2.73743749	0	255	0
-3.88100004	6.75147486	2.65887499	0	255	0
-3.88100004	6.75129986	2.73743749	0	255	0
-3.89074993	6.75147486	2.50174999	0	255	0
-3.88750005	6.75147486	2.65887499	0	255	0
-3.88750005	6.75147486	2.58031249	0	255	0
-3.89074993	6.75129986	2.65887499	0	255	0
-3.88750005	6.75129986	2.58031249	0	255	0
-3.89400005	6.75147486	2.50174999	0	255	0
-3.89400005	6.75147486	2.58031249	0	255	0
-3.89400005	6.75129986	2.65887499	0	255	0
-3.89400005	6.75129986	2.58031249	0	255	0
-3.89074993	6.75129986	2.50174999	0	255	0
-3.89400005	6.75129986	2.50174999	0	255	0
-3.88750005	6.75147486	2.65887499	0	255	0
-3.88425016	6.75147486	2.50174999	0	255	0
-3.88100004	6.75147486	2.65887499	0	255	0
-3.88750005	6.75147486	2.50174999	0	255	0
-3.88750005	6.75129986	2.50174999	0	255	0
-3.88100004	6.75147486	2.50174999	0	255	0
-3.88100004	6.75147486	2.58031249	0	255	0
-3.88100004	6.75147486	2.50174999	0	255	0
-3.87774992	6.75147486	2.65887499	0	255	0
-3.88100004	6.75129986	2.58031249	0	255	0
-3.87450004	6.75147486	2.50174999	0	255	0
-3.87450004	6.75147486	2.58031249	0	255	0
-3.87450004	6.75129986	2.81599998	0	255	0
-3.87450004	6.75129986	2.58031249	0	255	0
-3.88100004	6.75147486	2.65887499	0	255	0
-3.87774992	6.75147486	2.50174999	0	255	0
-3.87450004	6.75147486	2.65887499	0	255	0
-3.88100004	6.75147486	2.50174999	0	255	0
-3.87450004	6.75147486	2.50174999	0	255	0
-3.87450004	6.75147486	2.65887499	0	255	0
-3.87125015	6.75147486	2.50174999	0	255	0
-3.87125015	6.75147486	2.50174999	0	255	0
-3.87125015	6.75129986	2.65887499	0	255	0
-3.87450004	6.75147486	2.50174999	0	255	0
-3.86800003	6.75147486	2.58031249	0	255	0
-3.86800003	6.75147486	2.50174999	0	255	0
-3.86800003	6.75129986	2.58031249	0	255	0
-3.88100004	6.75164986	2.50174999	0	255	0
-3.88100004	6.75164986	2.58031249	0	255	0
-3.88100004	6.75129986	2.58031249	0	255	0
-3.86800003	6.75164986	2.58031249	0	255	0
-3.86800003	6.75164986	2.50174999	0	255	0
-3.86800003	6.75129986	2.58031249	0	255	0
-3.86800003	6.75129986	2.81599998	0	255	0
-3.88100004	6.75129986	2.65887499	0	255	0
-3.88100004	6.75129986	2.73743749	0	255	0
-3.88100004	6.75112486	2.73743749	0	255	0
-3.88100004	6.75112486	2.65887499	0	255	0
-3.87450004	6.75129986	2.73743749	0	255	0
-3.87450004	6.75112486	2.73743749	0	255	0
-3.87450004	6.75112486	2.65887499	0	255	0
-3.87450004	6.75129986	2.73743749	0	255	0
-3.86800003	6.75129986	2.73743749	0	255	0
-3.86800003	6.75129986	2.65887499	0	255	0
-3.87125015	6.75112486	2.65887499	0	255	0
-3.86800003	6.75112486	2.81599998	0	255	0
-3.87125015	6.75094986	2.81599998	0	255	0
-3.86800003	6.75094986	2.81599998	0	255	0
-3.87450004	6.75094986	2.73743749	0	255	0
-3.87774992	6.75129986	2.65887499	0	255	0
-3.87774992	6.75112486	2.50174999	0	255	0
-3.87450004	6.75112486	2.65887499	0	255	0
-3.87774992	6.75129986	2.50174999	0	255	0
-3.87450004	6.75129986	2.50174999	0	255	0
-3.88100004	6.75112486	2.50174999	0	255	0
-3.88100004	6.75112486	2.58031249	0	255	0
-3.88100004	6.75094986	2.58031249	0	255	0
-3.88100004	6.75094986	2.50174999	0	255	0
-3.87450004	6.75094986	2.58031249	0	255	0
-3.87450004	6.75129986	2.81599998	0	255	0
-3.87450004	6.75129986	2.73743749	0	255	0
-3.86800003	6.75129986	2.73743749	0	255	0
-3.87450004	6.75094986	2.73743749	0	255	0
-3.86800003	6.75094986	2.73743749	0	255	0
-3.86800003	6.75094986	2.81599998	0	255	0
-3.87125015	6.75094986	2.65887499	0	255	0
-3.87125015	6.75094986	2.73743749	0	255	0
-3.86800003	6.75094986	2.73743749	0	255	0
-3.87125015	6.75077486	2.73743749	0	255	0
-3.86800003	6.75077486	2.73743749	0	255	0
-3.86800003	6.75077486	2.65887499	0	255	0
-3.87450004	6.75059986	2.81599998	0	255	0
-3.87450004	6.75094986	2.58031249	0	255	0
-3.87125015	6.75094986	2.58031249	0	255	0
-3.87125015	6.75094986	2.50174999	0	255	0
-3.87450004	6.75077486	2.58031249	0	255	0
-3.87125015	6.75077486	2.58031249	0	255	0
-3.87450004	6.75059986	2.65887499	0	255	0
-3.87450004	6.75077486	2.50174999	0	255	0
-3.87125015	6.75129986	2.42318749	0	255	0
-3.87125015	6.75129986	2.50174999	0	255	0
-3.86800003	6.75129986	2.42318749	0	255	0
-3.87450004	6.75112486	2.42318749	0	255	0
-3.87450004	6.75112486	2.50174999	0	255	0
-3.87125015	6.75112486	2.344625	0	255	0
-3.87450004	6.75094986	2.42318749	0	255	0
-3.86800003	6.75094986	2.42318749	0	255	0
-3.87450004	6.75129986	2.50174999	0	255	0
-3.87450004	6.75129986	2.42318749	0	255	0
-3.86800003	6.75129986	2.42318749	0	255	0
-3.86800003	6.75129986	2.1875	0	255	0
-3.87450004	6.75094986	2.42318749	0	255	0
-3.86800003	6.75094986	2.42318749	0	255	0
-3.86800003	6.75094986	2.50174999	0	255	0
-3.87450004	6.75094986	2.344625	0	255	0
-3.87125015	6.75094986	2.42318749	0	255	0
-3.87125015	6.75094986	2.50174999	0	255	0
-3.86800003	6.75094986	2.42318749	0	255	0
-3.87125015	6.75077486	2.344625	0	255	0
-3.86800003	6.75077486	2.50174999	0	255	0
-3.86800003	6.75077486	2.42318749	0	255	0
-3.87125015	6.75077486	2.42318749	0	255	0
-3.86800003	6.75147486	2.2660625	0	255	0
-3.86800003	6.75147486	2.1875	0	255	0
-3.86474991	6.75147486	2.344625	0	255	0
-3.86474991	6.75147486	2.2660625	0	255	0
-3.86474991	6.75147486	2.344625	0	255	0
-3.86474991	6.75129986	2.1875	0	255	0
-3.86474991	6.75129986	2.2660625	0	255	0
-3.86800003	6.75129986	2.2660625	0	255	0
-3.86150002	6.75147486	2.42318749	0	255	0
-3.86150002	6.75147486	2.50174999	0	255	0
-3.85825014	6.75147486	2.344625	0	255	0
-3.85825014	6.75147486	2.42318749	0	255	0
-3.85825014	6.75147486	2.344625	0	255	0
-3.85825014	6.75129986	2.50174999	0	255	0
-3.85825014	6.75129986	2.42318749	0	255	0
-3.86150002	6.75129986	2.42318749	0	255	0
-3.86800003	6.75147486	2.344625	0	255	0
-3.86474991	6.75147486	2.1875	0	255	0
-3.86150002	6.75147486	2.344625	0	255	0
-3.86800003	6.75147486	2.1875	0	255	0
-3.86150002	6.75147486	2.1875	0	255	0
-3.86150002	6.75147486	2.1875	0	255	0
-3.86150002	6.75147486	2.2660625	0	255	0
-3.85825014	6.75147486	2.2660625	0	255	0
-3.86150002	6.75129986	2.2660625	0	255	0
-3.85825014	6.75129986	2.2660625	0	255	0
-3.85825014	6.75129986	2.1875	0	255	0
-3.86800003	6.75112486	2.2660625	0	255	0
-3.86800003	6.75112486	2.1875	0	255	0
-3.86474991	6.75112486	2.344625	0	255	0
-3.86800003	6.75094986	2.2660625	0	255	0
-3.86150002	6.75112486	2.1875	0	255	0
-3.86150002	6.75112486	2.2660625	0	255	0
-3.86150002	6.75094986	2.2660625	0	255	0
-3.86474991	6.75094986	2.42318749	0	255	0
-3.86474991	6.75094986	2.50174999	0	255	0
-3.86150002	6.75094986	2.42318749	0	255	0
-3.86474991	6.75077486	2.344625	0	255	0
-3.86150002	6.75077486	2.50174999	0	255	0
-3.86150002	6.75077486	2.42318749	0	255	0
-3.86474991	6.75077486	2.42318749	0	255	0
-3.86800003	6.75129986	2.42318749	0	255	0
-3.86800003	6.75129986	2.50174999	0	255	0
-3.86150002	6.75129986	2.42318749	0	255	0
-3.86474991	6.75112486	2.344625	0	255	0
-3.86800003	6.75094986	2.42318749	0	255	0
-3.86150002	6.75094986	2.1875	0	255	0
-3.86150002	6.75094986	2.42318749	0	255	0
-3.86150002	6.75129986	2.42318749	0	255	0
-3.85500002	6.75129986	2.50174999	0	255	0
-3.85500002	6.75129986	2.42318749	0	255	0
-3.85825014	6.75112486	2.344625	0	255	0
-3.86150002	6.75094986	2.42318749	0	255	0
-3.85500002	6.75094986	2.50174999	0	255	0
-3.85500002	6.75094986	2.42318749	0	255	0
-3.86474991	6.75129986	2.344625	0	255	0
-3.86150002	6.75129986	2.344625	0	255	0
-3.86800003	6.75129986	2.2660625	0	255	0
-3.86150002	6.75129986	2.1875	0	255	0
-3.86800003	6.75112486	2.344625	0	255	0
-3.86474991	6.75112486	2.1875	0	255	0
-3.86800003	6.75059986	2.50174999	0	255	0
-3.86150002	6.75129986	2.50174999	0	255	0
-3.86150002	6.75129986	2.42318749	0	255	0
-3.85500002	6.75129986	2.42318749	0	255	0
-3.86800003	6.75059986	1.55900002	0	255	0
-3.86150002	6.75094986	2.42318749	0	255	0
-3.85500002	6.75094986	2.42318749	0	255	0
-3.85500002	6.75094986	2.50174999	0	255	0
-3.86800003	6.75094986	2.2660625	0	255	0
-3.86474991	6.75094986	2.2660625	0	255	0
-3.86474991	6.75094986	2.1875	0	255	0
-3.86800003	6.75077486	2.2660625	0	255	0
-3.86474991	6.75077486	2.2660625	0	255	0
-3.86800003	6.75059986	2.344625	0	255	0
-3.86800003	6.75077486	2.1875	0	255	0
-3.85500002	6.75112486	2.42318749	0	255	0
-3.85500002	6.75112486	2.50174999	0	255	0
-3.8517499	6.75112486	2.344625	0	255	0
-3.85500002	6.75094986	2.42318749	0	255	0
-3.84850001	6.75112486	2.50174999	0	255	0
-3.84850001	6.75112486	2.42318749	0	255	0
-3.84850001	6.75094986	2.1875	0	255	0
-3.84850001	6.75094986	2.42318749	0	255	0
-3.85500002	6.75129986	2.2660625	0	255	0
-3.85500002	6.75129986	2.344625	0	255	0
-3.8517499	6.75129986	2.344625	0	255	0
-3.8517499	6.75129986	2.2660625	0	255	0
-3.8517499	6.75112486	2.1875	0	255	0
-3.85500002	6.75094986	2.2660625	0	255	0
-3.84850001	6.75112486	2.344625	0	255	0
-3.84850001	6.75112486	2.2660625	0	255	0
-3.84850001	6.75094986	2.2660625	0	255	0
-3.84850001	6.75129986	2.50174999	0	255	0
-3.84850001	6.75129986	2.42318749	0	255	0
-3.84200001	6.75129986	2.42318749	0	255	0
-3.84200001	6.75129986	2.1875	0	255	0
-3.84850001	6.75094986	2.42318749	0	255	0
-3.84200001	6.75094986	2.42318749	0	255	0
-3.84200001	6.75094986	2.50174999	0	255	0
-3.89074993	6.75147486	1.95181251	0	255	0
-3.89074993	6.75147486	2.030375	0	255	0
-3.88750005	6.75147486	1.87325001	0	255	0
-3.88750005	6.75147486	1.95181251	0	255	0
-3.89074993	6.75129986	1.87325001	0	255	0
-3.88750005	6.75129986	2.1875	0	255	0
-3.88750005	6.75129986	1.95181251	0	255	0
-3.89074993	6.75129986	1.95181251	0	255	0
-3.88750005	6.75147486	2.1089375	0	255	0
-3.88750005	6.75147486	2.1875	0	255	0
-3.88425016	6.75147486	2.030375	0	255	0
-3.88750005	6.75129986	2.1089375	0	255	0
-3.88100004	6.75147486	2.1875	0	255	0
-3.88100004	6.75147486	2.1089375	0	255	0
-3.88100004	6.75129986	2.1089375	0	255	0
-3.88425016	6.75164986	1.95181251	0	255	0
-3.88425016	6.75164986	2.030375	0	255	0
-3.88100004	6.75164986	2.030375	0	255	0
-3.88100004	6.75164986	1.95181251	0	255	0
-3.88425016	6.75147486	1.87325001	0	255	0
-3.88100004	6.75147486	2.030375	0	255	0
-3.88100004	6.75147486	1.95181251	0	255	0
-3.88425016	6.75147486	1.95181251	0	255	0
-3.87125015	6.75147486	2.030375	0	255	0
-3.86800003	6.75147486	2.1875	0	255	0
-3.87125015	6.75129986	2.1875	0	255	0
-3.87450004	6.75129986	2.1875	0	255	0
-3.86800003	6.75147486	2.030375	0	255	0
-3.87125015	6.75129986	2.030375	0	255	0
-3.87450004	6.75147486	1.95181251	0	255	0
-3.87450004	6.75147486	2.030375	0	255	0
-3.87125015	6.75147486	1.87325001	0	255	0
-3.87450004	6.75129986	1.95181251	0	255	0
-3.86800003	6.75147486	2.030375	0	255	0
-3.87450004	6.75129986	2.030375	0	255	0
-3.86800003	6.75147486	1.87325001	0	255	0
-3.87125015	6.75129986	1.87325001	0	255	0
-3.88100004	6.75129986	2.030375	0	255	0
-3.87450004	6.75164986	1.95181251	0	255	0
-3.86800003	6.75164986	1.95181251	0	255	0
-3.86800003	6.75164986	1.87325001	0	255	0
-3.87450004	6.75129986	1.95181251	0	255	0
-3.86800003	6.75129986	1.95181251	0	255	0
-3.86800003	6.75129986	2.1875	0	255	0
-3.87450004	6.75129986	1.87325001	0	255	0
-3.88100004	6.75129986	2.1089375	0	255	0
-3.87774992	6.75129986	2.1875	0	255	0
-3.87774992	6.75129986	2.1089375	0	255	0
-3.87774992	6.75112486	2.030375	0	255	0
-3.87774992	6.75094986	2.1875	0	255	0
-3.87774992	6.75094986	2.1089375	0	255	0
-3.88100004	6.75094986	2.1089375	0	255	0
-3.87125015	6.75129986	2.1875	0	255	0
-3.87125015	6.75112486	2.030375	0	255	0
-3.86800003	6.75112486	2.1875	0	255	0
-3.87450004	6.75129986	2.030375	0	255	0
-3.87450004	6.75129986	2.1089375	0	255	0
-3.87450004	6.75112486	2.1089375	0	255	0
-3.87450004	6.75112486	2.030375	0	255	0
-3.86800003	6.75129986	2.030375	0	255	0
-3.87125015	6.75094986	2.1089375	0	255	0
-3.86800003	6.75094986	2.1089375	0	255	0
-3.86800003	6.75094986	2.030375	0	255	0
-3.87125015	6.75094986	2.030375	0	255	0
-3.87774992	6.75112486	1.95181251	0	255	0
-3.87774992	6.75112486	1.87325001	0	255	0
-3.87450004	6.75112486	2.030375	0	255	0
-3.87450004	6.75112486	1.95181251	0	255	0
-3.87774992	6.75094986	2.030375	0	255	0
-3.87450004	6.75094986	1.95181251	0	255	0
-3.87774992	6.75094986	1.95181251	0	255	0
-3.87450004	6.75129986	2.1875	0	255	0
-3.87450004	6.75129986	2.1089375	0	255	0
-3.86800003	6.75129986	2.1089375	0	255	0
-3.87450004	6.75094986	2.1089375	0	255	0
-3.86800003	6.75094986	2.1089375	0	255	0
-3.86800003	6.75094986	2.1875	0	255	0
-3.87125015	6.75129986	1.71612501	0	255	0
-3.87125015	6.75129986	1.79468751	0	255	0
-3.86800003	6.75129986	1.79468751	0	255	0
-3.86800003	6.75129986	1.71612501	0	255	0
-3.87125015	6.75112486	1.79468751	0	255	0
-3.86800003	6.75112486	1.79468751	0	255	0
-3.86800003	6.75112486	1.71612501	0	255	0
-3.87450004	6.75094986	1.55900002	0	255	0
-3.87450004	6.75129986	1.87325001	0	255	0
-3.87450004	6.75129986	1.79468751	0	255	0
-3.86800003	6.75129986	1.79468751	0	255	0
-3.86800003	6.75129986	1.55900002	0	255	0
-3.87450004	6.75094986	1.79468751	0	255	0
-3.86800003	6.75094986	1.79468751	0	255	0
-3.86800003	6.75094986	1.87325001	0	255	0
-3.87450004	6.75094986	1.71612501	0	255	0
-3.86150002	6.75200033	2.1875	0	255	0
-3.86150002	6.75200033	2.2660625	0	255	0
-3.85500002	6.75200033	2.2660625	0	255	0
-3.85500002	6.75200033	2.1875	0	255	0
-3.86800003	6.75164986	2.1875	0	255	0
-3.86800003	6.75164986	2.2660625	0	255	0
-3.86800003	6.75129986	2.2660625	0	255	0
-3.85500002	6.75129986	2.2660625	0	255	0
-3.85500002	6.75200033	2.50174999	0	255	0
-3.85500002	6.75200033	2.42318749	0	255	0
-3.84200001	6.75200033	2.42318749	0	255	0
-3.84200001	6.75200033	1.55900002	0	255	0
-3.85500002	6.75129986	2.42318749	0	255	0
-3.84200001	6.75129986	2.42318749	0	255	0
-3.84200001	6.75129986	2.50174999	0	255	0
-3.85500002	6.75129986	2.344625	0	255	0
-3.86800003	6.75129986	2.2660625	0	255	0
-3.85500002	6.75129986	2.2660625	0	255	0
-3.85500002	6.75094986	2.2660625	0	255	0
-3.85500002	6.75094986	2.1875	0	255	0
-3.86800003	6.75059986	2.2660625	0	255	0
-3.86150002	6.75059986	2.2660625	0	255	0
-3.86150002	6.75059986	2.1875	0	255	0
-3.85500002	6.75129986	2.2660625	0	255	0
-3.85500002	6.75094986	2.2660625	0	255	0
-3.85500002	6.75094986	2.1875	0	255	0
-3.84200001	6.75129986	2.2660625	0	255	0
-3.84200001	6.75129986	2.1875	0	255	0
-3.84200001	6.75094986	2.2660625	0	255	0
-3.84200001	6.75094986	2.1875	0	255	0
-3.88425016	6.75007486	1.63756251	0	255	0
-3.88425016	6.75007486	1.71612501	0	255	0
-3.88100004	6.75007486	1.55900002	0	255	0
-3.88100004	6.75007486	1.63756251	0	255	0
-3.88425016	6.74989986	1.55900002	0	255	0
-3.88100004	6.74989986	1.63756251	0	255	0
-3.88425016	6.74989986	1.63756251	0	255	0
-3.88100004	6.75042486	1.63756251	0	255	0
-3.88100004	6.75042486	1.55900002	0	255	0
-3.87774992	6.75042486	1.71612501	0	255	0
-3.88100004	6.75024986	1.63756251	0	255	0
-3.87450004	6.75042486	1.55900002	0	255	0
-3.87450004	6.75042486	1.63756251	0	255	0
-3.87450004	6.75024986	1.63756251	0	255	0
-3.87450004	6.75042486	1.63756251	0	255	0
-3.87450004	6.75042486	1.55900002	0	255	0
-3.87125015	6.75042486	1.71612501	0	255	0
-3.87450004	6.75024986	1.63756251	0	255	0
-3.86800003	6.75042486	1.55900002	0	255	0
-3.86800003	6.75042486	1.63756251	0	255	0
-3.86800003	6.75024986	1.63756251	0	255	0
-3.87774992	6.75024986	1.79468751	0	255	0
-3.87774992	6.75024986	1.87325001	0	255	0
-3.87450004	6.75024986	1.79468751	0	255	0
-3.87450004	6.75007486	1.87325001	0	255	0
-3.87450004	6.75007486	1.79468751	0	255	0
-3.88100004	6.75007486	1.79468751	0	255	0
-3.88100004	6.75007486	1.87325001	0	255	0
-3.87774992	6.75007486	1.71612501	0	255	0
-3.87774992	6.74989986	1.87325001	0	255	0
-3.87774992	6.74989986	1.79468751	0	255	0
-3.88100004	6.74989986	1.79468751	0	255	0
-3.87450004	6.75024986	1.63756251	0	255	0
-3.86800003	6.75024986	1.63756251	0	255	0
-3.87125015	6.75007486	1.71612501	0	255	0
-3.87450004	6.74989986	1.63756251	0	255	0
-3.86800003	6.74989986	1.63756251	0	255	0
-3.88750005	6.74989986	2.1089375	0	255	0
-3.88750005	6.74989986	2.1875	0	255	0
-3.88750005	6.74972486	2.1875	0	255	0
-3.88750005	6.74972486	2.1089375	0	255	0
-3.88100004	6.74989986	2.1089375	0	255	0
-3.88100004	6.74972486	2.1875	0	255	0
-3.88100004	6.74972486	2.1089375	0	255	0
-3.88100004	6.74989986	1.63756251	0	255	0
-3.88100004	6.74972486	1.55900002	0	255	0
-3.88100004	6.74972486	1.63756251	0	255	0
-3.87450004	6.74989986	1.63756251	0	255	0
-3.87450004	6.74972486	1.55900002	0	255	0
-3.87450004	6.74972486	1.63756251	0	255	0
-3.87450004	6.74989986	1.63756251	0	255	0
-3.87450004	6.74972486	1.55900002	0	255	0
-3.87450004	6.74972486	1.63756251	0	255	0
-3.86800003	6.74989986	1.63756251	0	255	0
-3.86800003	6.74972486	1.55900002	0	255	0
-3.86800003	6.74972486	1.63756251	0	255	0
-3.86800003	6.75042486	2.81599998	0	255	0
-3.86474991	6.75042486	2.65887499	0	255	0
-3.86150002	6.75042486	2.81599998	0	255	0
-3.86800003	6.75042486	2.65887499	0	255	0
-3.86150002	6.75042486	2.65887499	0	255	0
-3.85825014	6.75042486	2.65887499	0	255	0
-3.85500002	6.75042486	2.81599998	0	255	0
-3.85500002	6.75042486	2.73743749	0	255	0
-3.85825014	6.75024986	2.81599998	0	255	0
-3.85500002	6.75024986	2.81599998	0	255	0
-3.85500002	6.75024986	2.73743749	0	255	0
-3.86150002	6.75042486	2.65887499	0	255	0
-3.86150002	6.75042486	2.73743749	0	255	0
-3.86150002	6.75024986	2.73743749	0	255	0
-3.85825014	6.75024986	2.65887499	0	255	0
-3.86474991	6.75059986	2.58031249	0	255	0
-3.86474991	6.75059986	2.65887499	0	255	0
-3.86150002	6.75059986	2.65887499	0	255	0
-3.86150002	6.75059986	2.58031249	0	255	0
-3.86800003	6.75042486	2.65887499	0	255	0
-3.86474991	6.75042486	2.50174999	0	255	0
-3.86800003	6.75042486	2.50174999	0	255	0
-3.86150002	6.75042486	2.50174999	0	255	0
-3.86150002	6.75059986	2.81599998	0	255	0
-3.86150002	6.75059986	2.73743749	0	255	0
-3.85500002	6.75059986	2.73743749	0	255	0
-3.85500002	6.75059986	2.50174999	0	255	0
-3.86150002	6.75024986	2.73743749	0	255	0
-3.85500002	6.75024986	2.73743749	0	255	0
-3.85500002	6.75024986	2.81599998	0	255	0
-3.86800003	6.75024986	2.58031249	0	255	0
-3.86150002	6.75024986	2.58031249	0	255	0
-3.86474991	6.75007486	2.65887499	0	255	0
-3.86800003	6.74989986	2.58031249	0	255	0
-3.86150002	6.74989986	2.58031249	0	255	0
-3.86150002	6.75024986	2.73743749	0	255	0
-3.85825014	6.75024986	2.81599998	0	255	0
-3.86150002	6.75007486	2.81599998	0	255	0
-3.85825014	6.75024986	2.65887499	0	255	0
-3.85500002	6.75024986	2.73743749	0	255	0
-3.85500002	6.75007486	2.65887499	0	255	0
-3.85500002	6.75007486	2.81599998	0	255	0
-3.85825014	6.74989986	2.81599998	0	255	0
-3.85500002	6.74989986	2.73743749	0	255	0
-3.86150002	6.75007486	2.65887499	0	255	0
-3.86150002	6.74989986	2.73743749	0	255	0
-3.85825014	6.74989986	2.65887499	0	255	0
-3.86474991	6.75007486	2.50174999	0	255	0
-3.85500002	6.75024986	2.58031249	0	255	0
-3.85825014	6.75024986	2.50174999	0	255	0
-3.85825014	6.75007486	2.50174999	0	255	0
-3.85500002	6.74989986	2.65887499	0	255	0
-3.85500002	6.75007486	2.50174999	0	255	0
-3.86474991	6.75059986	2.42318749	0	255	0
-3.86474991	6.75059986	2.50174999	0	255	0
-3.86150002	6.75059986	2.50174999	0	255	0
-3.86150002	6.75059986	2.42318749	0	255	0
-3.86150002	6.75042486	2.50174999	0	255	0
-3.86800003	6.75042486	2.50174999	0	255	0
-3.86474991	6.75042486	2.344625	0	255	0
-3.86474991	6.75024986	2.50174999	0	255	0
-3.86800003	6.75042486	2.344625	0	255	0
-3.86150002	6.75042486	2.344625	0	255	0
-3.86150002	6.75024986	2.42318749	0	255	0
-3.86150002	6.75042486	2.50174999	0	255	0
-3.85825014	6.75042486	2.344625	0	255	0
-3.85500002	6.75042486	2.50174999	0	255	0
-3.86150002	6.75042486	2.344625	0	255	0
-3.85500002	6.75042486	2.344625	0	255	0
-3.86474991	6.75042486	2.1875	0	255	0
-3.86150002	6.75042486	2.344625	0	255	0
-3.86474991	6.75024986	2.344625	0	255	0
-3.86800003	6.75042486	2.1875	0	255	0
-3.86800003	6.75042486	2.2660625	0	255	0
-3.86800003	6.75024986	2.2660625	0	255	0
-3.86150002	6.75042486	2.1875	0	255	0
-3.86150002	6.75059986	2.50174999	0	255	0
-3.86150002	6.75059986	2.42318749	0	255	0
-3.85500002	6.75059986	2.42318749	0	255	0
-3.85500002	6.75059986	2.1875	0	255	0
-3.86150002	6.75024986	2.42318749	0	255	0
-3.85500002	6.75024986	2.42318749	0	255	0
-3.85500002	6.75024986	2.50174999	0	255	0
-3.86800003	6.75024986	2.2660625	0	255	0
-3.86150002	6.75024986	2.2660625	0	255	0
-3.86474991	6.75007486	2.344625	0	255	0
-3.86800003	6.74989986	2.2660625	0	255	0
-3.86150002	6.74989986	2.2660625	0	255	0
-3.85500002	6.75007486	2.344625	0	255	0
-3.85825014	6.75007486	2.344625	0	255	0
-3.85500002	6.74989986	2.42318749	0	255	0
-3.85825014	6.74989986	2.344625	0	255	0
-3.86150002	6.75007486	2.344625	0	255	0
-3.86474991	6.75007486	2.1875	0	255	0
-3.86474991	6.74989986	2.344625	0	255	0
-3.86800003	6.74989986	2.1875	0	255	0
-3.86150002	6.74989986	2.2660625	0	255	0
-3.85500002	6.75024986	2.1875	0	255	0
-3.85825014	6.75007486	2.1875	0	255	0
-3.85500002	6.74989986	2.344625	0	255	0
-3.85500002	6.75059986	2.81599998	0	255	0
-3.85500002	6.75059986	2.58031249	0	255	0
-3.84200001	6.75059986	2.58031249	0	255	0
-3.84200001	6.75059986	2.1875	0	255	0
-3.85500002	6.74989986	2.58031249	0	255	0
-3.84200001	6.74989986	2.58031249	0	255	0
-3.84200001	6.74989986	2.81599998	0	255	0
-3.86800003	6.74989986	2.2660625	0	255	0
-3.86800003	6.74972486	2.1875	0	255	0
-3.86800003	6.74972486	2.2660625	0	255	0
-3.86150002	6.74989986	2.1875	0	255	0
-3.86150002	6.74989986	2.2660625	0	255	0
-3.86150002	6.74972486	2.1875	0	255	0
-3.86150002	6.74972486	2.2660625	0	255	0
-3.85825014	6.74989986	2.2660625	0	255	0
-3.85825014	6.74989986	2.1875	0	255	0
-3.85500002	6.74989986	2.2660625	0	255	0
-3.85825014	6.74972486	2.344625	0	255	0
-3.85500002	6.74972486	2.1875	0	255	0
-3.85500002	6.74972486	2.2660625	0	255	0
-3.85825014	6.74972486	2.2660625	0	255	0
-3.86800003	6.74989986	2.344625	0	255	0
-3.86800003	6.74989986	2.42318749	0	255	0
-3.86800003	6.74972486	2.42318749	0	255	0
-3.86800003	6.74972486	2.344625	0	255	0
-3.86150002	6.74989986	2.42318749	0	255	0
-3.86150002	6.74972486	2.42318749	0	255	0
-3.86150002	6.74972486	2.344625	0	255	0
-3.85825014	6.74989986	2.50174999	0	255	0
-3.85825014	6.74972486	2.344625	0	255	0
-3.85500002	6.74972486	2.50174999	0	255	0
-3.86150002	6.74989986	2.42318749	0	255	0
-3.86150002	6.74972486	2.42318749	0	255	0
-3.86150002	6.74972486	2.344625	0	255	0
-3.85500002	6.74989986	2.344625	0	255	0
-3.85500002	6.74972486	2.344625	0	255	0
-3.86474991	6.74989986	2.344625	0	255	0
-3.86474991	6.74972486	2.1875	0	255	0
-3.86150002	6.74972486	2.344625	0	255	0
-3.86474991	6.74989986	2.1875	0	255	0
-3.86150002	6.74989986	2.1875	0	255	0
-3.86150002	6.74972486	2.1875	0	255	0
-3.86800003	6.74954987	2.344625	0	255	0
-3.86150002	6.74989986	2.50174999	0	255	0
-3.86150002	6.74989986	2.42318749	0	255	0
-3.85500002	6.74989986	2.42318749	0	255	0
-3.86150002	6.74954987	2.42318749	0	255	0
-3.85500002	6.74954987	2.42318749	0	255	0
-3.85500002	6.74954987	2.50174999	0	255	0
-3.86150002	6.74954987	2.344625	0	255	0
-3.85500002	6.74989986	2.42318749	0	255	0
-3.85500002	6.74972486	2.50174999	0	255	0
-3.85500002	6.74972486	2.42318749	0	255	0
-3.84850001	6.74989986	2.42318749	0	255	0
-3.84850001	6.74972486	2.50174999	0	255	0
-3.84850001	6.74972486	2.42318749	0	255	0
-3.84850001	6.74989986	2.42318749	0	255	0
-3.84525013	6.74989986	2.50174999	0	255	0
-3.84850001	6.74972486	2.50174999	0	255	0
-3.84525013	6.74972486	2.344625	0	255	0
-3.84850001	6.74972486	2.42318749	0	255	0
-3.84525013	6.74989986	2.344625	0	255	0
-3.84200001	6.74989986	2.42318749	0	255	0
-3.84200001	6.74989986	2.344625	0	255	0
-3.84200001	6.74972486	2.42318749	0	255	0
-3.84200001	6.74972486	2.344625	0	255	0
-3.84850001	6.74954987	2.1875	0	255	0
-3.85500002	6.74989986	2.344625	0	255	0
-3.8517499	6.74989986	2.344625	0	255	0
-3.85500002	6.74972486	2.344625	0	255	0
-3.8517499	6.74972486	2.1875	0	255	0
-3.8517499	6.74989986	2.1875	0	255	0
-3.85500002	6.74954987	2.344625	0	255	0
-3.85500002	6.74972486	2.1875	0	255	0
-3.87125015	6.75059986	2.1089375	0	255	0
-3.87125015	6.75059986	2.1875	0	255	0
-3.86800003	6.75059986	2.1089375	0	255	0
-3.87125015	6.75024986	2.1875	0	255	0
-3.86800003	6.75024986	2.1875	0	255	0
-3.87450004	6.75024986	1.87325001	0	255	0
-3.86800003	6.75042486	2.030375	0	255	0
-3.86800003	6.75024986	2.030375	0	255	0
-3.87125015	6.75024986	2.030375	0	255	0
-3.87774992	6.75007486	1.95181251	0	255	0
-3.87774992	6.75007486	2.030375	0	255	0
-3.87450004	6.75007486	1.87325001	0	255	0
-3.87450004	6.75007486	1.95181251	0	255	0
-3.87774992	6.74989986	1.87325001	0	255	0
-3.87450004	6.74989986	1.95181251	0	255	0
-3.87774992	6.74989986	1.95181251	0	255	0
-3.87125015	6.75007486	2.1089375	0	255	0
-3.86800003	6.75007486	2.1089375	0	255	0
-3.86800003	6.75007486	2.030375	0	255	0
-3.87125015	6.74989986	2.1089375	0	255	0
-3.86800003	6.74989986	2.1089375	0	255	0
-3.87125015	6.74989986	2.030375	0	255	0
-3.87774992	6.75007486	1.95181251	0	255	0
-3.87774992	6.75007486	1.87325001	0	255	0
-3.87450004	6.75007486	2.030375	0	255	0
-3.87450004	6.75007486	1.95181251	0	255	0
-3.87774992	6.74989986	2.030375	0	255	0
-3.87450004	6.74989986	1.95181251	0	255	0
-3.87774992	6.74989986	1.95181251	0	255	0
-3.88100004	6.74989986	1.55900002	0	255	0
-3.87450004	6.75024986	1.95181251	0	255	0
-3.87125015	6.75024986	1.95181251	0	255	0
-3.87125015	6.75024986	1.87325001	0	255	0
-3.87450004	6.75007486	1.95181251	0	255	0
-3.87450004	6.75007486	1.87325001	0	255	0
-3.87125015	6.75007486	1.87325001	0	255	0
-3.86800003	6.75007486	2.030375	0	255	0
-3.86800003	6.75007486	1.95181251	0	255	0
-3.87125015	6.74989986	2.030375	0	255	0
-3.86800003	6.74989986	1.95181251	0	255	0
-3.87125015	6.74989986	1.95181251	0	255	0
-3.87125015	6.74989986	2.1089375	0	255	0
-3.87125015	6.74989986	2.1875	0	255	0
-3.86800003	6.74989986	2.1875	0	255	0
-3.86800003	6.74989986	2.1089375	0	255	0
-3.87125015	6.74972486	2.030375	0	255	0
-3.86800003	6.74972486	2.1875	0	255	0
-3.86800003	6.74972486	2.1089375	0	255	0
-3.87125015	6.74972486	2.1089375	0	255	0
-3.88100004	6.74937487	1.95181251	0	255	0
-3.88100004	6.74937487	1.87325001	0	255	0
-3.87774992	6.74937487	2.030375	0	255	0
-3.87774992	6.74937487	1.95181251	0	255	0
-3.87774992	6.74937487	2.030375	0	255	0
-3.87774992	6.74919987	1.87325001	0	255	0
-3.87774992	6.74919987	1.95181251	0	255	0
-3.88100004	6.74919987	1.95181251	0	255	0
-3.88100004	6.74989986	1.63756251	0	255	0
-3.88100004	6.74989986	1.71612501	0	255	0
-3.87774992	6.74989986	1.71612501	0	255	0
-3.87774992	6.74989986	1.63756251	0	255	0
-3.88100004	6.74972486	1.71612501	0	255	0
-3.87774992	6.74972486	1.55900002	0	255	0
-3.87774992	6.74972486	1.63756251	0	255	0
-3.88100004	6.74972486	1.63756251	0	255	0
-3.86800003	6.75042486	2.1875	0	255	0
-3.86474991	6.75042486	2.030375	0	255	0
-3.86150002	6.75042486	2.1875	0	255	0
-3.86800003	6.75042486	2.030375	0	255	0
-3.86150002	6.75042486	2.030375	0	255	0
-3.86150002	6.75042486	2.1875	0	255	0
-3.85825014	6.75042486	2.030375	0	255	0
-3.85500002	6.75042486	2.1875	0	255	0
-3.86150002	6.75042486	2.030375	0	255	0
-3.85500002	6.75042486	2.030375	0	255	0
-3.86474991	6.75042486	1.95181251	0	255	0
-3.86474991	6.75042486	1.87325001	0	255	0
-3.86150002	6.75042486	2.030375	0	255	0
-3.86150002	6.75042486	1.95181251	0	255	0
-3.86474991	6.75024986	2.030375	0	255	0
-3.86150002	6.75024986	1.95181251	0	255	0
-3.86474991	6.75024986	1.95181251	0	255	0
-3.86150002	6.75059986	2.1875	0	255	0
-3.86150002	6.75059986	2.1089375	0	255	0
-3.85500002	6.75059986	2.1089375	0	255	0
-3.85500002	6.75059986	1.87325001	0	255	0
-3.86150002	6.75024986	2.1089375	0	255	0
-3.85500002	6.75024986	2.1089375	0	255	0
-3.85500002	6.75024986	2.1875	0	255	0
-3.86800003	6.75024986	1.95181251	0	255	0
-3.86800003	6.75007486	1.87325001	0	255	0
-3.86800003	6.75007486	1.95181251	0	255	0
-3.86150002	6.75024986	1.95181251	0	255	0
-3.86474991	6.74989986	1.87325001	0	255	0
-3.86150002	6.74989986	1.95181251	0	255	0
-3.86474991	6.74989986	1.95181251	0	255	0
-3.86150002	6.75007486	2.030375	0	255	0
-3.85500002	6.75007486	2.030375	0	255	0
-3.85825014	6.75007486	2.030375	0	255	0
-3.86150002	6.74989986	2.1089375	0	255	0
-3.85500002	6.74989986	2.1089375	0	255	0
-3.86800003	6.75024986	1.95181251	0	255	0
-3.86150002	6.75024986	1.95181251	0	255	0
-3.86474991	6.75007486	1.87325001	0	255	0
-3.86150002	6.74989986	1.95181251	0	255	0
-3.86800003	6.75007486	1.87325001	0	255	0
-3.86800003	6.74989986	2.030375	0	255	0
-3.86474991	6.74989986	1.87325001	0	255	0
-3.86800003	6.74989986	1.87325001	0	255	0
-3.86150002	6.75007486	2.030375	0	255	0
-3.86800003	6.74989986	2.1875	0	255	0
-3.85500002	6.75024986	1.87325001	0	255	0
-3.85500002	6.75007486	1.87325001	0	255	0
-3.85825014	6.74989986	2.030375	0	255	0
-3.85500002	6.74989986	2.030375	0	255	0
-3.85500002	6.74989986	1.95181251	0	255	0
-3.86150002	6.74989986	1.95181251	0	255	0
-3.85825014	6.74989986	1.87325001	0	255	0
-3.86150002	6.74989986	1.87325001	0	255	0
-3.85500002	6.75042486	2.030375	0	255	0
-3.85500002	6.75042486	2.1089375	0	255	0
-3.8517499	6.75042486	2.1089375	0	255	0
-3.85500002	6.75024986	2.1089375	0	255	0
-3.8517499	6.75024986	2.1089375	0	255	0
-3.8517499	6.75024986	2.030375	0	255	0
-3.85500002	6.75042486	2.030375	0	255	0
-3.8517499	6.75042486	1.87325001	0	255	0
-3.84850001	6.75042486	2.030375	0	255	0
-3.84850001	6.75042486	1.95181251	0	255	0
-3.84850001	6.75024986	2.030375	0	255	0
-3.84850001	6.75024986	1.95181251	0	255	0
-3.85500002	6.75042486	1.87325001	0	255	0
-3.8517499	6.75024986	1.87325001	0	255	0
-3.85500002	6.75024986	1.95181251	0	255	0
-3.84850001	6.75024986	1.87325001	0	255	0
-3.84850001	6.75024986	1.95181251	0	255	0
-3.8517499	6.75007486	2.030375	0	255	0
-3.85500002	6.74989986	1.95181251	0	255	0
-3.84850001	6.74989986	2.1875	0	255	0
-3.84850001	6.74989986	1.95181251	0	255	0
-3.85500002	6.75024986	1.95181251	0	255	0
-3.84850001	6.75024986	1.95181251	0	255	0
-3.84850001	6.75007486	1.87325001	0	255	0
-3.8517499	6.75007486	1.87325001	0	255	0
-3.84850001	6.75007486	2.030375	0	255	0
-3.8517499	6.74989986	2.030375	0	255	0
-3.84850001	6.74989986	1.95181251	0	255	0
-3.85500002	6.74989986	1.95181251	0	255	0
-3.8517499	6.74989986	1.87325001	0	255	0
-3.84850001	6.75024986	1.95181251	0	255	0
-3.84525013	6.75024986	1.95181251	0	255	0
-3.84525013	6.75024986	1.87325001	0	255	0
-3.84850001	6.75007486	1.95181251	0	255	0
-3.84525013	6.75007486	1.95181251	0	255	0
-3.84850001	6.75007486	1.87325001	0	255	0
-3.86800003	6.75024986	1.63756251	0	255	0
-3.86800003	6.75024986	1.87325001	0	255	0
-3.86150002	6.75024986	1.63756251	0	255	0
-3.86150002	6.75007486	1.55900002	0	255	0
-3.86150002	6.75007486	1.63756251	0	255	0
-3.86474991	6.75007486	1.71612501	0	255	0
-3.86474991	6.74989986	1.55900002	0	255	0
-3.86474991	6.74989986	1.63756251	0	255	0
-3.86800003	6.74989986	1.63756251	0	255	0
-3.85500002	6.75024986	1.87325001	0	255	0
-3.85500002	6.75024986	1.79468751	0	255	0
-3.85825014	6.75024986	1.71612501	0	255	0
-3.86150002	6.74989986	1.87325001	0	255	0
-3.86150002	6.75007486	1.71612501	0	255	0
-3.85825014	6.75007486	1.71612501	0	255	0
-3.86150002	6.74989986	1.79468751	0	255	0
-3.85500002	6.74989986	1.79468751	0	255	0
-3.86150002	6.75024986	1.63756251	0	255	0
-3.85825014	6.75024986	1.71612501	0	255	0
-3.85825014	6.75024986	1.63756251	0	255	0
-3.86150002	6.75007486	1.71612501	0	255	0
-3.85825014	6.75007486	1.55900002	0	255	0
-3.85825014	6.75007486	1.63756251	0	255	0
-3.86150002	6.75007486	1.63756251	0	255	0
-3.85500002	6.75024986	1.87325001	0	255	0
-3.85500002	6.75024986	1.95181251	0	255	0
-3.85500002	6.74989986	1.95181251	0	255	0
-3.84200001	6.75024986	1.95181251	0	255	0
-3.84200001	6.75024986	1.87325001	0	255	0
-3.84200001	6.74989986	1.95181251	0	255	0
-3.84200001	6.74989986	2.1875	0	255	0
-3.86474991	6.74989986	1.63756251	0	255	0
-3.86474991	6.74989986	1.55900002	0	255	0
-3.86150002	6.74989986	1.63756251	0	255	0
-3.86474991	6.74972486	1.71612501	0	255	0
-3.86150002	6.74972486	1.55900002	0	255	0
-3.86150002	6.74972486	1.63756251	0	255	0
-3.86474991	6.74972486	1.63756251	0	255	0
-3.86150002	6.74989986	1.63756251	0	255	0
-3.86150002	6.74972486	1.55900002	0	255	0
-3.86150002	6.74972486	1.63756251	0	255	0
-3.85500002	6.74989986	1.63756251	0	255	0
-3.85500002	6.74972486	1.55900002	0	255	0
-3.85500002	6.74972486	1.63756251	0	255	0
-3.85825014	6.74937487	1.63756251	0	255	0
-3.85825014	6.74937487	1.71612501	0	255	0
-3.85500002	6.74937487	1.55900002	0	255	0
-3.85500002	6.74937487	1.63756251	0	255	0
-3.85825014	6.74919987	1.55900002	0	255	0
-3.85500002	6.74919987	2.1875	0	255	0
-3.85500002	6.74919987	1.63756251	0	255	0
-3.85825014	6.74919987	1.63756251	0	255	0
-3.8517499	6.74989986	2.1875	0	255	0
-3.85500002	6.74972486	2.1875	0	255	0
-3.8517499	6.74972486	2.030375	0	255	0
-3.85500002	6.74972486	2.030375	0	255	0
-3.84850001	6.74989986	2.1089375	0	255	0
-3.84850001	6.74972486	2.1089375	0	255	0
-3.84850001	6.74972486	2.030375	0	255	0
-3.85500002	6.74972486	2.030375	0	255	0
-3.84850001	6.74989986	1.95181251	0	255	0
-3.84850001	6.74972486	2.030375	0	255	0
-3.84850001	6.74972486	1.95181251	0	255	0
-3.8517499	6.74989986	1.87325001	0	255	0
-3.85500002	6.74954987	2.030375	0	255	0
-3.85500002	6.74972486	1.87325001	0	255	0
-3.84850001	6.74989986	2.1875	0	255	0
-3.84850001	6.74989986	2.1089375	0	255	0
-3.84200001	6.74989986	2.1089375	0	255	0
-3.84850001	6.74954987	2.1089375	0	255	0
-3.84200001	6.74954987	2.1089375	0	255	0
-3.84200001	6.74954987	2.1875	0	255	0
-3.84850001	6.74954987	2.030375	0	255	0
-3.84850001	6.74919987	2.1875	0	255	0
-3.84525013	6.74937487	2.1089375	0	255	0
-3.84200001	6.74937487	2.1089375	0	255	0
-3.84200001	6.74937487	2.030375	0	255	0
-3.84525013	6.74919987	2.1089375	0	255	0
-3.84200001	6.74919987	2.1089375	0	255	0
-3.84200001	6.74919987	2.030375	0	255	0
-3.84525013	6.74919987	2.030375	0	255	0
-3.86474991	6.74989986	1.71612501	0	255	0
-3.86474991	6.74989986	1.79468751	0	255	0
-3.86150002	6.74989986	1.79468751	0	255	0
-3.86474991	6.74972486	1.79468751	0	255	0
-3.86150002	6.74972486	1.79468751	0	255	0
-3.86150002	6.74972486	1.71612501	0	255	0
-3.86800003	6.74954987	1.87325001	0	255	0
-3.85825014	6.74989986	1.87325001	0	255	0
-3.85825014	6.74972486	1.71612501	0	255	0
-3.85500002	6.74972486	1.87325001	0	255	0
-3.86150002	6.74989986	1.79468751	0	255	0
-3.86150002	6.74972486	1.79468751	0	255	0
-3.86150002	6.74972486	1.71612501	0	255	0
-3.85500002	6.74989986	1.71612501	0	255	0
-3.85500002	6.74972486	1.71612501	0	255	0
-3.86150002	6.74989986	1.87325001	0	255	0
-3.86150002	6.74989986	1.79468751	0	255	0
-3.85500002	6.74989986	1.79468751	0	255	0
-3.86150002	6.74954987	1.79468751	0	255	0
-3.85500002	6.74954987	1.79468751	0	255	0
-3.85500002	6.74954987	1.87325001	0	255	0
-3.86150002	6.74954987	1.71612501	0	255	0
-3.8517499	6.74989986	1.87325001	0	255	0
-3.85500002	6.74972486	1.87325001	0	255	0
-3.8517499	6.74972486	1.71612501	0	255	0
-3.85500002	6.74989986	1.71612501	0	255	0
-3.8517499	6.74989986	1.71612501	0	255	0
-3.85500002	6.74954987	1.87325001	0	255	0
-3.85500002	6.74972486	1.71612501	0	255	0
-3.84850001	6.74989986	1.87325001	0	255	0
-3.84850001	6.74972486	1.87325001	0	255	0
-3.84200001	6.74989986	1.79468751	0	255	0
-3.84200001	6.74972486	1.87325001	0	255	0
-3.84200001	6.74972486	1.79468751	0	255	0
-3.84850001	6.74989986	1.71612501	0	255	0
-3.84525013	6.74989986	1.71612501	0	255	0
-3.84850001	6.74954987	1.55900002	0	255	0
-3.84850001	6.74972486	1.71612501	0	255	0
-3.85500002	6.74989986	1.63756251	0	255	0
-3.85500002	6.74972486	1.63756251	0	255	0
-3.85500002	6.74972486	1.55900002	0	255	0
-3.84850001	6.74989986	1.63756251	0	255	0
-3.84850001	6.74989986	1.55900002	0	255	0
-3.84850001	6.74972486	1.63756251	0	255	0
-3.84850001	6.74972486	1.55900002	0	255	0
-3.84850001	6.74989986	1.87325001	0	255	0
-3.84850001	6.74989986	1.79468751	0	255	0
-3.84200001	6.74989986	1.79468751	0	255	0
-3.84200001	6.74989986	1.55900002	0	255	0
-3.84850001	6.74954987	1.79468751	0	255	0
-3.84200001	6.74954987	1.79468751	0	255	0
-3.84200001	6.74954987	1.87325001	0	255	0
-3.84850001	6.74954987	1.71612501	0	255	0
