-3.37400007	67423	4.20762491	0	255	0
-3.37400007	67423	4.22881222	0	255	0
-3.37024999	67423	4.22881222	0	255	0
-3.37024999	67423	4.20762491	0	255	0
-3.37400007	67419.9375	4.22881222	0	255	0
-3.37024999	67419.9375	4.22881222	0	255	0
-3.37400007	67416.875	4.25	0	255	0
-3.37400007	67419.9375	4.20762491	0	255	0
-3.35524988	67423	4.25	0	255	0
-3.35524988	67419.9375	4.20762491	0	255	0
-3.35150003	67419.9375	4.25	0	255	0
-3.35524988	67423	4.20762491	0	255	0
-3.35899997	67419.9375	4.20762491	0	255	0
-3.35899997	67419.9375	4.22881222	0	255	0
-3.35899997	67416.875	4.22881222	0	255	0
-3.35150003	67416.875	4.22881222	0	255	0
-3.34399986	67423	4.25	0	255	0
-3.34774995	67419.9375	4.20762491	0	255	0
-3.34399986	67416.875	4.25	0	255	0
-3.35524988	67423	4.20762491	0	255	0
-3.35524988	67419.9375	4.16524982	0	255	0
-3.35150003	67419.9375	4.20762491	0	255	0
-3.35524988	67423	4.16524982	0	255	0
-3.35150003	67423	4.16524982	0	255	0
-3.35524988	67416.875	4.18643761	0	255	0
-3.35150003	67416.875	4.18643761	0	255	0
-3.35524988	67416.875	4.16524982	0	255	0
-3.35150003	67423	4.14406252	0	255	0
-3.35150003	67423	4.20762491	0	255	0
-3.34399986	67423	4.14406252	0	255	0
-3.35150003	67416.875	4.08050013	0	255	0
-3.34399986	67416.875	4.20762491	0	255	0
-3.34399986	67416.875	4.14406252	0	255	0
-3.35150003	67416.875	4.14406252	0	255	0
-3.35524988	67416.875	4.18643761	0	255	0
-3.35524988	67416.875	4.16524982	0	255	0
-3.35150003	67416.875	4.18643761	0	255	0
-3.35524988	67413.8125	4.20762491	0	255	0
-3.35150003	67413.8125	4.16524982	0	255	0
-3.35150003	67413.8125	4.18643761	0	255	0
-3.35524988	67413.8125	4.18643761	0	255	0
-3.34774995	67416.875	4.25	0	255	0
-3.35150003	67413.8125	4.25	0	255	0
-3.34399986	67416.875	4.22881222	0	255	0
-3.34399986	67413.8125	4.25	0	255	0
-3.34774995	67410.75	4.25	0	255	0
-3.35150003	67410.75	4.22881222	0	255	0
-3.35150003	67413.8125	4.20762491	0	255	0
-3.34399986	67416.875	4.16524982	0	255	0
-3.34399986	67413.8125	4.16524982	0	255	0
-3.34774995	67410.75	4.20762491	0	255	0
-3.34399986	67410.75	4.18643761	0	255	0
-3.35150003	67410.75	4.18643761	0	255	0
-3.34774995	67410.75	4.16524982	0	255	0
-3.35150003	67410.75	4.16524982	0	255	0
-3.37400007	67423	4.12287521	0	255	0
-3.37400007	67423	4.14406252	0	255	0
-3.37024999	67423	4.14406252	0	255	0
-3.37024999	67423	4.12287521	0	255	0
-3.37400007	67419.9375	4.14406252	0	255	0
-3.37024999	67419.9375	4.14406252	0	255	0
-3.37400007	67416.875	4.16524982	0	255	0
-3.37400007	67419.9375	4.12287521	0	255	0
-3.3664999	67423	4.12287521	0	255	0
-3.3664999	67423	4.14406252	0	255	0
-3.36275005	67423	4.14406252	0	255	0
-3.36275005	67423	4.12287521	0	255	0
-3.3664999	67419.9375	4.14406252	0	255	0
-3.36275005	67419.9375	4.14406252	0	255	0
-3.3664999	67416.875	4.08050013	0	255	0
-3.3664999	67419.9375	4.12287521	0	255	0
-3.35899997	67423	4.25	0	255	0
-3.35899997	67423	4.18643761	0	255	0
-3.34399986	67423	4.18643761	0	255	0
-3.35899997	67410.75	4.18643761	0	255	0
-3.35899997	67410.75	4.16524982	0	255	0
-3.34399986	67410.75	4.18643761	0	255	0
-3.34399986	67410.75	4.25	0	255	0
-3.34774995	67410.75	4.25	0	255	0
-3.35150003	67410.75	4.20762491	0	255	0
-3.35150003	67410.75	4.22881222	0	255	0
-3.35150003	67407.6875	4.22881222	0	255	0
-3.35150003	67407.6875	4.20762491	0	255	0
-3.34399986	67410.75	4.20762491	0	255	0
-3.34774995	67404.625	4.25	0	255	0
-3.34399986	67404.625	4.25	0	255	0
-3.34774995	67404.625	4.20762491	0	255	0
-3.35150003	67410.75	4.25	0	255	0
-3.35150003	67410.75	4.22881222	0	255	0
-3.34399986	67410.75	4.22881222	0	255	0
-3.35150003	67404.625	4.22881222	0	255	0
-3.34399986	67404.625	4.22881222	0	255	0
-3.34399986	67404.625	4.25	0	255	0
-3.35150003	67404.625	4.20762491	0	255	0
-3.34774995	67404.625	4.18643761	0	255	0
-3.34774995	67404.625	4.20762491	0	255	0
-3.34399986	67404.625	4.18643761	0	255	0
-3.34774995	67401.5625	4.16524982	0	255	0
-3.34399986	67401.5625	4.20762491	0	255	0
-3.34399986	67401.5625	4.18643761	0	255	0
-3.34774995	67401.5625	4.18643761	0	255	0
-3.35524988	67410.75	4.12287521	0	255	0
-3.35524988	67410.75	4.14406252	0	255	0
-3.35150003	67410.75	4.14406252	0	255	0
-3.35524988	67407.6875	4.14406252	0	255	0
-3.35150003	67407.6875	4.14406252	0	255	0
-3.35150003	67407.6875	4.12287521	0	255	0
-3.35899997	67404.625	4.16524982	0	255	0
-3.34774995	67410.75	4.16524982	0	255	0
-3.35150003	67410.75	4.14406252	0	255	0
-3.35150003	67407.6875	4.14406252	0	255	0
-3.35150003	67407.6875	4.12287521	0	255	0
-3.34399986	67410.75	4.12287521	0	255	0
-3.34774995	67404.625	4.16524982	0	255	0
-3.34399986	67404.625	4.16524982	0	255	0
-3.34399986	67404.625	4.12287521	0	255	0
-3.34774995	67404.625	4.12287521	0	255	0
-3.35150003	67410.75	4.16524982	0	255	0
-3.35150003	67410.75	4.14406252	0	255	0
-3.34399986	67410.75	4.14406252	0	255	0
-3.34399986	67410.75	4.08050013	0	255	0
-3.35150003	67404.625	4.14406252	0	255	0
-3.34399986	67404.625	4.14406252	0	255	0
-3.34399986	67404.625	4.16524982	0	255	0
-3.35150003	67404.625	4.12287521	0	255	0
-3.34025002	67423	4.22881222	0	255	0
-3.34025002	67423	4.25	0	255	0
-3.33649993	67423	4.25	0	255	0
-3.33649993	67423	4.22881222	0	255	0
-3.34025002	67419.9375	4.20762491	0	255	0
-3.33649993	67419.9375	4.25	0	255	0
-3.33649993	67419.9375	4.22881222	0	255	0
-3.34025002	67419.9375	4.22881222	0	255	0
-3.33649993	67423	4.20762491	0	255	0
-3.33649993	67423	4.22881222	0	255	0
-3.33274984	67423	4.22881222	0	255	0
-3.33274984	67423	4.20762491	0	255	0
-3.33649993	67419.9375	4.22881222	0	255	0
-3.33274984	67419.9375	4.22881222	0	255	0
-3.33649993	67416.875	4.16524982	0	255	0
-3.33649993	67419.9375	4.20762491	0	255	0
-3.34399986	67413.8125	4.18643761	0	255	0
-3.34399986	67413.8125	4.16524982	0	255	0
-3.34025002	67413.8125	4.20762491	0	255	0
-3.34025002	67413.8125	4.18643761	0	255	0
-3.34025002	67413.8125	4.20762491	0	255	0
-3.34025002	67410.75	4.16524982	0	255	0
-3.34025002	67410.75	4.18643761	0	255	0
-3.34399986	67410.75	4.18643761	0	255	0
-3.34399986	67416.875	4.18643761	0	255	0
-3.34399986	67416.875	4.20762491	0	255	0
-3.34025002	67416.875	4.20762491	0	255	0
-3.34025002	67416.875	4.18643761	0	255	0
-3.34025002	67413.8125	4.16524982	0	255	0
-3.34025002	67410.75	4.20762491	0	255	0
-3.34399986	67413.8125	4.16524982	0	255	0
-3.34399986	67410.75	4.20762491	0	255	0
-3.34025002	67410.75	4.16524982	0	255	0
-3.34399986	67423	4.12287521	0	255	0
-3.34399986	67423	4.14406252	0	255	0
-3.34025002	67423	4.14406252	0	255	0
-3.34025002	67423	4.12287521	0	255	0
-3.34399986	67419.9375	4.14406252	0	255	0
-3.34025002	67419.9375	4.14406252	0	255	0
-3.34399986	67416.875	4.16524982	0	255	0
-3.34399986	67419.9375	4.12287521	0	255	0
-3.34399986	67419.9375	4.10168743	0	255	0
-3.34399986	67419.9375	4.12287521	0	255	0
-3.34025002	67419.9375	4.08050013	0	255	0
-3.34025002	67419.9375	4.10168743	0	255	0
-3.34025002	67419.9375	4.08050013	0	255	0
-3.34025002	67416.875	4.12287521	0	255	0
-3.34025002	67416.875	4.10168743	0	255	0
-3.34399986	67416.875	4.10168743	0	255	0
-3.34399986	67413.8125	4.10168743	0	255	0
-3.34399986	67413.8125	4.08050013	0	255	0
-3.34025002	67413.8125	4.12287521	0	255	0
-3.34399986	67410.75	4.10168743	0	255	0
-3.33649993	67413.8125	4.08050013	0	255	0
-3.33649993	67413.8125	4.10168743	0	255	0
-3.33649993	67410.75	4.16524982	0	255	0
-3.33649993	67410.75	4.10168743	0	255	0
-3.34399986	67416.875	4.12287521	0	255	0
-3.34025002	67416.875	4.12287521	0	255	0
-3.34399986	67416.875	4.08050013	0	255	0
-3.34025002	67416.875	4.08050013	0	255	0
-3.34399986	67410.75	4.12287521	0	255	0
-3.34399986	67413.8125	4.08050013	0	255	0
-3.34025002	67413.8125	4.08050013	0	255	0
-3.34025002	67410.75	4.12287521	0	255	0
-3.34025002	67410.75	4.10168743	0	255	0
-3.34399986	67410.75	4.10168743	0	255	0
-3.34399986	67410.75	4.10168743	0	255	0
-3.34399986	67410.75	4.25	0	255	0
-3.33649993	67410.75	4.08050013	0	255	0
-3.33649993	67410.75	4.10168743	0	255	0
-3.34025002	67407.6875	4.12287521	0	255	0
-3.34399986	67404.625	4.10168743	0	255	0
-3.33649993	67404.625	4.10168743	0	255	0
-3.34399986	67404.625	4.14406252	0	255	0
-3.34399986	67404.625	4.08050013	0	255	0
-3.33649993	67404.625	4.14406252	0	255	0
-3.34025002	67401.5625	4.12287521	0	255	0
-3.34399986	67398.5	4.14406252	0	255	0
-3.33649993	67398.5	4.08050013	0	255	0
-3.33649993	67398.5	4.14406252	0	255	0
-3.33649993	67404.625	4.10168743	0	255	0
-3.329	67404.625	4.08050013	0	255	0
-3.329	67404.625	4.10168743	0	255	0
-3.33274984	67401.5625	4.12287521	0	255	0
-3.33649993	67398.5	4.10168743	0	255	0
-3.329	67398.5	4.25	0	255	0
-3.329	67398.5	4.10168743	0	255	0
-3.329	67404.625	4.18643761	0	255	0
-3.329	67404.625	4.25	0	255	0
-3.32524991	67404.625	4.16524982	0	255	0
-3.32524991	67404.625	4.18643761	0	255	0
-3.329	67401.5625	4.16524982	0	255	0
-3.32524991	67401.5625	4.20762491	0	255	0
-3.32524991	67401.5625	4.18643761	0	255	0
-3.329	67401.5625	4.18643761	0	255	0
-3.329	67404.625	4.16524982	0	255	0
-3.329	67404.625	4.18643761	0	255	0
-3.32524991	67404.625	4.18643761	0	255	0
-3.32524991	67404.625	4.16524982	0	255	0
-3.329	67401.5625	4.18643761	0	255	0
-3.32524991	67401.5625	4.18643761	0	255	0
-3.329	67398.5	4.20762491	0	255	0
-3.329	67401.5625	4.16524982	0	255	0
-3.34399986	67410.75	4.14406252	0	255	0
-3.33649993	67410.75	4.16524982	0	255	0
-3.34025002	67410.75	4.12287521	0	255	0
-3.34025002	67407.6875	4.12287521	0	255	0
-3.34399986	67407.6875	4.12287521	0	255	0
-3.33649993	67407.6875	4.12287521	0	255	0
-3.33649993	67407.6875	4.14406252	0	255	0
-3.33274984	67407.6875	4.14406252	0	255	0
-3.33649993	67404.625	4.14406252	0	255	0
-3.33274984	67404.625	4.14406252	0	255	0
-3.33274984	67404.625	4.12287521	0	255	0
-3.34025002	67410.75	4.12287521	0	255	0
-3.34399986	67410.75	4.08050013	0	255	0
-3.34399986	67410.75	4.10168743	0	255	0
-3.33649993	67410.75	4.08050013	0	255	0
-3.34399986	67407.6875	4.12287521	0	255	0
-3.34025002	67407.6875	4.08050013	0	255	0
-3.33649993	67410.75	4.16524982	0	255	0
-3.33649993	67410.75	4.14406252	0	255	0
-3.329	67410.75	4.14406252	0	255	0
-3.34399986	67398.5	3.91100001	0	255	0
-3.33649993	67404.625	4.14406252	0	255	0
-3.329	67404.625	4.14406252	0	255	0
-3.329	67404.625	4.16524982	0	255	0
-3.34025002	67404.625	4.10168743	0	255	0
-3.34025002	67404.625	4.08050013	0	255	0
-3.33649993	67404.625	4.10168743	0	255	0
-3.34025002	67398.5	4.08050013	0	255	0
-3.33649993	67398.5	4.10168743	0	255	0
-3.34025002	67398.5	4.10168743	0	255	0
-3.33274984	67404.625	4.16524982	0	255	0
-3.33274984	67404.625	4.12287521	0	255	0
-3.33274984	67401.5625	4.12287521	0	255	0
-3.329	67401.5625	4.16524982	0	255	0
-3.329	67398.5	4.16524982	0	255	0
-3.329	67401.5625	4.12287521	0	255	0
-3.34025002	67404.625	4.12287521	0	255	0
-3.34399986	67401.5625	4.12287521	0	255	0
-3.34399986	67401.5625	4.08050013	0	255	0
-3.33649993	67404.625	4.10168743	0	255	0
-3.33649993	67401.5625	4.12287521	0	255	0
-3.34025002	67398.5	4.12287521	0	255	0
-3.34025002	67398.5	4.08050013	0	255	0
-3.33274984	67404.625	4.12287521	0	255	0
-3.329	67404.625	4.10168743	0	255	0
-3.329	67404.625	4.08050013	0	255	0
-3.329	67401.5625	4.08050013	0	255	0
-3.33274984	67401.5625	4.08050013	0	255	0
-3.329	67401.5625	4.12287521	0	255	0
-3.329	67398.5	4.10168743	0	255	0
-3.33274984	67398.5	4.08050013	0	255	0
-3.329	67404.625	4.10168743	0	255	0
-3.329	67404.625	4.16524982	0	255	0
-3.32524991	67404.625	4.08050013	0	255	0
-3.32524991	67404.625	4.10168743	0	255	0
-3.32524991	67401.5625	4.12287521	0	255	0
-3.32524991	67398.5	4.08050013	0	255	0
-3.32524991	67398.5	4.10168743	0	255	0
-3.329	67398.5	4.10168743	0	255	0
-3.35524988	67423	4.05931282	0	255	0
-3.35524988	67423	4.08050013	0	255	0
-3.35150003	67423	4.05931282	0	255	0
-3.35524988	67416.875	4.08050013	0	255	0
-3.35150003	67416.875	4.05931282	0	255	0
-3.35524988	67416.875	4.05931282	0	255	0
-3.34774995	67419.9375	4.03812504	0	255	0
-3.35524988	67423	4.03812504	0	255	0
-3.35524988	67423	3.99574995	0	255	0
-3.35150003	67423	3.99574995	0	255	0
-3.35524988	67416.875	4.03812504	0	255	0
-3.35524988	67416.875	3.99574995	0	255	0
-3.35150003	67423	3.97456264	0	255	0
-3.35150003	67423	4.03812504	0	255	0
-3.34399986	67423	3.97456264	0	255	0
-3.35150003	67416.875	3.91100001	0	255	0
-3.34399986	67416.875	4.03812504	0	255	0
-3.34399986	67416.875	3.97456264	0	255	0
-3.35150003	67416.875	3.97456264	0	255	0
-3.35524988	67416.875	4.01693726	0	255	0
-3.35524988	67416.875	3.99574995	0	255	0
-3.35150003	67416.875	4.01693726	0	255	0
-3.35524988	67413.8125	4.03812504	0	255	0
-3.35150003	67413.8125	3.99574995	0	255	0
-3.35150003	67413.8125	4.01693726	0	255	0
-3.35524988	67413.8125	4.01693726	0	255	0
-3.35150003	67413.8125	4.03812504	0	255	0
-3.34774995	67413.8125	4.03812504	0	255	0
-3.35150003	67410.75	4.05931282	0	255	0
-3.34774995	67410.75	4.03812504	0	255	0
-3.34399986	67416.875	4.01693726	0	255	0
-3.34774995	67416.875	3.99574995	0	255	0
-3.35150003	67413.8125	3.99574995	0	255	0
-3.34774995	67413.8125	3.99574995	0	255	0
-3.35150003	67410.75	4.01693726	0	255	0
-3.34399986	67413.8125	3.99574995	0	255	0
-3.34774995	67410.75	3.99574995	0	255	0
-3.35899997	67423	4.08050013	0	255	0
-3.35899997	67423	4.01693726	0	255	0
-3.34399986	67423	4.01693726	0	255	0
-3.34399986	67423	3.91100001	0	255	0
-3.35899997	67410.75	4.01693726	0	255	0
-3.35899997	67410.75	3.99574995	0	255	0
-3.34399986	67410.75	4.01693726	0	255	0
-3.34399986	67410.75	4.08050013	0	255	0
-3.34774995	67410.75	4.08050013	0	255	0
-3.34774995	67410.75	4.03812504	0	255	0
-3.34399986	67410.75	4.03812504	0	255	0
-3.34399986	67407.6875	4.03812504	0	255	0
-3.35150003	67404.625	3.99574995	0	255	0
-3.34774995	67404.625	4.08050013	0	255	0
-3.34399986	67404.625	4.08050013	0	255	0
-3.34399986	67404.625	4.05931282	0	255	0
-3.34774995	67404.625	4.05931282	0	255	0
-3.35150003	67410.75	4.08050013	0	255	0
-3.35150003	67410.75	4.05931282	0	255	0
-3.34399986	67410.75	4.05931282	0	255	0
-3.35150003	67404.625	4.05931282	0	255	0
-3.34399986	67404.625	4.05931282	0	255	0
-3.34399986	67404.625	4.08050013	0	255	0
-3.35150003	67404.625	4.03812504	0	255	0
-3.34774995	67410.75	3.95337486	0	255	0
-3.34774995	67410.75	3.97456241	0	255	0
-3.34399986	67410.75	3.97456241	0	255	0
-3.34399986	67410.75	3.95337486	0	255	0
-3.34774995	67404.625	3.97456241	0	255	0
-3.34399986	67404.625	3.97456241	0	255	0
-3.34399986	67404.625	3.95337486	0	255	0
-3.34774995	67404.625	3.95337486	0	255	0
-3.35150003	67410.75	3.99574995	0	255	0
-3.35150003	67410.75	3.97456241	0	255	0
-3.34399986	67410.75	3.97456241	0	255	0
-3.34399986	67410.75	3.91100001	0	255	0
-3.35150003	67404.625	3.97456241	0	255	0
-3.34399986	67404.625	3.97456241	0	255	0
-3.34399986	67404.625	3.99574995	0	255	0
-3.35150003	67404.625	3.95337486	0	255	0
-3.34774995	67404.625	3.97456241	0	255	0
-3.34774995	67404.625	3.99574995	0	255	0
-3.34399986	67404.625	3.99574995	0	255	0
-3.34399986	67404.625	3.97456241	0	255	0
-3.34774995	67401.5625	3.95337486	0	255	0
-3.34399986	67401.5625	3.99574995	0	255	0
-3.34399986	67401.5625	3.97456241	0	255	0
-3.34774995	67401.5625	3.97456241	0	255	0
-3.34399986	67423	4.25	0	255	0
-3.34399986	67423	4.10168743	0	255	0
-3.329	67423	4.10168743	0	255	0
-3.329	67423	4.08050013	0	255	0
-3.34399986	67410.75	4.10168743	0	255	0
-3.329	67410.75	4.10168743	0	255	0
-3.34399986	67410.75	4.10168743	0	255	0
-3.329	67410.75	4.10168743	0	255	0
-3.34399986	67398.5	4.10168743	0	255	0
-3.34399986	67398.5	4.08050013	0	255	0
-3.329	67398.5	4.10168743	0	255	0
-3.329	67404.625	4.08050013	0	255	0
-3.329	67404.625	4.10168743	0	255	0
-3.32149982	67404.625	4.10168743	0	255	0
-3.329	67398.5	4.12287521	0	255	0
-3.329	67398.5	4.10168743	0	255	0
-3.32149982	67398.5	4.10168743	0	255	0
-3.32149982	67398.5	4.08050013	0	255	0
-3.34774995	67392.375	3.93218756	0	255	0
-3.34774995	67392.375	3.91100001	0	255	0
-3.34399986	67392.375	3.91100001	0	255	0
-3.34399986	67392.375	3.93218756	0	255	0
-3.34774995	67389.3125	3.95337486	0	255	0
-3.34399986	67389.3125	3.91100001	0	255	0
-3.34399986	67389.3125	3.93218756	0	255	0
-3.34774995	67389.3125	3.93218756	0	255	0
-3.35524988	67386.25	3.93218756	0	255	0
-3.35524988	67386.25	3.91100001	0	255	0
-3.35150003	67386.25	3.91100001	0	255	0
-3.35150003	67386.25	3.93218756	0	255	0
-3.35524988	67383.1875	3.95337486	0	255	0
-3.35150003	67383.1875	3.91100001	0	255	0
-3.35150003	67383.1875	3.93218756	0	255	0
-3.35524988	67383.1875	3.93218756	0	255	0
-3.34025002	67398.5	4.25	0	255	0
-3.34025002	67398.5	4.20762491	0	255	0
-3.34025002	67392.375	4.25	0	255	0
-3.34399986	67395.4375	4.20762491	0	255	0
-3.34399986	67395.4375	4.22881222	0	255	0
-3.34399986	67392.375	4.22881222	0	255	0
-3.329	67398.5	4.25	0	255	0
-3.329	67395.4375	4.25	0	255	0
-3.329	67398.5	4.20762491	0	255	0
-3.33274984	67395.4375	4.20762491	0	255	0
-3.33274984	67392.375	4.25	0	255	0
-3.329	67392.375	4.22881222	0	255	0
-3.34025002	67398.5	4.20762491	0	255	0
-3.34025002	67395.4375	4.16524982	0	255	0
-3.33649993	67395.4375	4.20762491	0	255	0
-3.34025002	67398.5	4.16524982	0	255	0
-3.33649993	67398.5	4.16524982	0	255	0
-3.34025002	67392.375	4.18643761	0	255	0
-3.33649993	67392.375	4.18643761	0	255	0
-3.34025002	67392.375	4.16524982	0	255	0
-3.33649993	67398.5	4.25	0	255	0
-3.33649993	67398.5	4.22881222	0	255	0
-3.329	67398.5	4.22881222	0	255	0
-3.33649993	67392.375	4.22881222	0	255	0
-3.329	67392.375	4.22881222	0	255	0
-3.329	67392.375	4.25	0	255	0
-3.34025002	67392.375	4.18643761	0	255	0
-3.34025002	67392.375	4.16524982	0	255	0
-3.33649993	67392.375	4.18643761	0	255	0
-3.34025002	67389.3125	4.20762491	0	255	0
-3.33649993	67389.3125	4.16524982	0	255	0
-3.33649993	67389.3125	4.18643761	0	255	0
-3.34025002	67389.3125	4.18643761	0	255	0
-3.33649993	67392.375	4.22881222	0	255	0
-3.33274984	67392.375	4.22881222	0	255	0
-3.33274984	67392.375	4.20762491	0	255	0
-3.33649993	67389.3125	4.22881222	0	255	0
-3.33274984	67389.3125	4.22881222	0	255	0
-3.33649993	67386.25	4.25	0	255	0
-3.33649993	67389.3125	4.20762491	0	255	0
-3.34399986	67392.375	4.16524982	0	255	0
-3.34399986	67392.375	4.18643761	0	255	0
-3.34399986	67389.3125	4.18643761	0	255	0
-3.34399986	67389.3125	4.16524982	0	255	0
-3.33649993	67392.375	4.18643761	0	255	0
-3.33649993	67389.3125	4.18643761	0	255	0
-3.33649993	67389.3125	4.16524982	0	255	0
-3.33649993	67389.3125	4.20762491	0	255	0
-3.329	67392.375	4.18643761	0	255	0
-3.329	67389.3125	4.20762491	0	255	0
-3.329	67389.3125	4.18643761	0	255	0
-3.33274984	67392.375	4.16524982	0	255	0
-3.33649993	67386.25	4.20762491	0	255	0
-3.33649993	67389.3125	4.16524982	0	255	0
-3.329	67395.4375	4.22881222	0	255	0
-3.329	67395.4375	4.25	0	255	0
-3.32524991	67395.4375	4.20762491	0	255	0
-3.32524991	67395.4375	4.22881222	0	255	0
-3.32524991	67395.4375	4.20762491	0	255	0
-3.32524991	67392.375	4.25	0	255	0
-3.32524991	67392.375	4.22881222	0	255	0
-3.329	67392.375	4.22881222	0	255	0
-3.329	67395.4375	4.16524982	0	255	0
-3.329	67395.4375	4.18643761	0	255	0
-3.32524991	67395.4375	4.18643761	0	255	0
-3.329	67392.375	4.20762491	0	255	0
-3.329	67392.375	4.18643761	0	255	0
-3.32524991	67392.375	4.18643761	0	255	0
-3.32524991	67392.375	4.16524982	0	255	0
-3.329	67392.375	4.16524982	0	255	0
-3.329	67392.375	4.18643761	0	255	0
-3.329	67392.375	4.25	0	255	0
-3.32524991	67392.375	4.16524982	0	255	0
-3.32524991	67392.375	4.18643761	0	255	0
-3.329	67389.3125	4.16524982	0	255	0
-3.32524991	67389.3125	4.20762491	0	255	0
-3.32524991	67389.3125	4.18643761	0	255	0
-3.329	67389.3125	4.18643761	0	255	0
-3.34399986	67398.5	4.12287521	0	255	0
-3.34399986	67398.5	4.14406252	0	255	0
-3.34399986	67395.4375	4.14406252	0	255	0
-3.34399986	67395.4375	4.12287521	0	255	0
-3.33649993	67398.5	4.14406252	0	255	0
-3.34025002	67392.375	4.14406252	0	255	0
-3.33649993	67392.375	4.14406252	0	255	0
-3.34025002	67392.375	4.12287521	0	255	0
-3.33649993	67398.5	4.16524982	0	255	0
-3.329	67398.5	4.14406252	0	255	0
-3.33274984	67398.5	4.12287521	0	255	0
-3.33274984	67395.4375	4.12287521	0	255	0
-3.329	67392.375	4.16524982	0	255	0
-3.329	67395.4375	4.12287521	0	255	0
-3.329	67392.375	4.12287521	0	255	0
-3.33649993	67398.5	4.16524982	0	255	0
-3.33649993	67398.5	4.14406252	0	255	0
-3.329	67398.5	4.14406252	0	255	0
-3.329	67398.5	4.08050013	0	255	0
-3.33649993	67392.375	4.14406252	0	255	0
-3.329	67392.375	4.14406252	0	255	0
-3.329	67392.375	4.16524982	0	255	0
-3.33649993	67392.375	4.14406252	0	255	0
-3.33274984	67392.375	4.14406252	0	255	0
-3.33274984	67392.375	4.12287521	0	255	0
-3.33649993	67389.3125	4.14406252	0	255	0
-3.33274984	67389.3125	4.14406252	0	255	0
-3.33649993	67386.25	4.16524982	0	255	0
-3.33649993	67389.3125	4.12287521	0	255	0
-3.33274984	67392.375	4.12287521	0	255	0
-3.33649993	67389.3125	4.12287521	0	255	0
-3.33274984	67389.3125	4.08050013	0	255	0
-3.34399986	67386.25	4.16524982	0	255	0
-3.33274984	67392.375	4.08050013	0	255	0
-3.33649993	67386.25	4.12287521	0	255	0
-3.33649993	67389.3125	4.08050013	0	255	0
-3.329	67398.5	4.25	0	255	0
-3.329	67398.5	4.18643761	0	255	0
-3.32149982	67398.5	4.18643761	0	255	0
-3.32149982	67398.5	4.16524982	0	255	0
-3.329	67386.25	4.18643761	0	255	0
-3.32149982	67386.25	4.18643761	0	255	0
-3.32149982	67386.25	4.16524982	0	255	0
-3.329	67386.25	4.16524982	0	255	0
-3.34025002	67383.1875	4.10168743	0	255	0
-3.34025002	67383.1875	4.12287521	0	255	0
-3.33649993	67383.1875	4.08050013	0	255	0
-3.33649993	67383.1875	4.10168743	0	255	0
-3.34025002	67380.125	4.08050013	0	255	0
-3.33649993	67380.125	4.10168743	0	255	0
-3.34025002	67380.125	4.10168743	0	255	0
-3.33649993	67383.1875	4.10168743	0	255	0
-3.33649993	67383.1875	4.08050013	0	255	0
-3.33274984	67383.1875	4.12287521	0	255	0
-3.33649993	67380.125	4.10168743	0	255	0
-3.329	67383.1875	4.08050013	0	255	0
-3.329	67383.1875	4.10168743	0	255	0
-3.329	67380.125	4.10168743	0	255	0
-3.34025002	67380.125	4.14406252	0	255	0
-3.34025002	67380.125	4.16524982	0	255	0
-3.33649993	67380.125	4.14406252	0	255	0
-3.34025002	67377.0625	4.12287521	0	255	0
-3.33649993	67377.0625	4.16524982	0	255	0
-3.33649993	67377.0625	4.14406252	0	255	0
-3.34025002	67377.0625	4.14406252	0	255	0
-3.33649993	67380.125	4.10168743	0	255	0
-3.329	67380.125	4.10168743	0	255	0
-3.33274984	67377.0625	4.12287521	0	255	0
-3.33649993	67374	4.10168743	0	255	0
-3.329	67374	4.10168743	0	255	0
-3.329	67383.1875	4.25	0	255	0
-3.32524991	67383.1875	4.20762491	0	255	0
-3.32524991	67383.1875	4.20762491	0	255	0
-3.32524991	67380.125	4.25	0	255	0
-3.329	67383.1875	4.20762491	0	255	0
-3.32524991	67380.125	4.20762491	0	255	0
-3.329	67383.1875	4.20762491	0	255	0
-3.32524991	67383.1875	4.16524982	0	255	0
-3.32524991	67383.1875	4.16524982	0	255	0
-3.32524991	67380.125	4.20762491	0	255	0
-3.329	67383.1875	4.16524982	0	255	0
-3.32149982	67383.1875	4.18643761	0	255	0
-3.32149982	67383.1875	4.16524982	0	255	0
-3.32149982	67380.125	4.18643761	0	255	0
-3.329	67380.125	4.18643761	0	255	0
-3.32149982	67380.125	4.16524982	0	255	0
-3.32149982	67380.125	4.18643761	0	255	0
-3.32524991	67377.0625	4.20762491	0	255	0
-3.329	67374	4.18643761	0	255	0
-3.32149982	67374	4.25	0	255	0
-3.32149982	67374	4.18643761	0	255	0
-3.32149982	67380.125	4.20762491	0	255	0
-3.32149982	67380.125	4.18643761	0	255	0
-3.32524991	67380.125	4.16524982	0	255	0
-3.32524991	67377.0625	4.16524982	0	255	0
-3.32149982	67374	4.20762491	0	255	0
-3.32149982	67377.0625	4.16524982	0	255	0
-3.32149982	67374	4.16524982	0	255	0
-3.33649993	67383.1875	4.14406252	0	255	0
-3.33649993	67383.1875	4.16524982	0	255	0
-3.33274984	67383.1875	4.12287521	0	255	0
-3.33649993	67380.125	4.14406252	0	255	0
-3.329	67383.1875	4.16524982	0	255	0
-3.329	67383.1875	4.14406252	0	255	0
-3.329	67380.125	4.16524982	0	255	0
-3.329	67380.125	4.14406252	0	255	0
-3.33649993	67374	4.12287521	0	255	0
-3.33274984	67377.0625	4.10168743	0	255	0
-3.329	67377.0625	4.10168743	0	255	0
-3.329	67377.0625	4.08050013	0	255	0
-3.33274984	67374	4.10168743	0	255	0
-3.329	67374	4.10168743	0	255	0
-3.33274984	67374	4.08050013	0	255	0
-3.329	67383.1875	4.16524982	0	255	0
-3.32524991	67383.1875	4.12287521	0	255	0
-3.32149982	67383.1875	4.16524982	0	255	0
-3.32149982	67383.1875	4.14406252	0	255	0
-3.32149982	67380.125	4.14406252	0	255	0
-3.329	67383.1875	4.12287521	0	255	0
-3.32524991	67380.125	4.12287521	0	255	0
-3.329	67383.1875	4.08050013	0	255	0
-3.329	67383.1875	4.10168743	0	255	0
-3.329	67380.125	4.10168743	0	255	0
-3.32149982	67383.1875	4.10168743	0	255	0
-3.32149982	67383.1875	4.08050013	0	255	0
-3.32149982	67380.125	4.10168743	0	255	0
-3.32149982	67386.25	4.16524982	0	255	0
-3.32149982	67386.25	4.14406252	0	255	0
-3.31399989	67386.25	4.14406252	0	255	0
-3.31399989	67386.25	4.08050013	0	255	0
-3.32149982	67380.125	4.14406252	0	255	0
-3.31399989	67380.125	4.14406252	0	255	0
-3.31399989	67380.125	4.16524982	0	255	0
-3.329	67380.125	4.10168743	0	255	0
-3.32149982	67380.125	4.10168743	0	255	0
-3.32524991	67377.0625	4.12287521	0	255	0
-3.329	67374	4.10168743	0	255	0
-3.32149982	67374	4.10168743	0	255	0
-3.32149982	67380.125	4.14406252	0	255	0
-3.31774998	67380.125	4.16524982	0	255	0
-3.31774998	67380.125	4.14406252	0	255	0
-3.31774998	67377.0625	4.12287521	0	255	0
-3.31774998	67374	4.16524982	0	255	0
-3.32149982	67377.0625	4.12287521	0	255	0
-3.31774998	67374	4.12287521	0	255	0
-3.32524991	67380.125	4.12287521	0	255	0
-3.329	67380.125	4.10168743	0	255	0
-3.32524991	67374	4.12287521	0	255	0
-3.329	67374	4.10168743	0	255	0
-3.31774998	67380.125	4.12287521	0	255	0
-3.31774998	67380.125	4.08050013	0	255	0
-3.31774998	67377.0625	4.08050013	0	255	0
-3.31774998	67374	4.12287521	0	255	0
-3.31399989	67377.0625	4.10168743	0	255	0
-3.31399989	67377.0625	4.08050013	0	255	0
-3.31399989	67374	4.10168743	0	255	0
-3.34025002	67398.5	4.08050013	0	255	0
-3.33649993	67398.5	4.05931282	0	255	0
-3.34025002	67395.4375	4.03812504	0	255	0
-3.33649993	67395.4375	4.08050013	0	255	0
-3.33649993	67395.4375	4.05931282	0	255	0
-3.34399986	67398.5	4.05931282	0	255	0
-3.34025002	67398.5	4.03812504	0	255	0
-3.34399986	67395.4375	4.05931282	0	255	0
-3.34399986	67392.375	4.08050013	0	255	0
-3.34399986	67395.4375	4.03812504	0	255	0
-3.33649993	67398.5	4.05931282	0	255	0
-3.329	67398.5	4.08050013	0	255	0
-3.33274984	67398.5	4.03812504	0	255	0
-3.329	67398.5	4.03812504	0	255	0
-3.33274984	67395.4375	4.03812504	0	255	0
-3.33649993	67395.4375	4.03812504	0	255	0
-3.34399986	67398.5	4.01693726	0	255	0
-3.34399986	67395.4375	4.03812504	0	255	0
-3.34399986	67395.4375	4.01693726	0	255	0
-3.33649993	67398.5	4.03812504	0	255	0
-3.33649993	67398.5	4.01693726	0	255	0
-3.33649993	67395.4375	4.03812504	0	255	0
-3.33649993	67395.4375	4.01693726	0	255	0
-3.33649993	67398.5	4.08050013	0	255	0
-3.33649993	67398.5	4.05931282	0	255	0
-3.329	67398.5	4.05931282	0	255	0
-3.329	67398.5	3.99574995	0	255	0
-3.33649993	67392.375	4.05931282	0	255	0
-3.329	67392.375	4.05931282	0	255	0
-3.329	67392.375	4.08050013	0	255	0
-3.33274984	67392.375	4.08050013	0	255	0
-3.33274984	67389.3125	4.03812504	0	255	0
-3.329	67389.3125	4.08050013	0	255	0
-3.33274984	67392.375	4.03812504	0	255	0
-3.329	67389.3125	4.03812504	0	255	0
-3.33649993	67386.25	4.08050013	0	255	0
-3.34025002	67392.375	4.01693726	0	255	0
-3.34025002	67392.375	4.03812504	0	255	0
-3.33649993	67392.375	4.01693726	0	255	0
-3.34025002	67389.3125	3.99574995	0	255	0
-3.33649993	67389.3125	4.03812504	0	255	0
-3.33649993	67389.3125	4.01693726	0	255	0
-3.34025002	67389.3125	4.01693726	0	255	0
-3.33649993	67392.375	4.01693726	0	255	0
-3.33274984	67392.375	4.03812504	0	255	0
-3.33274984	67392.375	4.01693726	0	255	0
-3.33649993	67389.3125	4.03812504	0	255	0
-3.33274984	67389.3125	3.99574995	0	255	0
-3.33274984	67389.3125	4.01693726	0	255	0
-3.33649993	67389.3125	4.01693726	0	255	0
-3.329	67398.5	4.05931282	0	255	0
-3.32524991	67398.5	4.05931282	0	255	0
-3.32524991	67398.5	4.03812504	0	255	0
-3.329	67392.375	4.05931282	0	255	0
-3.32524991	67392.375	4.05931282	0	255	0
-3.32524991	67392.375	4.03812504	0	255	0
-3.329	67398.5	4.01693726	0	255	0
-3.32524991	67398.5	4.03812504	0	255	0
-3.329	67395.4375	4.03812504	0	255	0
-3.32524991	67395.4375	3.99574995	0	255	0
-3.329	67395.4375	4.01693726	0	255	0
-3.32524991	67398.5	3.99574995	0	255	0
-3.32149982	67398.5	4.01693726	0	255	0
-3.32149982	67398.5	3.99574995	0	255	0
-3.32149982	67395.4375	4.01693726	0	255	0
-3.32149982	67395.4375	3.99574995	0	255	0
-3.329	67392.375	4.01693726	0	255	0
-3.329	67389.3125	3.99574995	0	255	0
-3.329	67389.3125	4.01693726	0	255	0
-3.32149982	67392.375	3.99574995	0	255	0
-3.32149982	67392.375	4.01693726	0	255	0
-3.32149982	67389.3125	3.99574995	0	255	0
-3.32149982	67389.3125	4.01693726	0	255	0
-3.329	67392.375	3.99574995	0	255	0
-3.329	67392.375	4.01693726	0	255	0
-3.32524991	67392.375	4.01693726	0	255	0
-3.32524991	67392.375	3.99574995	0	255	0
-3.329	67389.3125	4.01693726	0	255	0
-3.32524991	67389.3125	4.01693726	0	255	0
-3.329	67386.25	4.03812504	0	255	0
-3.329	67389.3125	3.99574995	0	255	0
-3.33649993	67398.5	3.99574995	0	255	0
-3.33274984	67398.5	3.99574995	0	255	0
-3.33649993	67398.5	3.95337486	0	255	0
-3.329	67398.5	3.97456241	0	255	0
-3.329	67398.5	3.95337486	0	255	0
-3.33274984	67395.4375	3.95337486	0	255	0
-3.329	67395.4375	3.99574995	0	255	0
-3.34025002	67398.5	3.91100001	0	255	0
-3.34025002	67398.5	3.93218756	0	255	0
-3.33649993	67398.5	3.93218756	0	255	0
-3.33649993	67398.5	3.91100001	0	255	0
-3.34025002	67395.4375	3.93218756	0	255	0
-3.33649993	67395.4375	3.93218756	0	255	0
-3.33649993	67395.4375	3.91100001	0	255	0
-3.34399986	67392.375	3.95337486	0	255	0
-3.33649993	67398.5	3.99574995	0	255	0
-3.33649993	67398.5	3.97456241	0	255	0
-3.329	67398.5	3.97456241	0	255	0
-3.329	67398.5	3.91100001	0	255	0
-3.33649993	67392.375	3.97456241	0	255	0
-3.329	67392.375	3.97456241	0	255	0
-3.329	67392.375	3.99574995	0	255	0
-3.33274984	67392.375	3.99574995	0	255	0
-3.33274984	67389.3125	3.95337486	0	255	0
-3.329	67389.3125	3.99574995	0	255	0
-3.33274984	67392.375	3.95337486	0	255	0
-3.329	67389.3125	3.95337486	0	255	0
-3.33649993	67386.25	3.99574995	0	255	0
-3.33274984	67392.375	3.95337486	0	255	0
-3.33649993	67389.3125	3.95337486	0	255	0
-3.33274984	67389.3125	3.91100001	0	255	0
-3.34399986	67386.25	3.99574995	0	255	0
-3.33274984	67392.375	3.91100001	0	255	0
-3.33649993	67386.25	3.95337486	0	255	0
-3.33649993	67389.3125	3.91100001	0	255	0
-3.329	67398.5	4.08050013	0	255	0
-3.329	67398.5	4.01693726	0	255	0
-3.32149982	67398.5	4.01693726	0	255	0
-3.32149982	67398.5	3.99574995	0	255	0
-3.329	67386.25	4.01693726	0	255	0
-3.32149982	67386.25	4.01693726	0	255	0
-3.32149982	67386.25	3.99574995	0	255	0
-3.329	67386.25	3.99574995	0	255	0
-3.33649993	67383.1875	3.93218756	0	255	0
-3.33649993	67383.1875	3.91100001	0	255	0
-3.33274984	67383.1875	3.95337486	0	255	0
-3.33274984	67383.1875	3.93218756	0	255	0
-3.33274984	67383.1875	3.95337486	0	255	0
-3.33274984	67380.125	3.91100001	0	255	0
-3.33274984	67380.125	3.93218756	0	255	0
-3.33649993	67380.125	3.93218756	0	255	0
-3.329	67383.1875	4.08050013	0	255	0
-3.32524991	67383.1875	4.03812504	0	255	0
-3.32149982	67383.1875	4.08050013	0	255	0
-3.329	67383.1875	4.03812504	0	255	0
-3.32149982	67383.1875	4.03812504	0	255	0
-3.32524991	67383.1875	3.99574995	0	255	0
-3.32149982	67383.1875	4.03812504	0	255	0
-3.32524991	67380.125	4.03812504	0	255	0
-3.32149982	67383.1875	3.99574995	0	255	0
-3.32524991	67380.125	3.99574995	0	255	0
-3.329	67380.125	4.01693726	0	255	0
-3.32149982	67380.125	4.01693726	0	255	0
-3.32524991	67377.0625	4.03812504	0	255	0
-3.329	67374	4.01693726	0	255	0
-3.32149982	67374	4.01693726	0	255	0
-3.31774998	67380.125	4.08050013	0	255	0
-3.32149982	67377.0625	4.08050013	0	255	0
-3.31774998	67380.125	4.03812504	0	255	0
-3.31399989	67377.0625	4.08050013	0	255	0
-3.31399989	67377.0625	4.05931282	0	255	0
-3.31774998	67374	4.08050013	0	255	0
-3.31399989	67374	4.05931282	0	255	0
-3.32149982	67374	4.05931282	0	255	0
-3.31774998	67374	4.03812504	0	255	0
-3.32524991	67380.125	4.01693726	0	255	0
-3.32524991	67380.125	4.03812504	0	255	0
-3.32149982	67380.125	4.01693726	0	255	0
-3.32524991	67374	4.03812504	0	255	0
-3.329	67374	4.03812504	0	255	0
-3.32149982	67377.0625	3.99574995	0	255	0
-3.32524991	67374	3.99574995	0	255	0
-3.31774998	67380.125	4.03812504	0	255	0
-3.31399989	67380.125	4.01693726	0	255	0
-3.31399989	67380.125	3.99574995	0	255	0
-3.31774998	67377.0625	3.99574995	0	255	0
-3.31774998	67374	4.03812504	0	255	0
-3.31399989	67374	4.01693726	0	255	0
-3.33649993	67380.125	3.91100001	0	255	0
-3.33274984	67383.1875	3.97456241	0	255	0
-3.329	67383.1875	3.97456241	0	255	0
-3.329	67383.1875	3.95337486	0	255	0
-3.33274984	67380.125	3.97456241	0	255	0
-3.329	67380.125	3.97456241	0	255	0
-3.329	67380.125	3.95337486	0	255	0
-3.33274984	67380.125	3.95337486	0	255	0
-3.33649993	67386.25	3.99574995	0	255	0
-3.33649993	67386.25	3.97456241	0	255	0
-3.329	67386.25	3.97456241	0	255	0
-3.34399986	67374	4.08050013	0	255	0
-3.33649993	67380.125	3.97456241	0	255	0
-3.329	67380.125	3.97456241	0	255	0
-3.329	67380.125	3.99574995	0	255	0
-3.33649993	67380.125	3.95337486	0	255	0
-3.32524991	67383.1875	3.95337486	0	255	0
-3.32149982	67383.1875	3.99574995	0	255	0
-3.32149982	67383.1875	3.97456241	0	255	0
-3.32524991	67380.125	3.99574995	0	255	0
-3.32149982	67380.125	3.97456241	0	255	0
-3.329	67383.1875	3.95337486	0	255	0
-3.329	67383.1875	3.97456241	0	255	0
-3.329	67380.125	3.97456241	0	255	0
-3.32524991	67380.125	3.95337486	0	255	0
-3.32149982	67383.1875	3.99574995	0	255	0
-3.31774998	67383.1875	3.95337486	0	255	0
-3.31774998	67383.1875	3.95337486	0	255	0
-3.31774998	67380.125	3.99574995	0	255	0
-3.32149982	67383.1875	3.95337486	0	255	0
-3.31774998	67380.125	3.95337486	0	255	0
-3.32524991	67383.1875	3.91100001	0	255	0
-3.32149982	67383.1875	3.95337486	0	255	0
-3.32524991	67380.125	3.95337486	0	255	0
-3.32149982	67383.1875	3.91100001	0	255	0
-3.32524991	67380.125	3.91100001	0	255	0
-3.32149982	67386.25	3.99574995	0	255	0
-3.32149982	67386.25	3.97456241	0	255	0
-3.31399989	67386.25	3.97456241	0	255	0
-3.31399989	67386.25	3.91100001	0	255	0
-3.32149982	67380.125	3.97456241	0	255	0
-3.31399989	67380.125	3.97456241	0	255	0
-3.31399989	67380.125	3.99574995	0	255	0
-3.329	67380.125	3.93218756	0	255	0
-3.32149982	67380.125	3.93218756	0	255	0
-3.32524991	67377.0625	3.95337486	0	255	0
-3.329	67374	3.93218756	0	255	0
-3.32149982	67374	3.93218756	0	255	0
-3.31774998	67380.125	3.99574995	0	255	0
-3.31774998	67380.125	3.95337486	0	255	0
-3.31774998	67377.0625	3.95337486	0	255	0
-3.31399989	67377.0625	3.99574995	0	255	0
-3.31399989	67377.0625	3.95337486	0	255	0
-3.329	67377.0625	3.95337486	0	255	0
-3.329	67380.125	3.91100001	0	255	0
-3.32524991	67374	3.95337486	0	255	0
-3.329	67374	3.93218756	0	255	0
-3.329	67374	3.91100001	0	255	0
-3.31774998	67380.125	3.95337486	0	255	0
-3.31774998	67380.125	3.91100001	0	255	0
-3.31774998	67377.0625	3.91100001	0	255	0
-3.31399989	67377.0625	3.95337486	0	255	0
-3.31399989	67377.0625	3.93218756	0	255	0
-3.31399989	67374	3.93218756	0	255	0
-3.31774998	67374	3.91100001	0	255	0
