-0.716000021	70250	-0.106437497	0	255	0
-0.628000021	70250	-0.106437497	0	255	0
-0.628000021	70250	-0.126249999	0	255	0
-0.716000021	70000	-0.0866249949	0	255	0
-0.628000021	70000	-0.126249999	0	255	0
-0.628000021	70000	-0.126249999	0	255	0
-0.628000021	69750	-0.0866249949	0	255	0
-0.540000021	70000	-0.106437497	0	255	0
-0.540000021	70000	-0.126249999	0	255	0
-0.540000021	69750	-0.106437497	0	255	0
-0.716000021	69750	-0.106437497	0	255	0
-0.540000021	69750	-0.106437497	0	255	0
-0.716000021	69250	-0.106437497	0	255	0
-0.540000021	69250	-0.106437497	0	255	0
-0.540000021	69250	-0.126249999	0	255	0
-0.540000021	70250	-0.126249999	0	255	0
-0.628000021	70000	-0.165875003	0	255	0
-0.540000021	70250	-0.205500007	0	255	0
-0.628000021	70000	-0.205500007	0	255	0
-0.540000021	70250	-0.126249999	0	255	0
-0.540000021	70250	-0.146062493	0	255	0
-0.364000022	70250	-0.146062493	0	255	0
-0.364000022	70250	-0.205500007	0	255	0
-0.540000021	69750	-0.146062493	0	255	0
-0.364000022	69750	-0.146062493	0	255	0
-0.364000022	69750	-0.126249999	0	255	0
-0.716000021	69750	-0.185687512	0	255	0
-0.540000021	69750	-0.185687512	0	255	0
-0.628000021	69500	-0.165875003	0	255	0
-0.716000021	69250	-0.185687512	0	255	0
-0.540000021	69250	-0.126249999	0	255	0
-0.540000021	69250	-0.185687512	0	255	0
-0.628000021	69500	-0.205500007	0	255	0
-0.452000022	69750	-0.165875003	0	255	0
-0.364000022	69750	-0.185687512	0	255	0
-0.364000022	69750	-0.205500007	0	255	0
-0.452000022	69500	-0.205500007	0	255	0
-0.452000022	69250	-0.165875003	0	255	0
-0.364000022	69250	-0.185687512	0	255	0
-0.364000022	70250	-0.0469999984	0	255	0
-0.364000022	70250	-0.106437497	0	255	0
-0.0120000243	70250	-0.106437497	0	255	0
-0.0120000243	69750	-0.106437497	0	255	0
-0.0120000243	69750	-0.126249999	0	255	0
-0.364000022	69250	-0.106437497	0	255	0
-0.188000023	69250	-0.106437497	0	255	0
-0.188000023	69250	-0.126249999	0	255	0
-0.364000022	69250	-0.126249999	0	255	0
-0.716000021	69250	-0.185687512	0	255	0
-0.540000021	69250	-0.205500007	0	255	0
-0.540000021	69250	-0.185687512	0	255	0
-0.628000021	69000	-0.165875003	0	255	0
-0.716000021	68750	-0.185687512	0	255	0
-0.540000021	68750	-0.126249999	0	255	0
-0.540000021	68750	-0.185687512	0	255	0
-0.716000021	68750	-0.146062493	0	255	0
-0.716000021	68750	-0.205500007	0	255	0
-0.628000021	68750	-0.126249999	0	255	0
-0.628000021	68750	-0.146062493	0	255	0
-0.628000021	68500	-0.165875003	0	255	0
-0.716000021	68250	-0.146062493	0	255	0
-0.540000021	68500	-0.126249999	0	255	0
-0.540000021	68500	-0.146062493	0	255	0
-0.540000021	68250	-0.205500007	0	255	0
-0.540000021	68250	-0.146062493	0	255	0
-0.540000021	69250	-0.126249999	0	255	0
-0.628000021	69000	-0.165875003	0	255	0
-0.540000021	69250	-0.205500007	0	255	0
-0.628000021	69000	-0.205500007	0	255	0
-0.540000021	69250	-0.126249999	0	255	0
-0.540000021	69250	-0.146062493	0	255	0
-0.364000022	69250	-0.146062493	0	255	0
-0.540000021	68750	-0.146062493	0	255	0
-0.364000022	68750	-0.146062493	0	255	0
-0.364000022	68750	-0.126249999	0	255	0
-0.716000021	68750	-0.185687512	0	255	0
-0.540000021	68750	-0.185687512	0	255	0
-0.628000021	68500	-0.165875003	0	255	0
-0.716000021	68250	-0.185687512	0	255	0
-0.540000021	68250	-0.126249999	0	255	0
-0.540000021	68250	-0.185687512	0	255	0
-0.628000021	68500	-0.205500007	0	255	0
-0.452000022	68750	-0.165875003	0	255	0
-0.364000022	68750	-0.185687512	0	255	0
-0.364000022	68750	-0.205500007	0	255	0
-0.452000022	68500	-0.205500007	0	255	0
-0.452000022	68250	-0.165875003	0	255	0
-0.364000022	68250	-0.185687512	0	255	0
-0.364000022	69250	-0.185687512	0	255	0
-0.276000023	69250	-0.185687512	0	255	0
-0.276000023	69250	-0.205500007	0	255	0
-0.364000022	69000	-0.165875003	0	255	0
-0.276000023	69000	-0.205500007	0	255	0
-0.276000023	69000	-0.205500007	0	255	0
-0.276000023	68750	-0.165875003	0	255	0
-0.188000023	69000	-0.185687512	0	255	0
-0.188000023	69000	-0.205500007	0	255	0
-0.188000023	68750	-0.185687512	0	255	0
-0.364000022	68250	-0.126249999	0	255	0
-0.188000023	69250	-0.126249999	0	255	0
-0.188000023	69250	-0.146062493	0	255	0
-0.0120000243	69250	-0.146062493	0	255	0
-0.0120000243	69250	-0.205500007	0	255	0
-0.188000023	68750	-0.146062493	0	255	0
-0.0120000243	68750	-0.146062493	0	255	0
-0.0120000243	68750	-0.126249999	0	255	0
-0.188000023	68750	-0.165875003	0	255	0
-0.364000022	68750	-0.185687512	0	255	0
-0.276000023	68750	-0.185687512	0	255	0
-0.276000023	68750	-0.205500007	0	255	0
-0.364000022	68250	-0.185687512	0	255	0
-0.276000023	68250	-0.185687512	0	255	0
-0.276000023	68250	-0.205500007	0	255	0
0.515999973	70250	-0.146062493	0	255	0
0.515999973	70250	-0.0866249949	0	255	0
0.691999972	70250	-0.0866249949	0	255	0
0.691999972	70250	-0.146062493	0	255	0
0.515999973	69750	-0.205500007	0	255	0
0.691999972	69750	-0.0866249949	0	255	0
0.691999972	69750	-0.146062493	0	255	0
0.515999973	69750	-0.146062493	0	255	0
0.603999972	69750	-0.126249999	0	255	0
0.603999972	69750	-0.106437497	0	255	0
0.691999972	69750	-0.106437497	0	255	0
0.691999972	69750	-0.126249999	0	255	0
0.603999972	69250	-0.106437497	0	255	0
0.691999972	69250	-0.106437497	0	255	0
0.603999972	69250	-0.126249999	0	255	0
0.163999975	70250	-0.126249999	0	255	0
0.163999975	70250	-0.146062493	0	255	0
0.339999974	70250	-0.146062493	0	255	0
0.339999974	70250	-0.205500007	0	255	0
0.163999975	69750	-0.146062493	0	255	0
0.339999974	69750	-0.146062493	0	255	0
0.339999974	69750	-0.126249999	0	255	0
0.163999975	69750	-0.165875003	0	255	0
-0.0120000243	69750	-0.205500007	0	255	0
-0.0120000243	69750	-0.185687512	0	255	0
0.0759999752	69750	-0.185687512	0	255	0
0.0759999752	69750	-0.205500007	0	255	0
-0.0120000243	69500	-0.185687512	0	255	0
0.0759999752	69500	-0.185687512	0	255	0
-0.0120000243	69250	-0.165875003	0	255	0
-0.0120000243	69500	-0.205500007	0	255	0
0.515999973	70250	-0.126249999	0	255	0
0.691999972	70250	-0.126249999	0	255	0
0.339999974	70250	-0.245124996	0	255	0
0.339999974	70250	-0.185687497	0	255	0
0.691999972	70250	-0.245124996	0	255	0
0.515999973	69250	-0.126249999	0	255	0
0.691999972	69250	-0.126249999	0	255	0
0.339999974	69250	-0.185687497	0	255	0
0.339999974	69250	-0.245124996	0	255	0
0.691999972	69250	-0.245124996	0	255	0
0.515999973	69250	-0.0469999984	0	255	0
0.515999973	69250	-0.0668125004	0	255	0
0.691999972	69250	-0.0668125004	0	255	0
0.515999973	68750	-0.0668125004	0	255	0
0.691999972	68750	-0.0668125004	0	255	0
0.691999972	68750	-0.0469999984	0	255	0
0.515999973	68750	-0.0866249949	0	255	0
0.603999972	68750	-0.0866249949	0	255	0
0.691999972	68750	-0.0866249949	0	255	0
0.339999974	68250	-0.0469999984	0	255	0
0.515999973	68750	-0.106437497	0	255	0
0.515999973	68500	-0.106437497	0	255	0
0.515999973	68500	-0.126249999	0	255	0
0.691999972	68750	-0.126249999	0	255	0
0.603999972	68250	-0.0866249949	0	255	0
0.691999972	68250	-0.0866249949	0	255	0
0.603999972	68250	-0.126249999	0	255	0
-0.0120000243	69000	-0.205500007	0	255	0
-0.0120000243	69000	-0.185687512	0	255	0
0.0759999752	69000	-0.185687512	0	255	0
-0.0120000243	68750	-0.165875003	0	255	0
-0.0120000243	68750	-0.185687512	0	255	0
0.0759999752	68750	-0.185687512	0	255	0
0.0759999752	68750	-0.205500007	0	255	0
-0.0120000243	68750	-0.205500007	0	255	0
0.163999975	69250	-0.126249999	0	255	0
0.163999975	69250	-0.146062493	0	255	0
0.339999974	69250	-0.146062493	0	255	0
0.163999975	68750	-0.146062493	0	255	0
0.339999974	68750	-0.146062493	0	255	0
0.339999974	68750	-0.126249999	0	255	0
0.163999975	68750	-0.165875003	0	255	0
0.251999974	68750	-0.205500007	0	255	0
0.251999974	68750	-0.185687512	0	255	0
0.339999974	68750	-0.185687512	0	255	0
0.339999974	68750	-0.205500007	0	255	0
0.251999974	68250	-0.185687512	0	255	0
0.339999974	68250	-0.185687512	0	255	0
0.251999974	68250	-0.205500007	0	255	0
0.515999973	69250	-0.126249999	0	255	0
0.515999973	69000	-0.126249999	0	255	0
0.515999973	69250	-0.165875003	0	255	0
0.691999972	69250	-0.165875003	0	255	0
0.603999972	68750	-0.126249999	0	255	0
0.515999973	68750	-0.146062493	0	255	0
0.339999974	69250	-0.185687512	0	255	0
0.515999973	69250	-0.185687512	0	255	0
0.515999973	69250	-0.205500007	0	255	0
0.427999973	69000	-0.205500007	0	255	0
0.515999973	69000	-0.165875003	0	255	0
0.427999973	68750	-0.165875003	0	255	0
0.339999974	68750	-0.185687512	0	255	0
0.515999973	69250	-0.126249999	0	255	0
0.515999973	69250	-0.146062493	0	255	0
0.691999972	69250	-0.146062493	0	255	0
0.691999972	69250	-0.205500007	0	255	0
0.515999973	68750	-0.146062493	0	255	0
0.691999972	68750	-0.146062493	0	255	0
0.691999972	68750	-0.126249999	0	255	0
0.603999972	68500	-0.165875003	0	255	0
0.427999973	68750	-0.165875003	0	255	0
0.339999974	68750	-0.185687512	0	255	0
0.427999973	68250	-0.165875003	0	255	0
0.339999974	68250	-0.185687512	0	255	0
0.691999972	68750	-0.205500007	0	255	0
0.603999972	68500	-0.205500007	0	255	0
-0.628000021	70000	-0.245124996	0	255	0
-0.364000022	70000	-0.205500007	0	255	0
-0.364000022	70250	-0.245124996	0	255	0
-0.452000022	70000	-0.245124996	0	255	0
-0.452000022	69750	-0.205500007	0	255	0
-0.364000022	69750	-0.225312501	0	255	0
-0.716000021	70250	-0.26493749	0	255	0
-0.628000021	70250	-0.284749985	0	255	0
-0.540000021	70250	-0.284749985	0	255	0
-0.628000021	70000	-0.284749985	0	255	0
-0.716000021	69750	-0.26493749	0	255	0
-0.628000021	69750	-0.284749985	0	255	0
-0.540000021	70250	-0.205500007	0	255	0
-0.540000021	70250	-0.225312501	0	255	0
-0.364000022	70250	-0.225312501	0	255	0
-0.540000021	69750	-0.225312501	0	255	0
-0.364000022	69750	-0.225312501	0	255	0
-0.364000022	69750	-0.205500007	0	255	0
-0.716000021	69750	-0.26493749	0	255	0
-0.540000021	69750	-0.26493749	0	255	0
-0.628000021	69500	-0.245124996	0	255	0
-0.716000021	69250	-0.26493749	0	255	0
-0.540000021	69250	-0.26493749	0	255	0
-0.364000022	69750	-0.205500007	0	255	0
-0.364000022	69500	-0.205500007	0	255	0
-0.452000022	69500	-0.245124996	0	255	0
-0.452000022	69250	-0.205500007	0	255	0
-0.364000022	69250	-0.225312501	0	255	0
-0.716000021	69750	-0.284749985	0	255	0
-0.628000021	69500	-0.284749985	0	255	0
-0.716000021	69250	-0.284749985	0	255	0
-0.364000022	69750	-0.284749985	0	255	0
-0.452000022	69500	-0.284749985	0	255	0
-0.276000023	70000	-0.245124996	0	255	0
-0.0120000243	70000	-0.245124996	0	255	0
-0.100000024	70000	-0.245124996	0	255	0
-0.0120000243	69750	-0.225312501	0	255	0
-0.100000024	69750	-0.245124996	0	255	0
-0.188000023	70250	-0.284749985	0	255	0
-0.276000023	70000	-0.284749985	0	255	0
-0.188000023	70250	-0.304562509	0	255	0
-0.188000023	70250	-0.245124996	0	255	0
-0.0120000243	70250	-0.304562509	0	255	0
-0.188000023	69750	-0.363999993	0	255	0
-0.0120000243	69750	-0.245124996	0	255	0
-0.0120000243	69750	-0.304562509	0	255	0
-0.188000023	69750	-0.304562509	0	255	0
-0.364000022	69750	-0.26493749	0	255	0
-0.188000023	69750	-0.26493749	0	255	0
-0.276000023	69500	-0.245124996	0	255	0
-0.364000022	69250	-0.26493749	0	255	0
-0.188000023	69250	-0.26493749	0	255	0
-0.100000024	69500	-0.245124996	0	255	0
-0.276000023	69500	-0.284749985	0	255	0
-0.0120000243	69750	-0.284749985	0	255	0
-0.100000024	69500	-0.284749985	0	255	0
-0.628000021	70250	-0.304562479	0	255	0
-0.628000021	70250	-0.284749985	0	255	0
-0.540000021	70250	-0.304562479	0	255	0
-0.628000021	69750	-0.284749985	0	255	0
-0.540000021	69750	-0.304562479	0	255	0
-0.628000021	69750	-0.304562479	0	255	0
-0.540000021	70250	-0.324374974	0	255	0
-0.364000022	70250	-0.324374974	0	255	0
-0.452000022	70000	-0.324374974	0	255	0
-0.540000021	69750	-0.324374974	0	255	0
-0.364000022	69750	-0.324374974	0	255	0
-0.628000021	69500	-0.344187498	0	255	0
-0.628000021	69500	-0.324374974	0	255	0
-0.540000021	69500	-0.363999993	0	255	0
-0.540000021	69500	-0.344187498	0	255	0
-0.628000021	69250	-0.363999993	0	255	0
-0.540000021	69250	-0.284749985	0	255	0
-0.540000021	69250	-0.344187498	0	255	0
-0.628000021	69250	-0.344187498	0	255	0
-0.540000021	69750	-0.304562479	0	255	0
-0.540000021	69500	-0.284749985	0	255	0
-0.540000021	69500	-0.304562479	0	255	0
-0.364000022	69750	-0.304562479	0	255	0
-0.452000022	69250	-0.284749985	0	255	0
-0.364000022	69250	-0.304562479	0	255	0
-0.452000022	69250	-0.304562479	0	255	0
-0.364000022	70250	-0.205500007	0	255	0
-0.364000022	70250	-0.26493749	0	255	0
-0.0120000243	70250	-0.26493749	0	255	0
-0.0120000243	70250	-0.363999993	0	255	0
-0.364000022	69250	-0.26493749	0	255	0
-0.0120000243	69250	-0.26493749	0	255	0
-0.0120000243	69250	-0.205500007	0	255	0
-0.716000021	69250	-0.344187498	0	255	0
-0.540000021	69250	-0.344187498	0	255	0
-0.628000021	69000	-0.324374974	0	255	0
-0.716000021	68750	-0.344187498	0	255	0
-0.540000021	68750	-0.344187498	0	255	0
-0.540000021	69250	-0.344187498	0	255	0
-0.364000022	69250	-0.344187498	0	255	0
-0.452000022	69000	-0.324374974	0	255	0
-0.540000021	68750	-0.344187498	0	255	0
-0.364000022	68750	-0.344187498	0	255	0
-0.716000021	68750	-0.304562479	0	255	0
-0.716000021	68750	-0.363999993	0	255	0
-0.540000021	68750	-0.304562479	0	255	0
-0.628000021	68500	-0.324374974	0	255	0
-0.716000021	68250	-0.304562479	0	255	0
-0.540000021	68250	-0.363999993	0	255	0
-0.540000021	68250	-0.304562479	0	255	0
-0.540000021	68750	-0.344187498	0	255	0
-0.364000022	68750	-0.344187498	0	255	0
-0.452000022	68500	-0.324374974	0	255	0
-0.540000021	68250	-0.344187498	0	255	0
-0.364000022	68250	-0.344187498	0	255	0
-0.276000023	69000	-0.245124996	0	255	0
-0.0120000243	69250	-0.245124996	0	255	0
-0.100000024	69000	-0.245124996	0	255	0
-0.188000023	69250	-0.284749985	0	255	0
-0.276000023	69000	-0.284749985	0	255	0
-0.188000023	69250	-0.205500007	0	255	0
-0.188000023	69250	-0.225312501	0	255	0
-0.0120000243	69250	-0.225312501	0	255	0
-0.188000023	68750	-0.225312501	0	255	0
-0.0120000243	68750	-0.225312501	0	255	0
-0.0120000243	68750	-0.205500007	0	255	0
-0.364000022	68750	-0.26493749	0	255	0
-0.188000023	68750	-0.26493749	0	255	0
-0.276000023	68500	-0.245124996	0	255	0
-0.364000022	68250	-0.26493749	0	255	0
-0.188000023	68250	-0.26493749	0	255	0
-0.100000024	68500	-0.245124996	0	255	0
-0.276000023	68500	-0.284749985	0	255	0
-0.0120000243	68750	-0.284749985	0	255	0
-0.100000024	68500	-0.284749985	0	255	0
-0.628000021	69250	-0.304562479	0	255	0
-0.628000021	69250	-0.284749985	0	255	0
-0.540000021	69250	-0.304562479	0	255	0
-0.628000021	69000	-0.324374974	0	255	0
-0.540000021	69000	-0.284749985	0	255	0
-0.540000021	69000	-0.304562479	0	255	0
-0.628000021	69000	-0.304562479	0	255	0
-0.540000021	69250	-0.304562479	0	255	0
-0.364000022	69250	-0.304562479	0	255	0
-0.452000022	69000	-0.324374974	0	255	0
-0.540000021	68750	-0.304562479	0	255	0
-0.364000022	68750	-0.304562479	0	255	0
-0.628000021	68750	-0.344187498	0	255	0
-0.628000021	68750	-0.363999993	0	255	0
-0.540000021	68750	-0.344187498	0	255	0
-0.628000021	68250	-0.363999993	0	255	0
-0.540000021	68250	-0.344187498	0	255	0
-0.628000021	68250	-0.344187498	0	255	0
-0.540000021	68750	-0.324374974	0	255	0
-0.364000022	68750	-0.324374974	0	255	0
-0.364000022	68500	-0.324374974	0	255	0
-0.452000022	68500	-0.324374974	0	255	0
-0.364000022	68250	-0.304562479	0	255	0
-0.452000022	68250	-0.324374974	0	255	0
-0.540000021	68250	-0.324374974	0	255	0
-0.364000022	69250	-0.304562479	0	255	0
-0.188000023	69250	-0.304562479	0	255	0
-0.276000023	69000	-0.324374974	0	255	0
-0.364000022	68750	-0.304562479	0	255	0
-0.188000023	68750	-0.304562479	0	255	0
-0.188000023	69250	-0.304562479	0	255	0
-0.0120000243	69250	-0.304562479	0	255	0
-0.100000024	69000	-0.324374974	0	255	0
-0.188000023	68750	-0.304562479	0	255	0
-0.0120000243	68750	-0.304562479	0	255	0
-0.364000022	68750	-0.344187498	0	255	0
-0.364000022	68750	-0.284749985	0	255	0
-0.188000023	68750	-0.344187498	0	255	0
-0.276000023	68500	-0.324374974	0	255	0
-0.364000022	68250	-0.344187498	0	255	0
-0.188000023	68250	-0.344187498	0	255	0
-0.0120000243	68750	-0.304562479	0	255	0
-0.100000024	68750	-0.324374974	0	255	0
-0.100000024	68500	-0.324374974	0	255	0
-0.188000023	68250	-0.324374974	0	255	0
-0.0120000243	68500	-0.324374974	0	255	0
-0.0120000243	68250	-0.324374974	0	255	0
-0.364000022	68750	-0.344187498	0	255	0
-0.364000022	68750	-0.324374974	0	255	0
-0.364000022	68500	-0.324374974	0	255	0
-0.364000022	68500	-0.344187498	0	255	0
-0.188000023	68750	-0.344187498	0	255	0
-0.188000023	68500	-0.324374974	0	255	0
-0.188000023	68500	-0.344187498	0	255	0
-0.0120000243	70250	-0.0469999984	0	255	0
-0.0120000243	70250	-0.185687512	0	255	0
0.339999974	70250	-0.185687512	0	255	0
0.339999974	70250	-0.205500007	0	255	0
-0.0120000243	69250	-0.185687512	0	255	0
0.339999974	69250	-0.185687512	0	255	0
0.339999974	70250	-0.126249999	0	255	0
0.339999974	70250	-0.146062493	0	255	0
0.691999972	70250	-0.146062493	0	255	0
0.691999972	70250	-0.363999993	0	255	0
0.339999974	69250	-0.146062493	0	255	0
0.691999972	69250	-0.146062493	0	255	0
0.691999972	69250	-0.126249999	0	255	0
0.339999974	69250	-0.165875003	0	255	0
-0.0120000243	69250	-0.185687512	0	255	0
0.339999974	69250	-0.185687512	0	255	0
-0.0120000243	68250	-0.185687512	0	255	0
0.339999974	68250	-0.185687512	0	255	0
0.339999974	69250	-0.185687512	0	255	0
0.691999972	69250	-0.185687512	0	255	0
0.691999972	69250	-0.205500007	0	255	0
0.339999974	68250	-0.185687512	0	255	0
0.691999972	68250	-0.185687512	0	255	0
0.691999972	68250	-0.0469999984	0	255	0
-0.716000021	68250	-0.344187498	0	255	0
-0.540000021	68250	-0.344187498	0	255	0
-0.628000021	68000	-0.324374974	0	255	0
-0.716000021	67750	-0.344187498	0	255	0
-0.540000021	67750	-0.344187498	0	255	0
-0.540000021	68250	-0.344187498	0	255	0
-0.364000022	68250	-0.344187498	0	255	0
-0.452000022	68000	-0.324374974	0	255	0
-0.540000021	67750	-0.344187498	0	255	0
-0.364000022	67750	-0.344187498	0	255	0
-0.716000021	67750	-0.304562479	0	255	0
-0.716000021	67750	-0.363999993	0	255	0
-0.540000021	67750	-0.304562479	0	255	0
-0.628000021	67500	-0.324374974	0	255	0
-0.716000021	67250	-0.304562479	0	255	0
-0.540000021	67250	-0.363999993	0	255	0
-0.540000021	67250	-0.304562479	0	255	0
-0.540000021	67750	-0.344187498	0	255	0
-0.364000022	67750	-0.344187498	0	255	0
-0.452000022	67500	-0.324374974	0	255	0
-0.540000021	67250	-0.344187498	0	255	0
-0.364000022	67250	-0.344187498	0	255	0
-0.364000022	68250	-0.344187498	0	255	0
-0.276000023	68250	-0.363999993	0	255	0
-0.276000023	68250	-0.344187498	0	255	0
-0.276000023	68000	-0.324374974	0	255	0
-0.276000023	67750	-0.363999993	0	255	0
-0.276000023	67750	-0.344187498	0	255	0
-0.364000022	67750	-0.344187498	0	255	0
-0.188000023	68000	-0.344187498	0	255	0
-0.188000023	68000	-0.363999993	0	255	0
-0.100000024	68000	-0.324374974	0	255	0
-0.100000024	68000	-0.344187498	0	255	0
-0.100000024	68000	-0.324374974	0	255	0
-0.100000024	67750	-0.363999993	0	255	0
-0.100000024	67750	-0.344187498	0	255	0
-0.188000023	67750	-0.344187498	0	255	0
-0.364000022	67750	-0.304562479	0	255	0
-0.364000022	67750	-0.363999993	0	255	0
-0.276000023	67750	-0.284749985	0	255	0
-0.276000023	67750	-0.304562479	0	255	0
-0.276000023	67500	-0.324374974	0	255	0
-0.276000023	67250	-0.284749985	0	255	0
-0.276000023	67250	-0.304562479	0	255	0
-0.364000022	67250	-0.304562479	0	255	0
-0.716000021	67250	-0.225312501	0	255	0
-0.716000021	67250	-0.363999993	0	255	0
-0.540000021	67250	-0.225312501	0	255	0
-0.628000021	67000	-0.245124996	0	255	0
-0.716000021	66750	-0.225312501	0	255	0
-0.540000021	66750	-0.225312501	0	255	0
-0.540000021	67250	-0.225312501	0	255	0
-0.364000022	67250	-0.225312501	0	255	0
-0.452000022	67000	-0.245124996	0	255	0
-0.540000021	66750	-0.225312501	0	255	0
-0.364000022	66750	-0.225312501	0	255	0
-0.716000021	66750	-0.26493749	0	255	0
-0.716000021	66750	-0.205500007	0	255	0
-0.540000021	66750	-0.26493749	0	255	0
-0.628000021	66500	-0.245124996	0	255	0
-0.716000021	66250	-0.26493749	0	255	0
-0.540000021	66250	-0.205500007	0	255	0
-0.540000021	66250	-0.26493749	0	255	0
-0.540000021	66750	-0.225312501	0	255	0
-0.364000022	66750	-0.225312501	0	255	0
-0.452000022	66500	-0.245124996	0	255	0
-0.540000021	66250	-0.225312501	0	255	0
-0.364000022	66250	-0.363999993	0	255	0
-0.364000022	66250	-0.225312501	0	255	0
-0.364000022	67250	-0.344187498	0	255	0
-0.276000023	67250	-0.363999993	0	255	0
-0.276000023	67250	-0.344187498	0	255	0
-0.276000023	67000	-0.324374974	0	255	0
-0.364000022	66750	-0.344187498	0	255	0
-0.188000023	67000	-0.363999993	0	255	0
-0.188000023	67000	-0.344187498	0	255	0
-0.188000023	66750	-0.284749985	0	255	0
-0.188000023	66750	-0.344187498	0	255	0
-0.100000024	67000	-0.344187498	0	255	0
-0.100000024	67000	-0.324374974	0	255	0
-0.0120000243	67000	-0.363999993	0	255	0
-0.0120000243	67000	-0.344187498	0	255	0
-0.100000024	66750	-0.363999993	0	255	0
-0.0120000243	66750	-0.363999993	0	255	0
-0.0120000243	66750	-0.344187498	0	255	0
-0.100000024	66750	-0.344187498	0	255	0
-0.364000022	66750	-0.304562479	0	255	0
-0.364000022	66750	-0.363999993	0	255	0
-0.276000023	66750	-0.284749985	0	255	0
-0.276000023	66750	-0.304562479	0	255	0
-0.276000023	66500	-0.324374974	0	255	0
-0.276000023	66250	-0.284749985	0	255	0
-0.276000023	66250	-0.304562479	0	255	0
-0.364000022	66250	-0.304562479	0	255	0
0.515999973	68250	-0.146062493	0	255	0
0.515999973	68250	-0.0866249949	0	255	0
0.691999972	68250	-0.0866249949	0	255	0
0.691999972	68250	-0.146062493	0	255	0
0.515999973	67750	-0.205500007	0	255	0
0.691999972	67750	-0.0866249949	0	255	0
0.691999972	67750	-0.146062493	0	255	0
0.515999973	67750	-0.146062493	0	255	0
0.603999972	67750	-0.126249999	0	255	0
0.603999972	67750	-0.106437497	0	255	0
0.691999972	67750	-0.106437497	0	255	0
0.691999972	67750	-0.126249999	0	255	0
0.603999972	67500	-0.126249999	0	255	0
0.691999972	67500	-0.0866249949	0	255	0
0.603999972	67250	-0.0866249949	0	255	0
0.691999972	67250	-0.0866249949	0	255	0
0.515999973	67500	-0.126249999	0	255	0
0.515999973	67500	-0.106437497	0	255	0
0.515999973	67250	-0.106437497	0	255	0
0.515999973	67250	-0.126249999	0	255	0
-0.0120000243	68000	-0.205500007	0	255	0
-0.0120000243	68000	-0.185687512	0	255	0
-0.0120000243	67750	-0.185687512	0	255	0
-0.0120000243	67750	-0.205500007	0	255	0
0.163999975	68000	-0.185687512	0	255	0
0.163999975	68000	-0.205500007	0	255	0
0.163999975	67750	-0.185687512	0	255	0
-0.0120000243	67250	-0.126249999	0	255	0
0.163999975	68250	-0.126249999	0	255	0
0.163999975	68250	-0.146062493	0	255	0
0.339999974	68250	-0.146062493	0	255	0
0.339999974	68250	-0.205500007	0	255	0
0.163999975	67750	-0.146062493	0	255	0
0.339999974	67750	-0.146062493	0	255	0
0.339999974	67750	-0.126249999	0	255	0
0.163999975	67750	-0.165875003	0	255	0
-0.0120000243	67500	-0.205500007	0	255	0
-0.0120000243	67500	-0.185687512	0	255	0
-0.0120000243	67250	-0.185687512	0	255	0
-0.0120000243	67250	-0.205500007	0	255	0
0.163999975	67500	-0.185687512	0	255	0
0.163999975	67500	-0.205500007	0	255	0
0.163999975	67250	-0.185687512	0	255	0
0.163999975	67250	-0.205500007	0	255	0
0.251999974	67750	-0.205500007	0	255	0
0.251999974	67750	-0.185687512	0	255	0
0.339999974	67750	-0.185687512	0	255	0
0.339999974	67750	-0.205500007	0	255	0
0.251999974	67250	-0.185687512	0	255	0
0.339999974	67250	-0.185687512	0	255	0
0.251999974	67250	-0.205500007	0	255	0
0.339999974	68250	-0.0469999984	0	255	0
0.339999974	68250	-0.106437497	0	255	0
0.691999972	68250	-0.106437497	0	255	0
0.339999974	67250	-0.106437497	0	255	0
0.339999974	67250	-0.126249999	0	255	0
0.691999972	67250	-0.106437497	0	255	0
0.691999972	67250	-0.0469999984	0	255	0
0.515999973	67250	-0.0469999984	0	255	0
0.515999973	67250	-0.0668125004	0	255	0
0.691999972	67250	-0.0668125004	0	255	0
0.515999973	66750	-0.0668125004	0	255	0
0.691999972	66750	-0.0668125004	0	255	0
0.691999972	66750	-0.0469999984	0	255	0
0.515999973	66750	-0.0866249949	0	255	0
0.603999972	66750	-0.126249999	0	255	0
0.603999972	66750	-0.106437497	0	255	0
0.691999972	66750	-0.106437497	0	255	0
0.691999972	66750	-0.126249999	0	255	0
0.603999972	66250	-0.106437497	0	255	0
0.691999972	66250	-0.106437497	0	255	0
0.603999972	66250	-0.126249999	0	255	0
-0.0120000243	67000	-0.205500007	0	255	0
-0.0120000243	67000	-0.185687512	0	255	0
-0.0120000243	66750	-0.185687512	0	255	0
-0.0120000243	66750	-0.205500007	0	255	0
0.163999975	67000	-0.185687512	0	255	0
0.163999975	67000	-0.205500007	0	255	0
0.163999975	66750	-0.185687512	0	255	0
-0.0120000243	66250	-0.126249999	0	255	0
0.163999975	67250	-0.126249999	0	255	0
0.163999975	67250	-0.146062493	0	255	0
0.339999974	67250	-0.146062493	0	255	0
0.163999975	66750	-0.146062493	0	255	0
0.339999974	66750	-0.146062493	0	255	0
0.339999974	66750	-0.126249999	0	255	0
0.163999975	66750	-0.165875003	0	255	0
0.251999974	66750	-0.205500007	0	255	0
0.251999974	66750	-0.185687512	0	255	0
0.339999974	66750	-0.185687512	0	255	0
0.339999974	66750	-0.205500007	0	255	0
0.251999974	66250	-0.185687512	0	255	0
0.339999974	66250	-0.185687512	0	255	0
0.251999974	66250	-0.205500007	0	255	0
0.515999973	67250	-0.126249999	0	255	0
0.691999972	67250	-0.165875003	0	255	0
0.603999972	67000	-0.165875003	0	255	0
0.427999973	67250	-0.165875003	0	255	0
0.339999974	67250	-0.185687512	0	255	0
0.515999973	67250	-0.205500007	0	255	0
0.339999974	67000	-0.165875003	0	255	0
0.427999973	67000	-0.205500007	0	255	0
0.515999973	67250	-0.126249999	0	255	0
0.515999973	67250	-0.146062493	0	255	0
0.691999972	67250	-0.146062493	0	255	0
0.691999972	67250	-0.205500007	0	255	0
0.515999973	66750	-0.146062493	0	255	0
0.691999972	66750	-0.146062493	0	255	0
0.691999972	66750	-0.126249999	0	255	0
0.515999973	66500	-0.126249999	0	255	0
0.603999972	66250	-0.126249999	0	255	0
0.515999973	66250	-0.146062493	0	255	0
0.339999974	66750	-0.185687512	0	255	0
0.515999973	66750	-0.185687512	0	255	0
0.339999974	66250	-0.185687512	0	255	0
0.515999973	66250	-0.185687512	0	255	0
0.691999972	66750	-0.205500007	0	255	0
0.603999972	66500	-0.205500007	0	255	0
-0.628000021	68000	-0.245124996	0	255	0
-0.364000022	68250	-0.245124996	0	255	0
-0.452000022	68000	-0.245124996	0	255	0
-0.716000021	68250	-0.284749985	0	255	0
-0.540000021	68250	-0.284749985	0	255	0
-0.628000021	68000	-0.284749985	0	255	0
-0.540000021	68250	-0.205500007	0	255	0
-0.540000021	68250	-0.225312501	0	255	0
-0.364000022	68250	-0.225312501	0	255	0
-0.540000021	67750	-0.225312501	0	255	0
-0.364000022	67750	-0.225312501	0	255	0
-0.364000022	67750	-0.205500007	0	255	0
-0.716000021	67750	-0.26493749	0	255	0
-0.540000021	67750	-0.26493749	0	255	0
-0.628000021	67500	-0.245124996	0	255	0
-0.716000021	67250	-0.26493749	0	255	0
-0.540000021	67250	-0.26493749	0	255	0
-0.452000022	67500	-0.245124996	0	255	0
-0.716000021	67500	-0.284749985	0	255	0
-0.628000021	67500	-0.284749985	0	255	0
-0.716000021	67250	-0.26493749	0	255	0
-0.628000021	67250	-0.284749985	0	255	0
-0.364000022	67750	-0.284749985	0	255	0
-0.452000022	67500	-0.284749985	0	255	0
-0.276000023	68000	-0.245124996	0	255	0
-0.100000024	68000	-0.245124996	0	255	0
-0.188000023	68250	-0.284749985	0	255	0
-0.276000023	68000	-0.284749985	0	255	0
-0.188000023	68250	-0.304562509	0	255	0
-0.188000023	68250	-0.245124996	0	255	0
-0.0120000243	68250	-0.304562509	0	255	0
-0.188000023	67750	-0.363999993	0	255	0
-0.0120000243	67750	-0.245124996	0	255	0
-0.0120000243	67750	-0.304562509	0	255	0
-0.188000023	67750	-0.304562509	0	255	0
-0.364000022	67750	-0.26493749	0	255	0
-0.188000023	67750	-0.26493749	0	255	0
-0.276000023	67500	-0.245124996	0	255	0
-0.364000022	67250	-0.26493749	0	255	0
-0.188000023	67250	-0.26493749	0	255	0
-0.0120000243	67750	-0.225312501	0	255	0
-0.100000024	67750	-0.245124996	0	255	0
-0.100000024	67500	-0.245124996	0	255	0
-0.0120000243	67500	-0.245124996	0	255	0
-0.276000023	67500	-0.284749985	0	255	0
-0.0120000243	67750	-0.284749985	0	255	0
-0.100000024	67500	-0.284749985	0	255	0
-0.628000021	68250	-0.284749985	0	255	0
-0.628000021	68250	-0.324374974	0	255	0
-0.628000021	67750	-0.284749985	0	255	0
-0.628000021	67750	-0.324374974	0	255	0
-0.364000022	68250	-0.324374974	0	255	0
-0.452000022	68000	-0.324374974	0	255	0
-0.540000021	68250	-0.284749985	0	255	0
-0.540000021	68250	-0.304562479	0	255	0
-0.364000022	68250	-0.304562479	0	255	0
-0.364000022	68250	-0.363999993	0	255	0
-0.540000021	67750	-0.304562479	0	255	0
-0.364000022	67750	-0.304562479	0	255	0
-0.364000022	67750	-0.284749985	0	255	0
-0.628000021	67750	-0.344187498	0	255	0
-0.628000021	67750	-0.363999993	0	255	0
-0.540000021	67750	-0.344187498	0	255	0
-0.628000021	67250	-0.363999993	0	255	0
-0.540000021	67250	-0.344187498	0	255	0
-0.628000021	67250	-0.344187498	0	255	0
-0.452000022	67500	-0.324374974	0	255	0
-0.540000021	67250	-0.324374974	0	255	0
-0.364000022	67250	-0.324374974	0	255	0
-0.364000022	68250	-0.205500007	0	255	0
-0.364000022	68250	-0.26493749	0	255	0
-0.0120000243	68250	-0.26493749	0	255	0
-0.716000021	66250	-0.0469999984	0	255	0
-0.364000022	67250	-0.26493749	0	255	0
-0.0120000243	67250	-0.26493749	0	255	0
-0.0120000243	67250	-0.205500007	0	255	0
-0.716000021	67250	-0.344187498	0	255	0
-0.540000021	67250	-0.344187498	0	255	0
-0.628000021	67000	-0.324374974	0	255	0
-0.716000021	66750	-0.344187498	0	255	0
-0.540000021	66750	-0.344187498	0	255	0
-0.540000021	67250	-0.344187498	0	255	0
-0.364000022	67250	-0.344187498	0	255	0
-0.452000022	67000	-0.324374974	0	255	0
-0.540000021	66750	-0.344187498	0	255	0
-0.364000022	66750	-0.344187498	0	255	0
-0.716000021	66750	-0.304562479	0	255	0
-0.716000021	66750	-0.363999993	0	255	0
-0.540000021	66750	-0.304562479	0	255	0
-0.628000021	66500	-0.324374974	0	255	0
-0.716000021	66250	-0.304562479	0	255	0
-0.540000021	66250	-0.363999993	0	255	0
-0.540000021	66250	-0.304562479	0	255	0
-0.540000021	66750	-0.344187498	0	255	0
-0.364000022	66750	-0.344187498	0	255	0
-0.452000022	66500	-0.324374974	0	255	0
-0.540000021	66250	-0.344187498	0	255	0
-0.364000022	66250	-0.344187498	0	255	0
-0.276000023	67000	-0.245124996	0	255	0
-0.0120000243	67250	-0.245124996	0	255	0
-0.100000024	67000	-0.245124996	0	255	0
-0.188000023	67250	-0.284749985	0	255	0
-0.276000023	67000	-0.284749985	0	255	0
-0.188000023	67250	-0.205500007	0	255	0
-0.188000023	67250	-0.225312501	0	255	0
-0.0120000243	67250	-0.225312501	0	255	0
-0.188000023	66750	-0.225312501	0	255	0
-0.0120000243	66750	-0.225312501	0	255	0
-0.0120000243	66750	-0.205500007	0	255	0
-0.364000022	66750	-0.26493749	0	255	0
-0.188000023	66750	-0.26493749	0	255	0
-0.276000023	66500	-0.245124996	0	255	0
-0.364000022	66250	-0.26493749	0	255	0
-0.188000023	66250	-0.26493749	0	255	0
-0.100000024	66500	-0.245124996	0	255	0
-0.0120000243	66250	-0.205500007	0	255	0
-0.276000023	66500	-0.284749985	0	255	0
-0.0120000243	66750	-0.284749985	0	255	0
-0.100000024	66500	-0.284749985	0	255	0
-0.540000021	67250	-0.304562479	0	255	0
-0.540000021	67250	-0.284749985	0	255	0
-0.364000022	67250	-0.304562479	0	255	0
-0.452000022	67000	-0.324374974	0	255	0
-0.540000021	66750	-0.304562479	0	255	0
-0.364000022	66750	-0.304562479	0	255	0
-0.628000021	66750	-0.344187498	0	255	0
-0.628000021	66750	-0.363999993	0	255	0
-0.540000021	66750	-0.344187498	0	255	0
-0.716000021	66500	-0.344187498	0	255	0
-0.716000021	66500	-0.363999993	0	255	0
-0.628000021	66500	-0.324374974	0	255	0
-0.716000021	66250	-0.344187498	0	255	0
-0.540000021	66250	-0.344187498	0	255	0
-0.540000021	66750	-0.324374974	0	255	0
-0.364000022	66750	-0.324374974	0	255	0
-0.452000022	66500	-0.324374974	0	255	0
-0.540000021	66250	-0.324374974	0	255	0
-0.364000022	66250	-0.324374974	0	255	0
-0.364000022	67250	-0.304562479	0	255	0
-0.188000023	67250	-0.304562479	0	255	0
-0.276000023	67000	-0.324374974	0	255	0
-0.364000022	66750	-0.304562479	0	255	0
-0.188000023	66750	-0.304562479	0	255	0
-0.0120000243	67250	-0.304562479	0	255	0
-0.188000023	67250	-0.324374974	0	255	0
-0.100000024	67250	-0.324374974	0	255	0
-0.188000023	67000	-0.324374974	0	255	0
-0.100000024	67000	-0.324374974	0	255	0
-0.188000023	66750	-0.304562479	0	255	0
-0.0120000243	67000	-0.324374974	0	255	0
-0.100000024	66750	-0.324374974	0	255	0
-0.364000022	66750	-0.344187498	0	255	0
-0.364000022	66750	-0.284749985	0	255	0
-0.188000023	66750	-0.344187498	0	255	0
-0.276000023	66500	-0.324374974	0	255	0
-0.364000022	66250	-0.344187498	0	255	0
-0.188000023	66250	-0.344187498	0	255	0
-0.188000023	66750	-0.324374974	0	255	0
-0.100000024	66500	-0.324374974	0	255	0
-0.188000023	66250	-0.324374974	0	255	0
-0.0120000243	66250	-0.324374974	0	255	0
0.0759999752	68000	-0.245124996	0	255	0
0.339999974	68250	-0.245124996	0	255	0
0.251999974	68000	-0.245124996	0	255	0
0.163999975	68250	-0.284749985	0	255	0
0.0759999752	68000	-0.284749985	0	255	0
0.163999975	68250	-0.205500007	0	255	0
0.163999975	68250	-0.225312501	0	255	0
0.339999974	68250	-0.225312501	0	255	0
0.163999975	67750	-0.225312501	0	255	0
0.339999974	67750	-0.225312501	0	255	0
0.339999974	67750	-0.205500007	0	255	0
-0.0120000243	67750	-0.26493749	0	255	0
0.163999975	67750	-0.26493749	0	255	0
0.0759999752	67500	-0.245124996	0	255	0
-0.0120000243	67250	-0.26493749	0	255	0
0.163999975	67250	-0.26493749	0	255	0
0.251999974	67500	-0.245124996	0	255	0
0.0759999752	67500	-0.284749985	0	255	0
0.339999974	67750	-0.284749985	0	255	0
0.251999974	67500	-0.284749985	0	255	0
0.427999973	68000	-0.245124996	0	255	0
0.603999972	68000	-0.245124996	0	255	0
0.515999973	68250	-0.284749985	0	255	0
0.427999973	68000	-0.284749985	0	255	0
0.515999973	68250	-0.304562509	0	255	0
0.515999973	68250	-0.245124996	0	255	0
0.691999972	68250	-0.304562509	0	255	0
0.515999973	67750	-0.363999993	0	255	0
0.691999972	67750	-0.245124996	0	255	0
0.691999972	67750	-0.304562509	0	255	0
0.515999973	67750	-0.304562509	0	255	0
0.339999974	67750	-0.26493749	0	255	0
0.515999973	67750	-0.26493749	0	255	0
0.427999973	67500	-0.245124996	0	255	0
0.339999974	67250	-0.26493749	0	255	0
0.515999973	67250	-0.26493749	0	255	0
0.603999972	67500	-0.245124996	0	255	0
0.427999973	67500	-0.284749985	0	255	0
0.603999972	67750	-0.245124996	0	255	0
0.603999972	67750	-0.284749985	0	255	0
0.603999972	67500	-0.284749985	0	255	0
0.691999972	67500	-0.245124996	0	255	0
0.691999972	67500	-0.26493749	0	255	0
0.691999972	67250	-0.26493749	0	255	0
0.603999972	67250	-0.284749985	0	255	0
-0.0120000243	68250	-0.324374974	0	255	0
-0.0120000243	68000	-0.324374974	0	255	0
0.0759999752	68000	-0.324374974	0	255	0
-0.0120000243	67750	-0.304562479	0	255	0
0.0759999752	67750	-0.324374974	0	255	0
0.339999974	68250	-0.324374974	0	255	0
0.251999974	68000	-0.324374974	0	255	0
0.339999974	67750	-0.324374974	0	255	0
-0.0120000243	67750	-0.344187498	0	255	0
0.163999975	67750	-0.344187498	0	255	0
0.0759999752	67500	-0.324374974	0	255	0
-0.0120000243	67250	-0.344187498	0	255	0
0.163999975	67250	-0.344187498	0	255	0
0.339999974	67750	-0.304562479	0	255	0
0.251999974	67750	-0.324374974	0	255	0
0.251999974	67500	-0.324374974	0	255	0
0.163999975	67250	-0.324374974	0	255	0
0.339999974	67500	-0.324374974	0	255	0
0.339999974	67250	-0.324374974	0	255	0
0.339999974	68250	-0.205500007	0	255	0
0.339999974	68250	-0.26493749	0	255	0
0.691999972	68250	-0.26493749	0	255	0
0.691999972	68250	-0.363999993	0	255	0
0.339999974	67250	-0.26493749	0	255	0
0.691999972	67250	-0.26493749	0	255	0
0.691999972	67250	-0.205500007	0	255	0
-0.0120000243	67250	-0.344187498	0	255	0
0.163999975	67250	-0.344187498	0	255	0
0.0759999752	67000	-0.324374974	0	255	0
-0.0120000243	66750	-0.344187498	0	255	0
0.163999975	66750	-0.344187498	0	255	0
0.163999975	67250	-0.344187498	0	255	0
0.339999974	67250	-0.344187498	0	255	0
0.251999974	67000	-0.324374974	0	255	0
0.163999975	66750	-0.344187498	0	255	0
0.339999974	66750	-0.344187498	0	255	0
-0.0120000243	66750	-0.304562479	0	255	0
-0.0120000243	66750	-0.363999993	0	255	0
0.163999975	66750	-0.304562479	0	255	0
0.0759999752	66500	-0.324374974	0	255	0
-0.0120000243	66250	-0.304562479	0	255	0
0.163999975	66250	-0.363999993	0	255	0
0.163999975	66250	-0.304562479	0	255	0
0.163999975	66750	-0.344187498	0	255	0
0.339999974	66750	-0.344187498	0	255	0
0.251999974	66500	-0.324374974	0	255	0
0.163999975	66250	-0.344187498	0	255	0
0.339999974	66250	-0.344187498	0	255	0
0.427999973	67000	-0.245124996	0	255	0
0.691999972	67250	-0.245124996	0	255	0
0.603999972	67000	-0.245124996	0	255	0
0.515999973	67250	-0.284749985	0	255	0
0.427999973	67000	-0.284749985	0	255	0
0.515999973	67250	-0.205500007	0	255	0
0.515999973	67250	-0.225312501	0	255	0
0.691999972	67250	-0.225312501	0	255	0
0.691999972	67250	-0.284749985	0	255	0
0.515999973	66750	-0.225312501	0	255	0
0.691999972	66750	-0.225312501	0	255	0
0.691999972	66750	-0.205500007	0	255	0
0.339999974	66750	-0.26493749	0	255	0
0.515999973	66750	-0.26493749	0	255	0
0.427999973	66500	-0.245124996	0	255	0
0.339999974	66250	-0.26493749	0	255	0
0.515999973	66250	-0.26493749	0	255	0
0.603999972	66500	-0.245124996	0	255	0
0.427999973	66500	-0.284749985	0	255	0
0.691999972	66750	-0.26493749	0	255	0
0.603999972	66750	-0.284749985	0	255	0
0.603999972	66500	-0.284749985	0	255	0
0.691999972	66500	-0.284749985	0	255	0
0.691999972	66250	-0.284749985	0	255	0
-0.0120000243	67250	-0.304562479	0	255	0
0.163999975	67250	-0.304562479	0	255	0
0.0759999752	67000	-0.324374974	0	255	0
-0.0120000243	66750	-0.304562479	0	255	0
0.163999975	66750	-0.304562479	0	255	0
0.163999975	67250	-0.304562479	0	255	0
0.251999974	67250	-0.324374974	0	255	0
0.339999974	67250	-0.324374974	0	255	0
0.251999974	67000	-0.324374974	0	255	0
0.163999975	67000	-0.324374974	0	255	0
0.163999975	66750	-0.324374974	0	255	0
0.339999974	66750	-0.324374974	0	255	0
-0.0120000243	66750	-0.344187498	0	255	0
-0.0120000243	66750	-0.284749985	0	255	0
0.163999975	66750	-0.344187498	0	255	0
0.0759999752	66500	-0.324374974	0	255	0
-0.0120000243	66250	-0.344187498	0	255	0
0.163999975	66250	-0.344187498	0	255	0
0.163999975	66750	-0.304562479	0	255	0
0.339999974	66750	-0.304562479	0	255	0
0.251999974	66500	-0.324374974	0	255	0
0.163999975	66500	-0.324374974	0	255	0
0.163999975	66250	-0.324374974	0	255	0
0.339999974	66500	-0.324374974	0	255	0
0.339999974	66250	-0.324374974	0	255	0
0.339999974	67250	-0.304562479	0	255	0
0.427999973	67250	-0.284749985	0	255	0
0.427999973	67250	-0.304562479	0	255	0
0.427999973	67000	-0.324374974	0	255	0
0.515999973	67000	-0.284749985	0	255	0
0.515999973	67000	-0.304562479	0	255	0
0.515999973	66750	-0.304562479	0	255	0
0.339999974	67000	-0.324374974	0	255	0
0.427999973	66750	-0.324374974	0	255	0
0.339999974	66750	-0.324374974	0	255	0
0.515999973	67000	-0.304562479	0	255	0
0.515999973	67000	-0.284749985	0	255	0
0.603999972	67000	-0.324374974	0	255	0
0.603999972	67000	-0.304562479	0	255	0
0.603999972	67000	-0.324374974	0	255	0
0.603999972	66750	-0.284749985	0	255	0
0.603999972	66750	-0.304562479	0	255	0
0.515999973	66750	-0.304562479	0	255	0
0.339999974	66750	-0.344187498	0	255	0
0.515999973	66750	-0.344187498	0	255	0
0.427999973	66500	-0.324374974	0	255	0
0.339999974	66250	-0.344187498	0	255	0
0.515999973	66250	-0.284749985	0	255	0
0.515999973	66250	-0.344187498	0	255	0
0.515999973	66750	-0.304562479	0	255	0
0.603999972	66750	-0.284749985	0	255	0
0.603999972	66750	-0.304562479	0	255	0
0.603999972	66500	-0.324374974	0	255	0
0.603999972	66250	-0.284749985	0	255	0
0.603999972	66250	-0.304562479	0	255	0
0.515999973	66250	-0.304562479	0	255	0
