10.224	69437.5	-0.00687498599	0	255	0
10.2842503	69539.0625	-0.0416874848	0	255	0
10.3444996	69539.0625	-0.0416874848	0	255	0
10.3444996	69539.0625	-0.0764999837	0	255	0
10.2842503	69437.5	-0.0416874848	0	255	0
10.3444996	69437.5	-0.0416874848	0	255	0
10.3444996	69437.5	-0.0764999837	0	255	0
10.2842503	69437.5	-0.0764999837	0	255	0
9.5010004	70250	-0.0764999837	0	255	0
9.56125069	70250	-0.0764999837	0	255	0
9.5010004	70148.4375	-0.0764999837	0	255	0
9.56125069	70148.4375	-0.146124989	0	255	0
9.5010004	70148.4375	-0.146124989	0	255	0
9.62150002	70250	-0.111312486	0	255	0
9.62150002	70148.4375	-0.111312486	0	255	0
9.62150002	70148.4375	-0.146124989	0	255	0
9.62150002	70250	-0.111312486	0	255	0
9.6817503	70250	-0.111312486	0	255	0
9.6817503	70250	-0.146124989	0	255	0
9.6817503	70148.4375	-0.146124989	0	255	0
9.74200058	70148.4375	-0.0764999837	0	255	0
9.6817503	70046.875	-0.0764999837	0	255	0
9.74200058	70046.875	-0.0764999837	0	255	0
9.62150002	70046.875	-0.111312486	0	255	0
9.74200058	70148.4375	-0.146124989	0	255	0
9.74200058	70046.875	-0.146124989	0	255	0
9.5010004	70148.4375	-0.146124989	0	255	0
9.62150002	70148.4375	-0.146124989	0	255	0
9.5010004	70148.4375	-0.215749994	0	255	0
9.62150002	70250	-0.215749994	0	255	0
9.62150002	70148.4375	-0.215749994	0	255	0
9.62150002	70250	-0.0764999837	0	255	0
9.62150002	70250	-0.111312486	0	255	0
9.74200058	70250	-0.111312486	0	255	0
9.74200058	70250	-0.215749994	0	255	0
9.62150002	70046.875	-0.111312486	0	255	0
9.74200058	70046.875	-0.111312486	0	255	0
9.74200058	70046.875	-0.0764999837	0	255	0
9.74200058	70148.4375	-0.0764999837	0	255	0
9.80224991	70148.4375	-0.146124989	0	255	0
9.80224991	70148.4375	-0.146124989	0	255	0
9.80224991	70046.875	-0.0764999837	0	255	0
9.74200058	70148.4375	-0.146124989	0	255	0
9.86250019	70148.4375	-0.111312486	0	255	0
9.86250019	70148.4375	-0.146124989	0	255	0
9.86250019	70046.875	-0.111312486	0	255	0
9.74200058	70148.4375	-0.146124989	0	255	0
9.80224991	70148.4375	-0.215749994	0	255	0
9.86250019	70148.4375	-0.146124989	0	255	0
9.74200058	70148.4375	-0.215749994	0	255	0
9.74200058	70046.875	-0.215749994	0	255	0
9.86250019	70148.4375	-0.215749994	0	255	0
9.80224991	70046.875	-0.180937499	0	255	0
9.80224991	70046.875	-0.215749994	0	255	0
9.86250019	70046.875	-0.215749994	0	255	0
9.86250019	70046.875	-0.180937499	0	255	0
9.80224991	69945.3125	-0.146124989	0	255	0
9.86250019	69945.3125	-0.215749994	0	255	0
9.86250019	69945.3125	-0.180937499	0	255	0
9.80224991	69945.3125	-0.180937499	0	255	0
9.86250019	70046.875	-0.111312486	0	255	0
9.86250019	69945.3125	-0.111312486	0	255	0
9.86250019	69945.3125	-0.146124989	0	255	0
9.9829998	70046.875	-0.111312486	0	255	0
9.92275047	69843.75	-0.111312486	0	255	0
9.9829998	69843.75	-0.111312486	0	255	0
9.92275047	69843.75	-0.146124989	0	255	0
9.80224991	70046.875	-0.146124989	0	255	0
9.80224991	69945.3125	-0.215749994	0	255	0
9.86250019	69945.3125	-0.146124989	0	255	0
9.80224991	70046.875	-0.215749994	0	255	0
9.86250019	69945.3125	-0.215749994	0	255	0
9.74200058	69843.75	-0.146124989	0	255	0
9.86250019	69945.3125	-0.146124989	0	255	0
9.86250019	69945.3125	-0.215749994	0	255	0
9.9829998	70046.875	-0.215749994	0	255	0
9.9829998	69945.3125	-0.215749994	0	255	0
9.92275047	69843.75	-0.146124989	0	255	0
9.9829998	69843.75	-0.180937499	0	255	0
9.92275047	69843.75	-0.180937499	0	255	0
9.5010004	70148.4375	-0.215749994	0	255	0
9.62150002	70148.4375	-0.215749994	0	255	0
9.5010004	70148.4375	-0.285374999	0	255	0
9.62150002	70148.4375	-0.285374999	0	255	0
9.6817503	70250	-0.215749994	0	255	0
9.6817503	70250	-0.285374999	0	255	0
9.6817503	70148.4375	-0.285374999	0	255	0
9.74200058	70148.4375	-0.215749994	0	255	0
9.74200058	70046.875	-0.215749994	0	255	0
9.74200058	70148.4375	-0.285374999	0	255	0
9.74200058	70046.875	-0.285374999	0	255	0
9.5010004	70250	-0.320187509	0	255	0
9.5010004	70148.4375	-0.285374999	0	255	0
9.5010004	70148.4375	-0.320187509	0	255	0
9.62150002	70250	-0.320187509	0	255	0
9.62150002	70148.4375	-0.285374999	0	255	0
9.62150002	70148.4375	-0.320187509	0	255	0
9.62150002	70250	-0.215749994	0	255	0
9.62150002	70250	-0.250562489	0	255	0
9.74200058	70250	-0.250562489	0	255	0
9.74200058	70250	-0.354999989	0	255	0
9.62150002	70046.875	-0.250562489	0	255	0
9.74200058	70046.875	-0.250562489	0	255	0
9.74200058	70046.875	-0.215749994	0	255	0
9.74200058	70250	-0.0764999837	0	255	0
9.74200058	70250	-0.180937499	0	255	0
9.86250019	70250	-0.180937499	0	255	0
9.86250019	70250	-0.215749994	0	255	0
9.74200058	69843.75	-0.180937499	0	255	0
9.74200058	69843.75	-0.215749994	0	255	0
9.9829998	70046.875	-0.180937499	0	255	0
9.9829998	70046.875	-0.215749994	0	255	0
9.9829998	69843.75	-0.180937499	0	255	0
9.9829998	69843.75	-0.0764999837	0	255	0
9.9829998	70046.875	-0.0764999837	0	255	0
9.9829998	70046.875	-0.0416874848	0	255	0
9.9829998	69843.75	-0.0416874848	0	255	0
10.224	70046.875	-0.0416874848	0	255	0
10.224	70046.875	-0.0764999837	0	255	0
10.224	69843.75	-0.0416874848	0	255	0
9.9829998	69843.75	-0.0416874848	0	255	0
9.9829998	69640.625	-0.0416874848	0	255	0
9.9829998	69640.625	-0.0764999837	0	255	0
10.224	69843.75	-0.0416874848	0	255	0
10.224	69640.625	-0.0416874848	0	255	0
10.224	69640.625	-0.0764999837	0	255	0
10.224	69843.75	-0.0416874848	0	255	0
10.3444996	69843.75	-0.0416874848	0	255	0
10.3444996	69843.75	-0.0764999837	0	255	0
10.224	69437.5	-0.0416874848	0	255	0
10.224	69437.5	-0.0764999837	0	255	0
10.4650002	69640.625	-0.0416874848	0	255	0
10.4650002	69640.625	-0.0764999837	0	255	0
10.4650002	69437.5	-0.0416874848	0	255	0
10.4650002	69437.5	0.202000007	0	255	0
10.224	69437.5	0.202000007	0	255	0
10.224	69437.5	0.0975625068	0	255	0
10.224	69234.375	0.0975625068	0	255	0
10.224	69234.375	0.0627500117	0	255	0
10.4650002	69437.5	0.0975625068	0	255	0
10.4650002	69437.5	-0.0764999837	0	255	0
10.3444996	69031.25	0.0975625068	0	255	0
10.4650002	69031.25	0.0975625068	0	255	0
10.4650002	69031.25	0.202000007	0	255	0
10.3444996	69031.25	0.0627500117	0	255	0
10.3444996	69031.25	0.202000007	0	255	0
10.3444996	69031.25	0.167187512	0	255	0
10.4650002	69031.25	0.167187512	0	255	0
10.3444996	68828.125	0.167187512	0	255	0
10.4650002	68828.125	0.167187512	0	255	0
10.4650002	68828.125	0.202000007	0	255	0
10.3444996	68828.125	0.167187512	0	255	0
10.3444996	68828.125	0.0627500117	0	255	0
10.4650002	68828.125	0.202000007	0	255	0
10.4047499	68828.125	0.132375002	0	255	0
10.4047499	68726.5625	0.132375002	0	255	0
10.4650002	68625	0.202000007	0	255	0
10.3444996	68726.5625	0.132375002	0	255	0
10.224	68625	0.202000007	0	255	0
10.4650002	68828.125	0.0627500117	0	255	0
10.4650002	68726.5625	0.0627500117	0	255	0
10.4047499	68726.5625	0.0627500117	0	255	0
10.4650002	68625	0.0975625068	0	255	0
10.4047499	68625	0.0627500117	0	255	0
10.3444996	68625	0.0627500117	0	255	0
10.3444996	69031.25	0.0627500117	0	255	0
10.3444996	69031.25	-0.00687498599	0	255	0
10.4650002	69031.25	-0.00687498599	0	255	0
10.4047499	68929.6875	-0.00687498599	0	255	0
10.3444996	69031.25	0.0627500117	0	255	0
10.3444996	69031.25	0.0279375128	0	255	0
10.4650002	69031.25	0.0279375128	0	255	0
10.4650002	69031.25	-0.0764999837	0	255	0
10.3444996	68828.125	0.0279375128	0	255	0
10.4650002	68828.125	0.0279375128	0	255	0
10.4650002	68828.125	0.0627500117	0	255	0
10.4650002	68726.5625	0.0627500117	0	255	0
10.3444996	68726.5625	-0.00687498599	0	255	0
10.4650002	68726.5625	-0.00687498599	0	255	0
10.4047499	68726.5625	-0.00687498599	0	255	0
10.4047499	68625	0.0627500117	0	255	0
10.4047499	68625	0.0279375128	0	255	0
10.3444996	68625	0.0279375128	0	255	0
10.2842503	69437.5	-0.146124989	0	255	0
10.2842503	69437.5	-0.111312486	0	255	0
10.3444996	69437.5	-0.111312486	0	255	0
10.2842503	69335.9375	-0.111312486	0	255	0
10.3444996	69335.9375	-0.111312486	0	255	0
10.3444996	69335.9375	-0.146124989	0	255	0
10.224	69234.375	-0.0764999837	0	255	0
10.3444996	69437.5	-0.0764999837	0	255	0
10.4047499	69437.5	-0.0764999837	0	255	0
10.4047499	69437.5	-0.146124989	0	255	0
10.4047499	69335.9375	-0.146124989	0	255	0
10.4047499	69234.375	-0.0764999837	0	255	0
10.4047499	69234.375	-0.146124989	0	255	0
10.2842503	69437.5	-0.146124989	0	255	0
10.2842503	69335.9375	-0.215749994	0	255	0
10.3444996	69335.9375	-0.146124989	0	255	0
10.2842503	69437.5	-0.215749994	0	255	0
10.3444996	69437.5	-0.215749994	0	255	0
10.3444996	69335.9375	-0.215749994	0	255	0
10.224	69234.375	-0.146124989	0	255	0
10.3444996	69437.5	-0.250562489	0	255	0
10.3444996	69437.5	-0.146124989	0	255	0
10.4650002	69437.5	-0.146124989	0	255	0
10.4650002	69437.5	-0.250562489	0	255	0
10.3444996	69234.375	-0.354999989	0	255	0
10.4650002	69234.375	-0.146124989	0	255	0
10.4650002	69234.375	-0.250562489	0	255	0
10.3444996	69234.375	-0.250562489	0	255	0
10.4650002	69234.375	-0.0764999837	0	255	0
10.4047499	69132.8125	-0.146124989	0	255	0
10.3444996	69234.375	-0.180937499	0	255	0
10.4650002	69234.375	-0.180937499	0	255	0
10.4047499	69132.8125	-0.215749994	0	255	0
10.3444996	69132.8125	-0.215749994	0	255	0
10.3444996	69031.25	-0.215749994	0	255	0
10.4650002	69132.8125	-0.215749994	0	255	0
10.224	69437.5	-0.0764999837	0	255	0
10.224	69437.5	-0.180937499	0	255	0
10.224	69234.375	-0.180937499	0	255	0
10.224	69234.375	-0.215749994	0	255	0
10.4650002	69437.5	-0.180937499	0	255	0
10.4650002	69437.5	-0.354999989	0	255	0
10.3444996	69031.25	-0.180937499	0	255	0
10.4650002	69031.25	-0.180937499	0	255	0
10.4650002	69031.25	-0.0764999837	0	255	0
10.3444996	69031.25	-0.215749994	0	255	0
10.3444996	69031.25	-0.0764999837	0	255	0
10.3444996	68929.6875	-0.0764999837	0	255	0
10.4650002	68929.6875	-0.0764999837	0	255	0
10.3444996	69031.25	-0.146124989	0	255	0
10.3444996	68929.6875	-0.146124989	0	255	0
10.4650002	69031.25	-0.146124989	0	255	0
10.4650002	68929.6875	-0.146124989	0	255	0
10.3444996	69031.25	-0.0764999837	0	255	0
10.3444996	69031.25	-0.111312486	0	255	0
10.4650002	69031.25	-0.111312486	0	255	0
10.3444996	68828.125	-0.111312486	0	255	0
10.4650002	68828.125	-0.111312486	0	255	0
10.4650002	68828.125	-0.0764999837	0	255	0
10.3444996	68828.125	-0.146124989	0	255	0
