-9.13987541	66268	2.89625001	0	255	0
-9.06368828	66269.25	2.79156256	0	255	0
-8.98750019	66269.25	2.79156256	0	255	0
-8.98750019	66269.25	2.68687487	0	255	0
-9.06368828	66268	2.79156256	0	255	0
-8.98750019	66268	2.79156256	0	255	0
-9.06368828	66268	2.68687487	0	255	0
-9.06368828	66269.25	2.47749996	0	255	0
-8.98750019	66269.25	2.68687487	0	255	0
-9.06368828	66268	2.68687487	0	255	0
-9.13987541	66268	2.68687487	0	255	0
-8.98750019	66269.25	2.47749996	0	255	0
-9.06368828	66268	2.47749996	0	255	0
-8.45418739	66278.0078	3.31500006	0	255	0
-8.37800026	66278.0078	3.31500006	0	255	0
-8.45418739	66276.75	3.10562515	0	255	0
-8.37800026	66276.75	3.31500006	0	255	0
-8.45418739	66278.0078	3.10562515	0	255	0
-8.37800026	66276.75	3.10562515	0	255	0
-8.53037548	66275.5	2.89625001	0	255	0
-8.53037548	66278.0078	2.79156256	0	255	0
-8.53037548	66278.0078	3.10562515	0	255	0
-8.37800026	66278.0078	2.79156256	0	255	0
-8.53037548	66275.5	2.47749996	0	255	0
-8.37800026	66275.5	3.10562515	0	255	0
-8.37800026	66275.5	2.79156256	0	255	0
-8.53037548	66275.5	2.79156256	0	255	0
-8.75893784	66274.25	2.68687487	0	255	0
-8.6827507	66274.25	2.89625001	0	255	0
-8.75893784	66273	2.89625001	0	255	0
-8.83512497	66273	2.89625001	0	255	0
-8.6827507	66274.25	2.68687487	0	255	0
-8.75893784	66273	2.68687487	0	255	0
-8.75893784	66274.25	2.47749996	0	255	0
-8.6827507	66274.25	2.68687487	0	255	0
-8.75893784	66273	2.68687487	0	255	0
-8.83512497	66273	2.68687487	0	255	0
-8.6827507	66274.25	2.47749996	0	255	0
-8.75893784	66273	2.47749996	0	255	0
-8.6827507	66278.0078	2.58218765	0	255	0
-8.6827507	66278.0078	2.89625001	0	255	0
-8.37800026	66278.0078	2.89625001	0	255	0
-8.53037548	66278.0078	2.26812506	0	255	0
-8.37800026	66278.0078	2.26812506	0	255	0
-8.53037548	66275.5	2.26812506	0	255	0
-8.37800026	66273	2.89625001	0	255	0
-8.6827507	66275.5	2.26812506	0	255	0
-8.6827507	66273	2.26812506	0	255	0
-8.37800026	66273	2.26812506	0	255	0
-8.75893784	66273	2.89625001	0	255	0
-8.75893784	66273	2.68687487	0	255	0
-8.6827507	66273	2.68687487	0	255	0
-8.6827507	66271.75	2.68687487	0	255	0
-8.83512497	66271.75	2.89625001	0	255	0
-8.75893784	66271.75	2.68687487	0	255	0
-8.6827507	66270.5	2.89625001	0	255	0
-8.6827507	66270.5	2.79156256	0	255	0
-8.83512497	66271.75	2.68687487	0	255	0
-8.75893784	66270.5	2.68687487	0	255	0
-8.83512497	66273	2.89625001	0	255	0
-8.83512497	66273	2.79156256	0	255	0
-8.6827507	66273	2.79156256	0	255	0
-8.83512497	66270.5	2.79156256	0	255	0
-8.6827507	66270.5	2.79156256	0	255	0
-8.6827507	66270.5	2.89625001	0	255	0
-8.9113121	66270.5	2.58218741	0	255	0
-8.9113121	66270.5	2.47749996	0	255	0
-8.83512497	66270.5	2.58218741	0	255	0
-8.98750019	66269.25	2.58218741	0	255	0
-8.98750019	66269.25	2.47749996	0	255	0
-8.9113121	66269.25	2.68687487	0	255	0
-8.98750019	66268	2.58218741	0	255	0
-8.83512497	66268	2.89625001	0	255	0
-8.83512497	66268	2.58218741	0	255	0
-8.83512497	66270.5	2.79156256	0	255	0
-8.75893784	66270.5	2.89625001	0	255	0
-8.75893784	66270.5	2.79156256	0	255	0
-8.83512497	66269.25	2.89625001	0	255	0
-8.75893784	66269.25	2.68687487	0	255	0
-8.75893784	66269.25	2.79156256	0	255	0
-8.83512497	66269.25	2.79156256	0	255	0
-8.9113121	66270.5	2.68687487	0	255	0
-8.83512497	66269.25	2.68687487	0	255	0
-8.9113121	66270.5	2.47749996	0	255	0
-8.98750019	66268	2.89625001	0	255	0
-8.83512497	66269.25	2.47749996	0	255	0
-8.98750019	66269.25	2.68687487	0	255	0
-8.9113121	66269.25	2.47749996	0	255	0
-8.9113121	66268	2.68687487	0	255	0
-8.98750019	66269.25	2.47749996	0	255	0
-8.9113121	66268	2.47749996	0	255	0
-8.6827507	66273	2.79156256	0	255	0
-8.60656357	66273	2.89625001	0	255	0
-8.60656357	66273	2.79156256	0	255	0
-8.6827507	66271.75	2.89625001	0	255	0
-8.60656357	66271.75	2.68687487	0	255	0
-8.60656357	66271.75	2.79156256	0	255	0
-8.6827507	66271.75	2.79156256	0	255	0
-9.06368828	66269.25	2.26812506	0	255	0
-8.98750019	66269.25	2.47749996	0	255	0
-9.06368828	66268	2.47749996	0	255	0
-9.13987541	66268	2.47749996	0	255	0
-8.98750019	66269.25	2.26812506	0	255	0
-9.06368828	66268	2.26812506	0	255	0
-9.06368828	66269.25	2.05874991	0	255	0
-8.98750019	66269.25	2.26812506	0	255	0
-9.06368828	66268	2.26812506	0	255	0
-9.13987541	66268	2.26812506	0	255	0
-8.98750019	66269.25	2.05874991	0	255	0
-9.06368828	66268	2.05874991	0	255	0
-9.06368828	66269.25	1.84937501	0	255	0
-8.98750019	66269.25	2.05874991	0	255	0
-9.06368828	66268	2.05874991	0	255	0
-9.13987541	66268	2.05874991	0	255	0
-8.98750019	66269.25	1.84937501	0	255	0
-9.06368828	66268	1.84937501	0	255	0
-9.06368828	66269.25	1.63999999	0	255	0
-8.98750019	66269.25	1.84937501	0	255	0
-9.06368828	66268	1.84937501	0	255	0
-9.13987541	66268	1.84937501	0	255	0
-8.98750019	66269.25	1.63999999	0	255	0
-9.59700012	66258	3.31500006	0	255	0
-9.06368828	66268	1.63999999	0	255	0
-8.98750019	66273	2.68687487	0	255	0
-8.83512497	66275.5	2.58218741	0	255	0
-8.6827507	66275.5	2.58218741	0	255	0
-8.6827507	66275.5	2.47749996	0	255	0
-8.83512497	66273	2.58218741	0	255	0
-8.6827507	66273	2.58218741	0	255	0
-8.83512497	66273	2.47749996	0	255	0
-8.6827507	66278.0078	2.89625001	0	255	0
-8.6827507	66278.0078	2.79156256	0	255	0
-8.37800026	66278.0078	2.79156256	0	255	0
-8.37800026	66278.0078	1.63999999	0	255	0
-8.6827507	66273	2.79156256	0	255	0
-8.37800026	66273	2.79156256	0	255	0
-8.37800026	66273	2.89625001	0	255	0
-8.6827507	66273	2.68687487	0	255	0
-8.98750019	66273	2.47749996	0	255	0
-8.98750019	66273	2.58218741	0	255	0
-8.6827507	66273	2.58218741	0	255	0
-8.6827507	66270.5	2.58218741	0	255	0
-8.6827507	66270.5	2.47749996	0	255	0
-8.98750019	66268	2.58218741	0	255	0
-8.83512497	66268	2.58218741	0	255	0
-8.83512497	66268	2.47749996	0	255	0
-9.36843681	66264.25	1.74468756	0	255	0
-9.36843681	66264.25	1.84937501	0	255	0
-9.29224968	66264.25	1.63999999	0	255	0
-9.29224968	66264.25	1.74468756	0	255	0
-9.36843681	66263	1.63999999	0	255	0
-9.29224968	66263	1.74468756	0	255	0
-9.36843681	66263	1.74468756	0	255	0
-9.21606255	66266.75	1.74468756	0	255	0
-9.21606255	66266.75	1.84937501	0	255	0
-9.13987541	66266.75	1.63999999	0	255	0
-9.13987541	66266.75	1.74468756	0	255	0
-9.21606255	66265.5	1.63999999	0	255	0
-9.13987541	66265.5	1.74468756	0	255	0
-9.21606255	66265.5	1.74468756	0	255	0
-9.13987541	66268	1.74468756	0	255	0
-9.13987541	66268	1.63999999	0	255	0
-8.98750019	66268	1.74468756	0	255	0
-9.06368828	66266.75	1.84937501	0	255	0
-9.13987541	66265.5	1.74468756	0	255	0
-8.98750019	66265.5	1.63999999	0	255	0
-8.98750019	66265.5	1.74468756	0	255	0
-9.21606255	66265.5	1.95406246	0	255	0
-9.21606255	66265.5	2.05874991	0	255	0
-9.13987541	66265.5	1.95406246	0	255	0
-9.29224968	66264.25	1.95406246	0	255	0
-9.29224968	66264.25	2.05874991	0	255	0
-9.21606255	66264.25	1.84937501	0	255	0
-9.29224968	66263	1.95406246	0	255	0
-9.13987541	66263	1.63999999	0	255	0
-9.13987541	66263	1.95406246	0	255	0
-9.13987541	66265.5	1.74468756	0	255	0
-9.06368828	66265.5	1.63999999	0	255	0
-9.06368828	66265.5	1.74468756	0	255	0
-9.13987541	66264.25	1.63999999	0	255	0
-9.06368828	66264.25	1.84937501	0	255	0
-9.06368828	66264.25	1.74468756	0	255	0
-9.13987541	66264.25	1.74468756	0	255	0
-9.4446249	66263	2.37281251	0	255	0
-9.4446249	66263	2.47749996	0	255	0
-9.29224968	66263	2.37281251	0	255	0
-9.36843681	66261.75	2.26812506	0	255	0
-9.4446249	66260.5	2.37281251	0	255	0
-9.29224968	66260.5	2.47749996	0	255	0
-9.29224968	66260.5	2.37281251	0	255	0
-9.52081299	66260.5	2.16343737	0	255	0
-9.52081299	66260.5	2.05874991	0	255	0
-9.4446249	66260.5	2.16343737	0	255	0
-9.59700012	66259.25	2.16343737	0	255	0
-9.59700012	66259.25	2.05874991	0	255	0
-9.52081299	66259.25	2.26812506	0	255	0
-9.59700012	66258	2.16343737	0	255	0
-9.4446249	66258	2.47749996	0	255	0
-9.4446249	66258	2.16343737	0	255	0
-9.4446249	66260.5	2.37281251	0	255	0
-9.36843681	66260.5	2.47749996	0	255	0
-9.36843681	66260.5	2.37281251	0	255	0
-9.36843681	66259.25	2.26812506	0	255	0
-9.36843681	66258	2.47749996	0	255	0
-9.36843681	66258	2.37281251	0	255	0
-9.4446249	66258	2.37281251	0	255	0
-9.29224968	66263	1.74468756	0	255	0
-9.21606255	66263	1.63999999	0	255	0
-9.21606255	66263	1.74468756	0	255	0
-9.29224968	66261.75	1.63999999	0	255	0
-9.21606255	66261.75	1.84937501	0	255	0
-9.21606255	66261.75	1.74468756	0	255	0
-9.29224968	66261.75	1.74468756	0	255	0
-9.36843681	66264.25	2.26812506	0	255	0
-9.29224968	66264.25	2.47749996	0	255	0
-9.36843681	66263	2.47749996	0	255	0
-9.4446249	66263	2.47749996	0	255	0
-9.29224968	66264.25	2.26812506	0	255	0
-9.36843681	66263	2.26812506	0	255	0
-9.36843681	66264.25	2.05874991	0	255	0
-9.29224968	66264.25	2.26812506	0	255	0
-9.36843681	66263	2.26812506	0	255	0
-9.4446249	66263	2.26812506	0	255	0
-9.29224968	66264.25	2.05874991	0	255	0
-9.36843681	66263	2.05874991	0	255	0
-9.13987541	66268	2.47749996	0	255	0
-9.06368828	66268	2.47749996	0	255	0
-9.13987541	66268	2.26812506	0	255	0
-8.98750019	66268	2.37281251	0	255	0
-8.98750019	66266.75	2.37281251	0	255	0
-8.98750019	66266.75	2.26812506	0	255	0
-9.06368828	66266.75	2.26812506	0	255	0
-9.06368828	66265.5	2.47749996	0	255	0
-9.06368828	66265.5	2.26812506	0	255	0
-9.13987541	66268	1.95406246	0	255	0
-9.13987541	66268	2.26812506	0	255	0
-8.98750019	66268	1.95406246	0	255	0
-9.13987541	66265.5	1.63999999	0	255	0
-8.98750019	66265.5	2.26812506	0	255	0
-8.98750019	66265.5	1.95406246	0	255	0
-9.13987541	66265.5	1.95406246	0	255	0
-9.21606255	66265.5	2.16343737	0	255	0
-9.21606255	66265.5	2.05874991	0	255	0
-9.13987541	66265.5	2.16343737	0	255	0
-9.13987541	66264.25	2.05874991	0	255	0
-9.13987541	66264.25	2.16343737	0	255	0
-9.29224968	66264.25	2.16343737	0	255	0
-9.29224968	66264.25	2.05874991	0	255	0
-9.21606255	66264.25	2.26812506	0	255	0
-9.21606255	66263	2.05874991	0	255	0
-9.21606255	66263	2.16343737	0	255	0
-9.29224968	66263	2.16343737	0	255	0
-9.21606255	66265.5	2.26812506	0	255	0
-9.13987541	66264.25	2.26812506	0	255	0
-9.21606255	66265.5	2.05874991	0	255	0
-9.13987541	66264.25	2.05874991	0	255	0
-9.29224968	66264.25	2.26812506	0	255	0
-9.21606255	66264.25	2.05874991	0	255	0
-9.21606255	66263	2.26812506	0	255	0
-9.29224968	66264.25	2.05874991	0	255	0
-9.21606255	66263	2.05874991	0	255	0
-9.36843681	66264.25	1.84937501	0	255	0
-9.29224968	66264.25	2.05874991	0	255	0
-9.36843681	66263	2.05874991	0	255	0
-9.4446249	66263	2.05874991	0	255	0
-9.29224968	66264.25	1.84937501	0	255	0
-9.36843681	66263	1.84937501	0	255	0
-9.36843681	66264.25	1.63999999	0	255	0
-9.29224968	66264.25	1.84937501	0	255	0
-9.36843681	66263	1.84937501	0	255	0
-9.4446249	66263	1.84937501	0	255	0
-9.29224968	66264.25	1.63999999	0	255	0
-9.36843681	66263	1.63999999	0	255	0
-9.29224968	66268	2.47749996	0	255	0
-9.29224968	66268	2.16343737	0	255	0
-8.98750019	66268	2.16343737	0	255	0
-9.59700012	66258	3.31500006	0	255	0
-8.98750019	66265.5	2.16343737	0	255	0
-8.98750019	66265.5	2.05874991	0	255	0
-9.29224968	66263	2.16343737	0	255	0
-9.13987541	66263	2.16343737	0	255	0
-9.13987541	66263	2.05874991	0	255	0
-9.4446249	66263	1.74468756	0	255	0
-9.4446249	66263	1.63999999	0	255	0
-9.29224968	66263	1.74468756	0	255	0
-9.29224968	66261.75	1.63999999	0	255	0
-9.29224968	66261.75	1.74468756	0	255	0
-9.36843681	66261.75	1.84937501	0	255	0
-9.36843681	66260.5	1.63999999	0	255	0
-9.36843681	66260.5	1.74468756	0	255	0
-9.4446249	66260.5	1.74468756	0	255	0
-9.52081299	66260.5	1.95406246	0	255	0
-9.52081299	66260.5	2.05874991	0	255	0
-9.4446249	66260.5	2.05874991	0	255	0
-9.4446249	66260.5	1.95406246	0	255	0
-9.59700012	66259.25	1.95406246	0	255	0
-9.59700012	66259.25	2.05874991	0	255	0
-9.52081299	66259.25	1.84937501	0	255	0
-9.59700012	66258	1.95406246	0	255	0
-9.4446249	66258	1.63999999	0	255	0
-9.4446249	66258	1.95406246	0	255	0
-9.4446249	66259.25	1.74468756	0	255	0
-9.4446249	66259.25	1.63999999	0	255	0
-9.36843681	66259.25	1.84937501	0	255	0
-9.36843681	66259.25	1.74468756	0	255	0
-9.36843681	66259.25	1.84937501	0	255	0
-9.36843681	66258	1.63999999	0	255	0
-9.36843681	66258	1.74468756	0	255	0
-9.4446249	66258	1.74468756	0	255	0
-9.4446249	66263	2.05874991	0	255	0
-9.29224968	66261.75	2.05874991	0	255	0
-9.4446249	66263	1.84937501	0	255	0
-9.29224968	66263	1.84937501	0	255	0
-9.29224968	66261.75	1.84937501	0	255	0
-9.36843681	66261.75	1.84937501	0	255	0
-9.36843681	66260.5	2.05874991	0	255	0
-9.36843681	66260.5	1.84937501	0	255	0
-9.4446249	66263	2.05874991	0	255	0
-9.4446249	66263	1.95406246	0	255	0
-9.29224968	66263	1.95406246	0	255	0
-9.4446249	66260.5	1.95406246	0	255	0
-9.29224968	66260.5	1.95406246	0	255	0
-9.29224968	66260.5	2.05874991	0	255	0
-9.52081299	66260.5	1.74468756	0	255	0
-9.52081299	66260.5	1.63999999	0	255	0
-9.4446249	66260.5	1.74468756	0	255	0
-9.59700012	66259.25	1.74468756	0	255	0
-9.59700012	66259.25	1.63999999	0	255	0
-9.52081299	66259.25	1.84937501	0	255	0
-9.59700012	66258	1.74468756	0	255	0
-9.4446249	66258	2.05874991	0	255	0
-9.4446249	66258	1.74468756	0	255	0
-9.4446249	66259.25	1.95406246	0	255	0
-9.4446249	66259.25	2.05874991	0	255	0
-9.36843681	66259.25	1.84937501	0	255	0
-9.36843681	66259.25	1.95406246	0	255	0
-9.36843681	66259.25	1.84937501	0	255	0
-9.36843681	66258	2.05874991	0	255	0
-9.36843681	66258	1.95406246	0	255	0
-9.4446249	66258	1.95406246	0	255	0
-9.52081299	66260.5	1.84937501	0	255	0
-9.52081299	66260.5	1.63999999	0	255	0
-9.4446249	66259.25	1.63999999	0	255	0
-9.59700012	66259.25	1.84937501	0	255	0
-9.52081299	66259.25	1.63999999	0	255	0
-9.4446249	66258	1.74468756	0	255	0
-9.59700012	66259.25	1.63999999	0	255	0
-9.52081299	66258	1.63999999	0	255	0
-9.59700012	66258	1.63999999	0	255	0
-9.36843681	66260.5	1.84937501	0	255	0
-9.4446249	66259.25	1.84937501	0	255	0
-9.36843681	66259.25	1.63999999	0	255	0
-9.36843681	66260.5	1.63999999	0	255	0
-9.4446249	66259.25	1.63999999	0	255	0
