10.2867508	6.62744427	1.86125016	0	255	0
10.2867508	6.62744427	2.0250001	0	255	0
10.2941256	6.62744427	1.69750011	0	255	0
10.2867508	6.62728786	1.86125016	0	255	0
10.3015003	6.62744427	2.0250001	0	255	0
10.3015003	6.62728786	2.0250001	0	255	0
10.3015003	6.62744427	1.69750011	0	255	0
10.2941256	6.62728786	1.69750011	0	255	0
10.2867508	6.62760019	2.0250001	0	255	0
10.2867508	6.62760019	1.86125016	0	255	0
10.3015003	6.62760019	1.86125016	0	255	0
10.3015003	6.62760019	1.37000012	0	255	0
10.2867508	6.62728786	1.86125016	0	255	0
10.3015003	6.62728786	1.86125016	0	255	0
10.3015003	6.62728786	2.0250001	0	255	0
10.2867508	6.62728786	1.69750011	0	255	0
10.2867508	6.62728786	1.86125016	0	255	0
10.2941256	6.62728786	2.0250001	0	255	0
10.2941256	6.62728786	1.86125016	0	255	0
10.2867508	6.62713146	2.0250001	0	255	0
10.2867508	6.62713146	1.86125016	0	255	0
10.3015003	6.62713146	2.0250001	0	255	0
10.3015003	6.62713146	1.86125016	0	255	0
10.2941256	6.62697506	2.0250001	0	255	0
10.3015003	6.62697506	1.86125016	0	255	0
10.2941256	6.62697506	1.86125016	0	255	0
10.2941256	6.62728786	1.69750011	0	255	0
10.2941256	6.62713146	1.37000012	0	255	0
10.3015003	6.62713146	1.69750011	0	255	0
10.2941256	6.62728786	1.37000012	0	255	0
10.3015003	6.62728786	1.37000012	0	255	0
10.2941256	6.62697506	1.53375006	0	255	0
10.3015003	6.62697506	1.53375006	0	255	0
10.2941256	6.62697506	1.37000012	0	255	0
10.3015003	6.62744427	2.0250001	0	255	0
10.3088751	6.62744427	1.69750011	0	255	0
10.3162498	6.62744427	2.0250001	0	255	0
10.3015003	6.62744427	1.69750011	0	255	0
10.3162498	6.62744427	1.69750011	0	255	0
10.3015003	6.62744427	1.69750011	0	255	0
10.3088751	6.62744427	1.37000012	0	255	0
10.3162498	6.62744427	1.69750011	0	255	0
10.3015003	6.62744427	1.37000012	0	255	0
10.3162498	6.62744427	1.37000012	0	255	0
10.3015003	6.62728786	1.53375006	0	255	0
10.3162498	6.62728786	1.53375006	0	255	0
10.3088751	6.62713146	1.69750011	0	255	0
10.3015003	6.62697506	1.53375006	0	255	0
10.3162498	6.62697506	2.0250001	0	255	0
10.3162498	6.62697506	1.53375006	0	255	0
10.3162498	6.62713146	1.86125016	0	255	0
10.3162498	6.62713146	2.0250001	0	255	0
10.3236256	6.62713146	1.69750011	0	255	0
10.3236256	6.62713146	1.86125016	0	255	0
10.3236256	6.62713146	1.69750011	0	255	0
10.3236256	6.62697506	2.0250001	0	255	0
10.3236256	6.62697506	1.86125016	0	255	0
10.3162498	6.62697506	1.86125016	0	255	0
10.3088751	6.62728786	1.69750011	0	255	0
10.3162498	6.62728786	1.53375006	0	255	0
10.3088751	6.62713146	1.37000012	0	255	0
10.3162498	6.62713146	1.69750011	0	255	0
10.3162498	6.62713146	1.69750011	0	255	0
10.3236256	6.62713146	1.37000012	0	255	0
10.3236256	6.62713146	1.37000012	0	255	0
10.3236256	6.62697506	1.69750011	0	255	0
10.3162498	6.62713146	1.37000012	0	255	0
10.3236256	6.62697506	1.37000012	0	255	0
10.2867508	6.62744427	1.37000012	0	255	0
10.2941256	6.62744427	1.04250002	0	255	0
10.3015003	6.62744427	1.37000012	0	255	0
10.3015003	6.62728786	1.37000012	0	255	0
10.2867508	6.62744427	1.04250002	0	255	0
10.3015003	6.62744427	1.04250002	0	255	0
10.2867508	6.62760019	1.37000012	0	255	0
10.2867508	6.62760019	1.20625007	0	255	0
10.3015003	6.62760019	1.20625007	0	255	0
10.3015003	6.62760019	0.715000033	0	255	0
10.2867508	6.62728786	1.20625007	0	255	0
10.3015003	6.62728786	1.20625007	0	255	0
10.3015003	6.62728786	1.37000012	0	255	0
10.2941256	6.62728786	1.04250002	0	255	0
10.2941256	6.62728786	1.20625007	0	255	0
10.3015003	6.62728786	1.20625007	0	255	0
10.2941256	6.62697506	1.20625007	0	255	0
10.3015003	6.62697506	1.20625007	0	255	0
10.2941256	6.62697506	1.04250002	0	255	0
10.2941256	6.62728786	1.04250002	0	255	0
10.2941256	6.62728786	0.715000033	0	255	0
10.3015003	6.62728786	0.715000033	0	255	0
10.3015003	6.62713146	0.715000033	0	255	0
10.2867508	6.62697506	1.04250002	0	255	0
10.2941256	6.62697506	1.04250002	0	255	0
10.3015003	6.62697506	0.878750026	0	255	0
10.2941256	6.62697506	0.878750026	0	255	0
10.3015003	6.62760019	2.0250001	0	255	0
10.3015003	6.62760019	1.53375006	0	255	0
10.3310003	6.62760019	1.53375006	0	255	0
10.3310003	6.62760019	0.715000033	0	255	0
10.3015003	6.62697506	1.53375006	0	255	0
10.3310003	6.62697506	1.53375006	0	255	0
10.3310003	6.62697506	2.0250001	0	255	0
10.2941256	6.62697506	0.878750026	0	255	0
10.2941256	6.62697506	0.715000033	0	255	0
10.3015003	6.62697506	0.878750026	0	255	0
10.2941256	6.62681866	1.04250002	0	255	0
10.3015003	6.62681866	0.715000033	0	255	0
10.3015003	6.62681866	0.878750026	0	255	0
10.2941256	6.62681866	0.878750026	0	255	0
10.3015003	6.62697506	1.86125016	0	255	0
10.3088751	6.62697506	1.69750011	0	255	0
10.3088751	6.62681866	1.69750011	0	255	0
10.3015003	6.62666273	1.86125016	0	255	0
10.3088751	6.62666273	1.69750011	0	255	0
10.3236256	6.62697506	2.0250001	0	255	0
10.3236256	6.62697506	1.69750011	0	255	0
10.3236256	6.62681866	1.69750011	0	255	0
10.3310003	6.62681866	2.0250001	0	255	0
10.3310003	6.62681866	1.69750011	0	255	0
10.3088751	6.62697506	1.69750011	0	255	0
10.3015003	6.62697506	1.53375006	0	255	0
10.3015003	6.62681866	1.53375006	0	255	0
10.3015003	6.62681866	1.37000012	0	255	0
10.3162498	6.62697506	1.37000012	0	255	0
10.3088751	6.62666273	1.69750011	0	255	0
10.3088751	6.62666273	1.37000012	0	255	0
10.3162498	6.62697506	2.0250001	0	255	0
10.3162498	6.62697506	1.86125016	0	255	0
10.3310003	6.62697506	1.86125016	0	255	0
10.3310003	6.62697506	1.37000012	0	255	0
10.3162498	6.62666273	1.86125016	0	255	0
10.3310003	6.62666273	1.86125016	0	255	0
10.3310003	6.62666273	2.0250001	0	255	0
10.3088751	6.62666273	1.53375006	0	255	0
10.3088751	6.62666273	1.37000012	0	255	0
10.3162498	6.62666273	1.53375006	0	255	0
10.3088751	6.6263504	1.37000012	0	255	0
10.3162498	6.6263504	1.53375006	0	255	0
10.3088751	6.6263504	1.53375006	0	255	0
10.3162498	6.62666273	1.86125016	0	255	0
10.3236256	6.62666273	1.69750011	0	255	0
10.3236256	6.62650681	1.69750011	0	255	0
10.3162498	6.6263504	1.86125016	0	255	0
10.3236256	6.6263504	1.69750011	0	255	0
10.3015003	6.62666273	1.37000012	0	255	0
10.3015003	6.62666273	1.53375006	0	255	0
10.3015003	6.62650681	1.53375006	0	255	0
10.3015003	6.62650681	1.37000012	0	255	0
10.3162498	6.62666273	1.53375006	0	255	0
10.3088751	6.6263504	1.53375006	0	255	0
10.3162498	6.6263504	1.53375006	0	255	0
10.3088751	6.6263504	1.37000012	0	255	0
10.3310003	6.62666273	1.37000012	0	255	0
10.3236256	6.62650681	1.37000012	0	255	0
10.2867508	6.62697506	1.37000012	0	255	0
10.2867508	6.62697506	1.20625007	0	255	0
10.3015003	6.62697506	1.20625007	0	255	0
10.2867508	6.62666273	1.20625007	0	255	0
10.3015003	6.62666273	1.20625007	0	255	0
10.3015003	6.62666273	1.37000012	0	255	0
10.2867508	6.62666273	1.04250002	0	255	0
10.3015003	6.62681866	1.37000012	0	255	0
10.3015003	6.62697506	1.04250002	0	255	0
10.3015003	6.62681866	1.04250002	0	255	0
10.3088751	6.62666273	1.37000012	0	255	0
10.3088751	6.62666273	1.04250002	0	255	0
10.3236256	6.62697506	1.37000012	0	255	0
10.3236256	6.62697506	1.04250002	0	255	0
10.3236256	6.62681866	1.04250002	0	255	0
10.3310003	6.62681866	1.37000012	0	255	0
10.3310003	6.62681866	1.20625007	0	255	0
10.3310003	6.62666273	1.20625007	0	255	0
10.3236256	6.62666273	1.04250002	0	255	0
10.3088751	6.62697506	1.04250002	0	255	0
10.3015003	6.62697506	0.878750026	0	255	0
10.3015003	6.62681866	0.878750026	0	255	0
10.3015003	6.62681866	0.715000033	0	255	0
10.3162498	6.62697506	0.715000033	0	255	0
10.3088751	6.62666273	1.04250002	0	255	0
10.3088751	6.62666273	0.715000033	0	255	0
10.3162498	6.62697506	1.37000012	0	255	0
10.3162498	6.62697506	1.20625007	0	255	0
10.3310003	6.62697506	1.20625007	0	255	0
10.3310003	6.62697506	0.715000033	0	255	0
10.3162498	6.62666273	1.20625007	0	255	0
10.3310003	6.62666273	1.20625007	0	255	0
10.3310003	6.62666273	1.37000012	0	255	0
10.3088751	6.62650681	0.878750026	0	255	0
10.3088751	6.62650681	1.04250002	0	255	0
10.3162498	6.62650681	0.715000033	0	255	0
10.3162498	6.62650681	0.878750026	0	255	0
10.3088751	6.6263504	0.715000033	0	255	0
10.3162498	6.6263504	0.878750026	0	255	0
10.3088751	6.6263504	0.878750026	0	255	0
10.3162498	6.62650681	1.37000012	0	255	0
10.3236256	6.6263504	1.37000012	0	255	0
10.3162498	6.6263504	1.20625007	0	255	0
10.3088751	6.62666273	0.715000033	0	255	0
10.3088751	6.62666273	0.878750026	0	255	0
10.3162498	6.62666273	0.878750026	0	255	0
10.3088751	6.6263504	0.878750026	0	255	0
10.3162498	6.6263504	0.878750026	0	255	0
10.3162498	6.6263504	0.715000033	0	255	0
10.3088751	6.6263504	0.715000033	0	255	0
10.3162498	6.62650681	0.715000033	0	255	0
10.3310003	6.62666273	0.715000033	0	255	0
10.3236256	6.62650681	0.715000033	0	255	0
10.3162498	6.6263504	0.878750026	0	255	0
10.3236256	6.6263504	0.715000033	0	255	0
10.3310003	6.62681866	0.878750026	0	255	0
10.3310003	6.62681866	0.715000033	0	255	0
10.3383751	6.62681866	1.04250002	0	255	0
10.3383751	6.62681866	0.878750026	0	255	0
10.3383751	6.62681866	1.04250002	0	255	0
10.3383751	6.62666273	0.715000033	0	255	0
10.3383751	6.62666273	0.878750026	0	255	0
10.3310003	6.62666273	0.878750026	0	255	0
10.3310003	6.62666273	1.20625007	0	255	0
10.3310003	6.62666273	0.715000033	0	255	0
10.3383751	6.62666273	1.37000012	0	255	0
10.3383751	6.62666273	1.20625007	0	255	0
10.3383751	6.62650681	1.04250002	0	255	0
10.3383751	6.6263504	1.37000012	0	255	0
10.3383751	6.6263504	1.20625007	0	255	0
10.3310003	6.6263504	1.20625007	0	255	0
10.3310003	6.62666273	0.878750026	0	255	0
10.3310003	6.62666273	1.37000012	0	255	0
10.3457508	6.62666273	0.715000033	0	255	0
10.3457508	6.62666273	0.878750026	0	255	0
10.3383751	6.62650681	1.04250002	0	255	0
10.3310003	6.6263504	0.878750026	0	255	0
10.3457508	6.6263504	1.37000012	0	255	0
10.3457508	6.6263504	0.878750026	0	255	0
10.3310003	6.62666273	1.04250002	0	255	0
10.3383751	6.62666273	1.04250002	0	255	0
10.3310003	6.62666273	0.715000033	0	255	0
10.3383751	6.62666273	0.715000033	0	255	0
10.3383751	6.62650681	0.715000033	0	255	0
10.3383751	6.6263504	1.04250002	0	255	0
10.3457508	6.62650681	0.878750026	0	255	0
10.3457508	6.62650681	0.715000033	0	255	0
10.3457508	6.6263504	0.878750026	0	255	0
10.3457508	6.6263504	0.715000033	0	255	0
10.2793751	6.62760019	0.387500018	0	255	0
10.2793751	6.62760019	0.551250041	0	255	0
10.2867508	6.62760019	0.551250041	0	255	0
10.2867508	6.62760019	0.387500018	0	255	0
10.2793751	6.62744427	0.551250041	0	255	0
10.2867508	6.62744427	0.551250041	0	255	0
10.2867508	6.62744427	0.387500018	0	255	0
10.2720003	6.62728786	0.715000033	0	255	0
10.2867508	6.62760019	0.551250041	0	255	0
10.2867508	6.62760019	0.715000033	0	255	0
10.2941256	6.62760019	0.715000033	0	255	0
10.2941256	6.62760019	0.551250041	0	255	0
10.2941256	6.62744427	0.387500018	0	255	0
10.3015003	6.62744427	0.715000033	0	255	0
10.3015003	6.62728786	0.715000033	0	255	0
10.2867508	6.62744427	0.387500018	0	255	0
10.3015003	6.62744427	0.387500018	0	255	0
10.2793751	6.62760019	0.0600000024	0	255	0
10.2793751	6.62760019	0.22375001	0	255	0
10.2867508	6.62760019	0.22375001	0	255	0
10.2867508	6.62760019	0.0600000024	0	255	0
10.2793751	6.62744427	0.22375001	0	255	0
10.2867508	6.62744427	0.22375001	0	255	0
10.2867508	6.62744427	0.0600000024	0	255	0
10.2720003	6.62728786	0.387500018	0	255	0
10.2867508	6.62760019	0.715000033	0	255	0
10.2867508	6.62760019	0.551250041	0	255	0
10.3015003	6.62760019	0.551250041	0	255	0
10.3015003	6.62760019	0.0600000024	0	255	0
10.2867508	6.62728786	0.551250041	0	255	0
10.3015003	6.62728786	0.551250041	0	255	0
10.3015003	6.62728786	0.715000033	0	255	0
10.2941256	6.62728786	0.387500018	0	255	0
10.2941256	6.62728786	0.551250041	0	255	0
10.3015003	6.62728786	0.551250041	0	255	0
10.2941256	6.62713146	0.387500018	0	255	0
10.3015003	6.62713146	0.715000033	0	255	0
10.2941256	6.62697506	0.715000033	0	255	0
10.2941256	6.62697506	0.387500018	0	255	0
10.2867508	6.62728786	0.22375001	0	255	0
10.2941256	6.62728786	0.387500018	0	255	0
10.2867508	6.62713146	0.387500018	0	255	0
10.2867508	6.62713146	0.22375001	0	255	0
10.2941256	6.62728786	0.0600000024	0	255	0
10.3015003	6.62728786	0.22375001	0	255	0
10.3015003	6.62728786	0.0600000024	0	255	0
10.3015003	6.62713146	0.387500018	0	255	0
10.2941256	6.62697506	0.387500018	0	255	0
10.2941256	6.62697506	0.0600000024	0	255	0
10.3015003	6.62760019	0.551250041	0	255	0
10.3015003	6.62760019	0.715000033	0	255	0
10.3088751	6.62760019	0.715000033	0	255	0
10.3088751	6.62760019	0.551250041	0	255	0
10.3088751	6.62744427	0.387500018	0	255	0
10.3162498	6.62744427	0.715000033	0	255	0
10.3015003	6.62744427	0.387500018	0	255	0
10.3162498	6.62744427	0.387500018	0	255	0
10.3162498	6.62744427	0.551250041	0	255	0
10.3162498	6.62744427	0.715000033	0	255	0
10.3236256	6.62744427	0.387500018	0	255	0
10.3236256	6.62744427	0.551250041	0	255	0
10.3236256	6.62744427	0.387500018	0	255	0
10.3236256	6.62728786	0.715000033	0	255	0
10.3236256	6.62728786	0.551250041	0	255	0
10.3162498	6.62728786	0.551250041	0	255	0
10.3015003	6.62744427	0.387500018	0	255	0
10.3088751	6.62744427	0.0600000024	0	255	0
10.3162498	6.62744427	0.387500018	0	255	0
10.3162498	6.62744427	0.22375001	0	255	0
10.3162498	6.62728786	0.22375001	0	255	0
10.3015003	6.62744427	0.0600000024	0	255	0
10.3088751	6.62728786	0.0600000024	0	255	0
10.3015003	6.62728786	0.22375001	0	255	0
10.3162498	6.62728786	0.22375001	0	255	0
10.3088751	6.62713146	0.387500018	0	255	0
10.3015003	6.62697506	0.22375001	0	255	0
10.3162498	6.62697506	0.22375001	0	255	0
10.3236256	6.62713146	0.387500018	0	255	0
10.3310003	6.62713146	0.715000033	0	255	0
10.3310003	6.62713146	0.551250041	0	255	0
10.3236256	6.62697506	0.715000033	0	255	0
10.3310003	6.62697506	0.715000033	0	255	0
10.3310003	6.62697506	0.551250041	0	255	0
10.3162498	6.62713146	0.387500018	0	255	0
10.3162498	6.62713146	0.551250041	0	255	0
10.3162498	6.62697506	0.551250041	0	255	0
10.3236256	6.62697506	0.387500018	0	255	0
10.3088751	6.62713146	0.0600000024	0	255	0
10.3162498	6.62713146	0.0600000024	0	255	0
10.3162498	6.62713146	0.22375001	0	255	0
10.3162498	6.62697506	0.22375001	0	255	0
10.3310003	6.62713146	0.22375001	0	255	0
10.3310003	6.62713146	0.0600000024	0	255	0
10.3310003	6.62697506	0.22375001	0	255	0
10.2793751	6.62744427	-0.103750005	0	255	0
10.2793751	6.62744427	-0.267500013	0	255	0
10.2867508	6.62744427	0.0600000024	0	255	0
10.2867508	6.62744427	-0.103750005	0	255	0
10.2793751	6.62728786	0.0600000024	0	255	0
10.2867508	6.62728786	-0.103750005	0	255	0
10.2793751	6.62728786	-0.103750005	0	255	0
10.2867508	6.62760019	-0.267500013	0	255	0
10.2867508	6.62760019	-0.103750005	0	255	0
10.2867508	6.62744427	-0.267500013	0	255	0
10.3015003	6.62760019	-0.103750005	0	255	0
10.3015003	6.62760019	-0.267500013	0	255	0
10.2867508	6.62744427	0.0600000024	0	255	0
10.2941256	6.62744427	-0.267500013	0	255	0
10.2867508	6.62728786	-0.103750005	0	255	0
10.3015003	6.62744427	0.0600000024	0	255	0
10.2941256	6.62728786	-0.267500013	0	255	0
10.2793751	6.62760019	-0.595000029	0	255	0
10.2793751	6.62760019	-0.431250036	0	255	0
10.2867508	6.62760019	-0.431250036	0	255	0
10.2867508	6.62760019	-0.595000029	0	255	0
10.2867508	6.62744427	-0.431250036	0	255	0
10.2867508	6.62744427	-0.595000029	0	255	0
10.2720003	6.62744427	-0.595000029	0	255	0
10.2720003	6.62744427	-0.431250036	0	255	0
10.2720003	6.62728786	-0.431250036	0	255	0
10.2793751	6.62728786	-0.431250036	0	255	0
10.2793751	6.62728786	-0.595000029	0	255	0
10.2720003	6.62728786	-0.595000029	0	255	0
10.2867508	6.62760019	0.0600000024	0	255	0
10.2867508	6.62760019	-0.103750005	0	255	0
10.3015003	6.62760019	-0.103750005	0	255	0
10.3015003	6.62760019	-0.595000029	0	255	0
10.2867508	6.62728786	-0.103750005	0	255	0
10.3015003	6.62728786	-0.103750005	0	255	0
10.3015003	6.62728786	0.0600000024	0	255	0
10.2941256	6.62728786	0.0600000024	0	255	0
10.2867508	6.62728786	-0.103750005	0	255	0
10.2867508	6.62713146	-0.267500013	0	255	0
10.2867508	6.62713146	0.0600000024	0	255	0
10.2941256	6.62713146	-0.267500013	0	255	0
10.2867508	6.62697506	-0.103750005	0	255	0
10.2941256	6.62697506	-0.267500013	0	255	0
10.2720003	6.62713146	-0.595000029	0	255	0
10.2720003	6.62713146	-0.431250036	0	255	0
10.2793751	6.62713146	-0.431250036	0	255	0
10.2720003	6.62697506	-0.267500013	0	255	0
10.2720003	6.62697506	-0.431250036	0	255	0
10.2793751	6.62697506	-0.431250036	0	255	0
10.2793751	6.62697506	-0.595000029	0	255	0
10.2720003	6.62697506	-0.595000029	0	255	0
10.2867508	6.62728786	-0.431250036	0	255	0
10.2941256	6.62728786	-0.267500013	0	255	0
10.2941256	6.62728786	-0.431250036	0	255	0
10.2867508	6.62713146	-0.267500013	0	255	0
10.2867508	6.62713146	-0.431250036	0	255	0
10.3015003	6.62713146	-0.267500013	0	255	0
10.2941256	6.62697506	-0.267500013	0	255	0
10.2867508	6.62697506	-0.267500013	0	255	0
10.3015003	6.62713146	-0.595000029	0	255	0
10.2941256	6.62697506	-0.595000029	0	255	0
10.3015003	6.62760019	0.715000033	0	255	0
10.3015003	6.62760019	0.22375001	0	255	0
10.3310003	6.62760019	0.22375001	0	255	0
10.3310003	6.62760019	-0.595000029	0	255	0
10.3015003	6.62697506	0.22375001	0	255	0
10.3310003	6.62697506	0.22375001	0	255	0
10.3310003	6.62697506	0.715000033	0	255	0
10.2941256	6.62697506	-0.431250036	0	255	0
10.2941256	6.62697506	-0.595000029	0	255	0
10.3015003	6.62697506	-0.431250036	0	255	0
10.2941256	6.62681866	-0.267500013	0	255	0
10.3015003	6.62681866	-0.595000029	0	255	0
10.3015003	6.62681866	-0.431250036	0	255	0
10.2941256	6.62681866	-0.431250036	0	255	0
10.3015003	6.62681866	0.715000033	0	255	0
10.3015003	6.62697506	0.387500018	0	255	0
10.3015003	6.62681866	0.387500018	0	255	0
10.3088751	6.62666273	0.715000033	0	255	0
10.3088751	6.62666273	0.387500018	0	255	0
10.3236256	6.62697506	0.715000033	0	255	0
10.3236256	6.62697506	0.387500018	0	255	0
10.3236256	6.62681866	0.387500018	0	255	0
10.3310003	6.62681866	0.715000033	0	255	0
10.3310003	6.62681866	0.387500018	0	255	0
10.3088751	6.62697506	0.387500018	0	255	0
10.3015003	6.62697506	0.22375001	0	255	0
10.3162498	6.62697506	0.0600000024	0	255	0
10.3088751	6.62666273	0.387500018	0	255	0
10.3015003	6.62666273	0.22375001	0	255	0
10.3015003	6.62666273	0.0600000024	0	255	0
10.3162498	6.62697506	0.715000033	0	255	0
10.3162498	6.62697506	0.551250041	0	255	0
10.3310003	6.62697506	0.551250041	0	255	0
10.3162498	6.62666273	0.551250041	0	255	0
10.3310003	6.62666273	0.551250041	0	255	0
10.3310003	6.62666273	0.715000033	0	255	0
10.3088751	6.62666273	0.22375001	0	255	0
10.3088751	6.62666273	0.0600000024	0	255	0
10.3162498	6.62666273	0.22375001	0	255	0
10.3015003	6.62650681	0.22375001	0	255	0
10.3015003	6.62650681	0.0600000024	0	255	0
10.3088751	6.62650681	0.387500018	0	255	0
10.3015003	6.6263504	0.22375001	0	255	0
10.3162498	6.6263504	0.22375001	0	255	0
10.3236256	6.62650681	0.387500018	0	255	0
10.3088751	6.62666273	0.22375001	0	255	0
10.3088751	6.62666273	0.387500018	0	255	0
10.3162498	6.62666273	0.22375001	0	255	0
10.3088751	6.6263504	0.387500018	0	255	0
10.3015003	6.6263504	0.387500018	0	255	0
10.3162498	6.62650681	0.0600000024	0	255	0
10.3088751	6.6263504	0.0600000024	0	255	0
10.3236256	6.62666273	0.387500018	0	255	0
10.3162498	6.62666273	0.22375001	0	255	0
10.3310003	6.62666273	0.0600000024	0	255	0
10.3162498	6.62650681	0.387500018	0	255	0
10.3236256	6.62650681	0.0600000024	0	255	0
10.2941256	6.62697506	-0.267500013	0	255	0
10.2941256	6.62697506	-0.103750005	0	255	0
10.3015003	6.62697506	-0.103750005	0	255	0
10.3015003	6.62697506	-0.267500013	0	255	0
10.2941256	6.62666273	-0.103750005	0	255	0
10.3015003	6.62666273	-0.103750005	0	255	0
10.3015003	6.62666273	-0.267500013	0	255	0
10.2941256	6.62666273	-0.267500013	0	255	0
10.2720003	6.62666273	-0.267500013	0	255	0
10.2793751	6.62681866	-0.431250036	0	255	0
10.2867508	6.62681866	-0.431250036	0	255	0
10.2867508	6.62681866	-0.595000029	0	255	0
10.2793751	6.62666273	-0.431250036	0	255	0
10.2867508	6.62666273	-0.431250036	0	255	0
10.2793751	6.62666273	-0.595000029	0	255	0
10.2867508	6.62697506	0.0600000024	0	255	0
10.2867508	6.62697506	-0.103750005	0	255	0
10.3015003	6.62697506	-0.103750005	0	255	0
10.2867508	6.62666273	-0.103750005	0	255	0
10.3015003	6.62666273	-0.103750005	0	255	0
10.3015003	6.62666273	0.0600000024	0	255	0
10.2867508	6.62666273	-0.267500013	0	255	0
10.2867508	6.62666273	-0.431250036	0	255	0
10.2941256	6.62666273	-0.431250036	0	255	0
10.2941256	6.62666273	-0.595000029	0	255	0
10.2941256	6.62650681	-0.595000029	0	255	0
10.3015003	6.62650681	-0.267500013	0	255	0
10.3015003	6.62650681	-0.431250036	0	255	0
10.2941256	6.6263504	-0.267500013	0	255	0
10.3015003	6.6263504	-0.267500013	0	255	0
10.3015003	6.6263504	-0.431250036	0	255	0
10.2867508	6.6263504	-0.431250036	0	255	0
10.2941256	6.6263504	-0.595000029	0	255	0
10.2867508	6.6263504	-0.595000029	0	255	0
10.3162498	6.62681866	-0.267500013	0	255	0
10.3088751	6.62681866	-0.267500013	0	255	0
10.3162498	6.62666273	-0.103750005	0	255	0
10.3088751	6.62666273	-0.267500013	0	255	0
10.3162498	6.62697506	-0.103750005	0	255	0
10.3236256	6.62697506	0.0600000024	0	255	0
10.3236256	6.62697506	-0.103750005	0	255	0
10.3236256	6.62681866	-0.267500013	0	255	0
10.3236256	6.62666273	0.0600000024	0	255	0
10.3162498	6.62681866	-0.267500013	0	255	0
10.3310003	6.62681866	-0.103750005	0	255	0
10.3310003	6.62681866	-0.267500013	0	255	0
10.3310003	6.62666273	-0.103750005	0	255	0
10.3162498	6.62697506	-0.595000029	0	255	0
10.3088751	6.62681866	-0.595000029	0	255	0
10.3162498	6.62697506	0.0600000024	0	255	0
10.3162498	6.62697506	-0.103750005	0	255	0
10.3310003	6.62697506	-0.103750005	0	255	0
10.3310003	6.62697506	-0.595000029	0	255	0
10.3162498	6.62666273	-0.103750005	0	255	0
10.3310003	6.62666273	-0.103750005	0	255	0
10.3310003	6.62666273	0.0600000024	0	255	0
10.3088751	6.62650681	-0.431250036	0	255	0
10.3088751	6.62650681	-0.267500013	0	255	0
10.3162498	6.62650681	-0.595000029	0	255	0
10.3162498	6.62650681	-0.431250036	0	255	0
10.3088751	6.6263504	-0.595000029	0	255	0
10.3162498	6.6263504	-0.431250036	0	255	0
10.3088751	6.6263504	-0.431250036	0	255	0
10.3310003	6.62666273	0.0600000024	0	255	0
10.3236256	6.62650681	-0.267500013	0	255	0
10.3088751	6.62666273	-0.267500013	0	255	0
10.3015003	6.62650681	-0.267500013	0	255	0
10.3088751	6.62666273	-0.595000029	0	255	0
10.3162498	6.62650681	-0.267500013	0	255	0
10.3162498	6.62650681	-0.431250036	0	255	0
10.3088751	6.6263504	-0.267500013	0	255	0
10.3162498	6.6263504	-0.431250036	0	255	0
10.3015003	6.6263504	-0.431250036	0	255	0
10.3088751	6.6263504	-0.595000029	0	255	0
10.3015003	6.6263504	-0.595000029	0	255	0
10.3310003	6.62666273	-0.595000029	0	255	0
10.3236256	6.62650681	-0.595000029	0	255	0
10.3162498	6.6263504	-0.595000029	0	255	0
10.3310003	6.62697506	0.715000033	0	255	0
10.3310003	6.62697506	0.878750026	0	255	0
10.3457508	6.62697506	0.878750026	0	255	0
10.3457508	6.62697506	0.715000033	0	255	0
10.3310003	6.6263504	0.878750026	0	255	0
10.3457508	6.6263504	0.878750026	0	255	0
10.3457508	6.6263504	0.715000033	0	255	0
10.3088751	6.626194	-0.431250036	0	255	0
10.3088751	6.626194	-0.267500013	0	255	0
10.3162498	6.626194	-0.595000029	0	255	0
10.3162498	6.626194	-0.431250036	0	255	0
10.3088751	6.6260376	-0.595000029	0	255	0
10.3162498	6.6260376	0.0600000024	0	255	0
10.3162498	6.6260376	-0.431250036	0	255	0
10.3088751	6.6260376	-0.431250036	0	255	0
10.3162498	6.6263504	-0.431250036	0	255	0
10.3162498	6.6263504	-0.595000029	0	255	0
10.3162498	6.626194	-0.595000029	0	255	0
10.3162498	6.626194	-0.431250036	0	255	0
10.3310003	6.6263504	-0.431250036	0	255	0
10.3236256	6.6260376	-0.595000029	0	255	0
10.3310003	6.6260376	-0.431250036	0	255	0
10.3236256	6.6260376	-0.431250036	0	255	0
10.3236256	6.6260376	-0.431250036	0	255	0
10.3236256	6.6260376	-0.595000029	0	255	0
10.3310003	6.6260376	-0.431250036	0	255	0
10.3236256	6.6258812	-0.267500013	0	255	0
10.3310003	6.6258812	-0.595000029	0	255	0
10.3310003	6.6258812	-0.431250036	0	255	0
10.3236256	6.6258812	-0.431250036	0	255	0
10.3457508	6.626194	2.0250001	0	255	0
10.3310003	6.626194	1.69750011	0	255	0
10.3383751	6.626194	1.69750011	0	255	0
10.3383751	6.6260376	2.0250001	0	255	0
10.3310003	6.6260376	1.86125016	0	255	0
10.3457508	6.6260376	1.86125016	0	255	0
10.3383751	6.6260376	1.69750011	0	255	0
10.3457508	6.6263504	1.86125016	0	255	0
10.3531256	6.6263504	2.0250001	0	255	0
10.3531256	6.6263504	1.86125016	0	255	0
10.3457508	6.626194	2.0250001	0	255	0
10.3531256	6.626194	1.69750011	0	255	0
10.3457508	6.626194	1.69750011	0	255	0
10.3457508	6.6260376	1.86125016	0	255	0
10.3531256	6.6260376	1.86125016	0	255	0
10.3531256	6.6260376	1.69750011	0	255	0
10.3457508	6.6263504	1.37000012	0	255	0
10.3383751	6.626194	1.37000012	0	255	0
10.3457508	6.6263504	2.0250001	0	255	0
10.3457508	6.6263504	1.86125016	0	255	0
10.3605003	6.6263504	1.86125016	0	255	0
10.3605003	6.6263504	1.37000012	0	255	0
10.3457508	6.6260376	1.86125016	0	255	0
10.3605003	6.6260376	1.86125016	0	255	0
10.3605003	6.6260376	2.0250001	0	255	0
10.3310003	6.6260376	1.53375006	0	255	0
10.3457508	6.6260376	1.53375006	0	255	0
10.3383751	6.6258812	1.69750011	0	255	0
10.3310003	6.62572527	1.53375006	0	255	0
10.3457508	6.62572527	1.53375006	0	255	0
10.3531256	6.6260376	2.0250001	0	255	0
10.3531256	6.6260376	1.69750011	0	255	0
10.3531256	6.6258812	1.69750011	0	255	0
10.3605003	6.6258812	2.0250001	0	255	0
10.3605003	6.62572527	0.715000033	0	255	0
10.3605003	6.6258812	1.69750011	0	255	0
10.3310003	6.6258812	1.69750011	0	255	0
10.3310003	6.6258812	1.37000012	0	255	0
10.3383751	6.62572527	1.69750011	0	255	0
10.3383751	6.62572527	1.37000012	0	255	0
10.3531256	6.6260376	1.69750011	0	255	0
10.3531256	6.6260376	1.37000012	0	255	0
10.3531256	6.6258812	1.37000012	0	255	0
10.3605003	6.6258812	1.69750011	0	255	0
10.3605003	6.6258812	1.53375006	0	255	0
10.3605003	6.62572527	1.53375006	0	255	0
10.3531256	6.62572527	1.37000012	0	255	0
10.3310003	6.626194	1.37000012	0	255	0
10.3457508	6.6263504	1.37000012	0	255	0
10.3310003	6.626194	1.04250002	0	255	0
10.3383751	6.6260376	1.37000012	0	255	0
10.3383751	6.6260376	1.04250002	0	255	0
10.3457508	6.626194	1.04250002	0	255	0
10.3457508	6.626194	1.20625007	0	255	0
10.3457508	6.6260376	1.20625007	0	255	0
10.3605003	6.626194	1.20625007	0	255	0
10.3605003	6.626194	1.04250002	0	255	0
10.3605003	6.6260376	1.20625007	0	255	0
10.3457508	6.6263504	0.715000033	0	255	0
10.3383751	6.626194	0.715000033	0	255	0
10.3457508	6.6263504	1.37000012	0	255	0
10.3457508	6.6263504	1.20625007	0	255	0
10.3605003	6.6263504	1.20625007	0	255	0
10.3605003	6.6263504	0.715000033	0	255	0
10.3457508	6.6260376	1.20625007	0	255	0
10.3605003	6.6260376	1.20625007	0	255	0
10.3605003	6.6260376	1.37000012	0	255	0
10.3310003	6.6260376	0.878750026	0	255	0
10.3457508	6.6260376	0.878750026	0	255	0
10.3383751	6.6258812	1.04250002	0	255	0
10.3310003	6.62572527	0.878750026	0	255	0
10.3457508	6.62572527	0.878750026	0	255	0
10.3605003	6.6260376	1.37000012	0	255	0
10.3605003	6.6258812	1.37000012	0	255	0
10.3531256	6.6258812	1.04250002	0	255	0
10.3531256	6.62572527	1.37000012	0	255	0
10.3605003	6.62572527	1.20625007	0	255	0
10.3383751	6.6258812	0.715000033	0	255	0
10.3310003	6.62572527	0.715000033	0	255	0
10.3531256	6.6260376	1.04250002	0	255	0
10.3605003	6.6260376	0.878750026	0	255	0
10.3605003	6.6260376	0.715000033	0	255	0
10.3531256	6.6258812	0.715000033	0	255	0
10.3605003	6.6258812	1.04250002	0	255	0
10.3605003	6.6260376	1.37000012	0	255	0
10.3605003	6.6260376	1.53375006	0	255	0
10.3752499	6.6260376	1.53375006	0	255	0
10.3605003	6.62572527	1.69750011	0	255	0
10.3605003	6.62572527	1.53375006	0	255	0
10.3752499	6.62572527	1.53375006	0	255	0
10.3752499	6.62572527	1.37000012	0	255	0
10.3605003	6.62572527	1.37000012	0	255	0
10.3457508	6.62556934	0.878750026	0	255	0
10.3457508	6.62556934	0.715000033	0	255	0
10.3531256	6.62556934	1.04250002	0	255	0
10.3457508	6.62541294	0.878750026	0	255	0
10.3605003	6.62556934	0.715000033	0	255	0
10.3605003	6.62556934	0.878750026	0	255	0
10.3605003	6.62541294	0.878750026	0	255	0
10.3457508	6.62541294	0.878750026	0	255	0
10.3457508	6.62541294	1.37000012	0	255	0
10.3457508	6.62525654	0.715000033	0	255	0
10.3457508	6.62525654	0.878750026	0	255	0
10.3605003	6.62541294	0.878750026	0	255	0
10.3531256	6.62510014	0.715000033	0	255	0
10.3605003	6.62510014	0.878750026	0	255	0
10.3531256	6.62510014	0.878750026	0	255	0
10.3605003	6.62556934	1.69750011	0	255	0
10.3605003	6.62556934	1.86125016	0	255	0
10.3605003	6.62541294	1.86125016	0	255	0
10.3752499	6.62556934	1.86125016	0	255	0
10.3752499	6.62556934	1.69750011	0	255	0
10.3752499	6.62541294	1.86125016	0	255	0
10.3752499	6.62556934	1.69750011	0	255	0
10.3752499	6.62556934	1.86125016	0	255	0
10.3826256	6.62556934	1.86125016	0	255	0
10.3752499	6.62541294	1.86125016	0	255	0
10.3826256	6.62541294	1.86125016	0	255	0
10.3826256	6.62541294	1.69750011	0	255	0
10.3605003	6.62556934	1.69750011	0	255	0
10.3678751	6.62556934	1.37000012	0	255	0
10.3752499	6.62556934	1.69750011	0	255	0
10.3752499	6.62556934	1.53375006	0	255	0
10.3752499	6.62541294	1.53375006	0	255	0
10.3605003	6.62556934	1.37000012	0	255	0
10.3678751	6.62541294	1.37000012	0	255	0
10.3605003	6.62541294	1.53375006	0	255	0
10.3752499	6.62541294	1.53375006	0	255	0
10.3678751	6.62525654	1.69750011	0	255	0
10.3605003	6.62510014	1.53375006	0	255	0
10.3752499	6.62510014	1.53375006	0	255	0
10.3826256	6.62541294	1.69750011	0	255	0
10.3826256	6.62541294	1.86125016	0	255	0
10.3900003	6.62541294	1.86125016	0	255	0
10.3900003	6.62541294	1.69750011	0	255	0
10.3826256	6.62510014	1.86125016	0	255	0
10.3900003	6.62510014	1.86125016	0	255	0
10.3900003	6.62510014	1.69750011	0	255	0
10.3826256	6.62510014	1.69750011	0	255	0
10.3605003	6.62525654	1.69750011	0	255	0
10.3678751	6.62510014	1.69750011	0	255	0
10.3605003	6.62510014	1.53375006	0	255	0
10.3752499	6.62525654	1.37000012	0	255	0
10.3752499	6.62525654	1.53375006	0	255	0
10.3826256	6.62525654	1.53375006	0	255	0
10.3752499	6.62510014	1.53375006	0	255	0
10.3826256	6.62510014	1.53375006	0	255	0
10.3826256	6.62510014	1.37000012	0	255	0
10.3310003	6.62556934	1.20625007	0	255	0
10.3310003	6.62556934	1.37000012	0	255	0
10.3383751	6.62556934	1.04250002	0	255	0
10.3383751	6.62556934	1.20625007	0	255	0
10.3383751	6.62556934	1.04250002	0	255	0
10.3383751	6.62541294	1.37000012	0	255	0
10.3383751	6.62541294	1.20625007	0	255	0
10.3310003	6.62541294	1.20625007	0	255	0
10.3457508	6.62572527	1.04250002	0	255	0
10.3457508	6.62572527	1.20625007	0	255	0
10.3531256	6.62572527	1.20625007	0	255	0
10.3531256	6.62572527	1.04250002	0	255	0
10.3457508	6.62556934	1.20625007	0	255	0
10.3457508	6.62556934	1.04250002	0	255	0
10.3531256	6.62556934	1.04250002	0	255	0
10.3605003	6.62556934	1.37000012	0	255	0
10.3531256	6.62541294	1.37000012	0	255	0
10.3605003	6.62556934	1.04250002	0	255	0
10.3531256	6.62541294	1.04250002	0	255	0
10.3457508	6.62572527	1.37000012	0	255	0
10.3457508	6.62572527	1.20625007	0	255	0
10.3605003	6.62572527	1.20625007	0	255	0
10.3457508	6.62541294	1.20625007	0	255	0
10.3605003	6.62541294	1.20625007	0	255	0
10.3605003	6.62541294	1.37000012	0	255	0
10.3457508	6.62525654	1.37000012	0	255	0
10.3605003	6.62541294	1.20625007	0	255	0
10.3605003	6.62525654	1.37000012	0	255	0
10.3605003	6.62525654	1.20625007	0	255	0
10.3531256	6.62541294	1.04250002	0	255	0
10.3457508	6.62510014	1.37000012	0	255	0
10.3457508	6.62525654	1.04250002	0	255	0
10.3531256	6.62541294	0.878750026	0	255	0
10.3531256	6.62541294	1.04250002	0	255	0
10.3605003	6.62541294	0.878750026	0	255	0
10.3531256	6.62525654	0.715000033	0	255	0
10.3605003	6.62525654	1.04250002	0	255	0
10.3457508	6.62510014	1.04250002	0	255	0
10.3605003	6.62525654	0.715000033	0	255	0
10.3531256	6.62510014	0.878750026	0	255	0
10.3605003	6.62510014	0.878750026	0	255	0
10.3531256	6.62510014	0.715000033	0	255	0
10.3678751	6.62572527	1.37000012	0	255	0
10.3752499	6.62572527	1.37000012	0	255	0
10.3752499	6.62572527	1.20625007	0	255	0
10.3605003	6.62572527	1.20625007	0	255	0
10.3678751	6.62572527	1.04250002	0	255	0
10.3605003	6.62556934	1.37000012	0	255	0
10.3678751	6.62556934	1.04250002	0	255	0
10.3752499	6.62556934	1.04250002	0	255	0
10.3605003	6.62572527	0.878750026	0	255	0
10.3678751	6.62572527	1.04250002	0	255	0
10.3678751	6.62572527	0.878750026	0	255	0
10.3678751	6.62556934	0.715000033	0	255	0
10.3678751	6.62541294	1.04250002	0	255	0
10.3678751	6.62541294	0.878750026	0	255	0
10.3605003	6.62541294	0.878750026	0	255	0
10.3605003	6.62541294	0.878750026	0	255	0
10.3752499	6.62541294	0.878750026	0	255	0
10.3678751	6.62525654	1.04250002	0	255	0
10.3605003	6.62510014	0.878750026	0	255	0
10.3752499	6.62510014	0.878750026	0	255	0
10.3752499	6.62541294	1.20625007	0	255	0
10.3826256	6.62541294	1.20625007	0	255	0
10.3826256	6.62541294	1.04250002	0	255	0
10.3752499	6.62525654	1.20625007	0	255	0
10.3826256	6.62525654	1.20625007	0	255	0
10.3752499	6.62525654	1.04250002	0	255	0
10.3605003	6.62541294	0.715000033	0	255	0
10.3678751	6.62525654	0.715000033	0	255	0
10.3752499	6.62510014	1.04250002	0	255	0
10.3752499	6.62510014	0.715000033	0	255	0
10.3752499	6.62541294	0.878750026	0	255	0
10.3826256	6.62541294	1.04250002	0	255	0
10.3826256	6.62541294	0.878750026	0	255	0
10.3826256	6.62525654	0.715000033	0	255	0
10.3826256	6.62510014	1.04250002	0	255	0
10.3826256	6.62510014	0.878750026	0	255	0
10.3752499	6.62510014	0.878750026	0	255	0
10.3088751	6.6263504	0.551250041	0	255	0
10.3088751	6.6263504	0.715000033	0	255	0
10.3162498	6.6263504	0.551250041	0	255	0
10.3088751	6.626194	0.387500018	0	255	0
10.3162498	6.626194	0.715000033	0	255	0
10.3162498	6.626194	0.551250041	0	255	0
10.3088751	6.626194	0.551250041	0	255	0
10.3162498	6.6263504	0.387500018	0	255	0
10.3162498	6.626194	0.387500018	0	255	0
10.3236256	6.626194	0.387500018	0	255	0
10.3162498	6.6260376	0.551250041	0	255	0
10.3236256	6.6260376	0.387500018	0	255	0
10.3162498	6.6263504	-0.10375002	0	255	0
10.3162498	6.6263504	0.387500018	0	255	0
10.3310003	6.6263504	-0.10375002	0	255	0
10.3162498	6.6260376	-0.595000029	0	255	0
10.3310003	6.6260376	0.387500018	0	255	0
10.3310003	6.6260376	-0.10375002	0	255	0
10.3162498	6.6260376	-0.10375002	0	255	0
10.3236256	6.6260376	0.715000033	0	255	0
10.3236256	6.6258812	0.387500018	0	255	0
10.3310003	6.6258812	0.715000033	0	255	0
10.3236256	6.6260376	0.387500018	0	255	0
10.3310003	6.6258812	0.387500018	0	255	0
10.3162498	6.62572527	0.715000033	0	255	0
10.3236256	6.6260376	0.387500018	0	255	0
10.3236256	6.6258812	0.0600000024	0	255	0
10.3310003	6.6258812	0.387500018	0	255	0
10.3236256	6.6260376	0.0600000024	0	255	0
10.3310003	6.6260376	0.0600000024	0	255	0
10.3310003	6.6258812	0.0600000024	0	255	0
10.3162498	6.62572527	0.387500018	0	255	0
10.2867508	6.6263504	0.0600000024	0	255	0
10.2867508	6.6263504	-0.103750005	0	255	0
10.3015003	6.6263504	-0.103750005	0	255	0
10.3015003	6.6263504	-0.595000029	0	255	0
10.2867508	6.6260376	-0.103750005	0	255	0
10.3015003	6.6260376	-0.103750005	0	255	0
10.3015003	6.6260376	0.0600000024	0	255	0
10.2867508	6.6260376	-0.267500013	0	255	0
10.3015003	6.6263504	0.715000033	0	255	0
10.3015003	6.6263504	0.22375001	0	255	0
10.3310003	6.6263504	0.22375001	0	255	0
10.3015003	6.62572527	0.22375001	0	255	0
10.3015003	6.62572527	0.0600000024	0	255	0
10.3310003	6.62572527	0.22375001	0	255	0
10.3310003	6.62572527	0.715000033	0	255	0
10.3457508	6.6263504	0.715000033	0	255	0
10.3457508	6.6263504	0.551250041	0	255	0
10.3383751	6.6263504	0.387500018	0	255	0
10.3383751	6.626194	0.387500018	0	255	0
10.3457508	6.626194	0.387500018	0	255	0
10.3457508	6.6263504	0.551250041	0	255	0
10.3531256	6.6263504	0.551250041	0	255	0
10.3531256	6.6263504	0.387500018	0	255	0
10.3457508	6.626194	0.715000033	0	255	0
10.3531256	6.626194	0.387500018	0	255	0
10.3531256	6.626194	0.387500018	0	255	0
10.3531256	6.6260376	0.715000033	0	255	0
10.3531256	6.6260376	0.387500018	0	255	0
10.3457508	6.626194	0.387500018	0	255	0
10.3457508	6.6263504	0.0600000024	0	255	0
10.3383751	6.626194	0.0600000024	0	255	0
10.3383751	6.6260376	0.387500018	0	255	0
10.3457508	6.6260376	0.22375001	0	255	0
10.3457508	6.6263504	0.715000033	0	255	0
10.3457508	6.6263504	0.551250041	0	255	0
10.3605003	6.6263504	0.551250041	0	255	0
10.3605003	6.6263504	0.0600000024	0	255	0
10.3457508	6.6260376	0.551250041	0	255	0
10.3605003	6.6260376	0.551250041	0	255	0
10.3605003	6.6260376	0.715000033	0	255	0
10.3310003	6.6260376	0.22375001	0	255	0
10.3457508	6.6260376	0.22375001	0	255	0
10.3383751	6.6258812	0.387500018	0	255	0
10.3310003	6.62572527	0.22375001	0	255	0
10.3457508	6.62572527	0.22375001	0	255	0
10.3531256	6.6260376	0.715000033	0	255	0
10.3531256	6.6260376	0.387500018	0	255	0
10.3531256	6.6258812	0.387500018	0	255	0
10.3605003	6.6258812	0.715000033	0	255	0
10.3605003	6.62572527	-0.595000029	0	255	0
10.3605003	6.6258812	0.387500018	0	255	0
10.3383751	6.6258812	0.0600000024	0	255	0
10.3310003	6.62572527	0.0600000024	0	255	0
10.3605003	6.6260376	0.387500018	0	255	0
10.3605003	6.6260376	0.0600000024	0	255	0
10.3531256	6.6258812	0.0600000024	0	255	0
10.3457508	6.6263504	0.0600000024	0	255	0
10.3383751	6.626194	-0.267500013	0	255	0
10.3457508	6.626194	-0.267500013	0	255	0
10.3457508	6.626194	-0.103750005	0	255	0
10.3457508	6.6260376	-0.103750005	0	255	0
10.3605003	6.626194	-0.103750005	0	255	0
10.3605003	6.626194	-0.267500013	0	255	0
10.3605003	6.6260376	-0.103750005	0	255	0
10.3605003	6.6260376	-0.267500013	0	255	0
10.3310003	6.626194	-0.267500013	0	255	0
10.3310003	6.626194	-0.595000029	0	255	0
10.3457508	6.6263504	-0.595000029	0	255	0
10.3457508	6.626194	-0.595000029	0	255	0
10.3383751	6.6260376	-0.267500013	0	255	0
10.3457508	6.6260376	-0.431250036	0	255	0
10.3383751	6.6260376	-0.431250036	0	255	0
10.3457508	6.6263504	0.0600000024	0	255	0
10.3457508	6.6263504	-0.103750005	0	255	0
10.3605003	6.6263504	-0.103750005	0	255	0
10.3605003	6.6263504	-0.595000029	0	255	0
10.3457508	6.6260376	-0.103750005	0	255	0
10.3605003	6.6260376	-0.103750005	0	255	0
10.3605003	6.6260376	0.0600000024	0	255	0
10.3310003	6.6260376	-0.431250036	0	255	0
10.3310003	6.6258812	-0.595000029	0	255	0
10.3310003	6.6258812	-0.431250036	0	255	0
10.3457508	6.6260376	-0.431250036	0	255	0
10.3457508	6.6258812	-0.595000029	0	255	0
10.3457508	6.6258812	-0.431250036	0	255	0
10.3457508	6.6260376	-0.103750005	0	255	0
10.3531256	6.6260376	0.0600000024	0	255	0
10.3531256	6.6260376	-0.103750005	0	255	0
10.3531256	6.6258812	-0.267500013	0	255	0
10.3457508	6.62572527	-0.103750005	0	255	0
10.3605003	6.6258812	0.0600000024	0	255	0
10.3605003	6.6258812	-0.103750005	0	255	0
10.3605003	6.62572527	-0.103750005	0	255	0
10.3310003	6.62556934	-0.431250036	0	255	0
10.3310003	6.62556934	-0.595000029	0	255	0
10.3383751	6.62556934	-0.267500013	0	255	0
10.3383751	6.62556934	-0.431250036	0	255	0
10.3383751	6.62556934	-0.267500013	0	255	0
10.3383751	6.62541294	-0.595000029	0	255	0
10.3383751	6.62541294	-0.431250036	0	255	0
10.3310003	6.62541294	-0.431250036	0	255	0
10.3457508	6.62572527	-0.431250036	0	255	0
10.3457508	6.62572527	-0.595000029	0	255	0
10.3531256	6.62572527	-0.595000029	0	255	0
10.3531256	6.62572527	-0.431250036	0	255	0
10.3531256	6.62556934	-0.267500013	0	255	0
10.3457508	6.62541294	-0.431250036	0	255	0
10.3605003	6.62556934	-0.595000029	0	255	0
10.3605003	6.62556934	-0.431250036	0	255	0
10.3605003	6.62541294	-0.431250036	0	255	0
10.3310003	6.62541294	-0.103750005	0	255	0
10.3310003	6.62541294	-0.595000029	0	255	0
10.3457508	6.62541294	-0.103750005	0	255	0
10.3457508	6.62525654	0.0600000024	0	255	0
10.3457508	6.62525654	-0.103750005	0	255	0
10.3383751	6.62525654	-0.267500013	0	255	0
10.3383751	6.62510014	0.0600000024	0	255	0
10.3383751	6.62510014	-0.103750005	0	255	0
10.3310003	6.62510014	-0.103750005	0	255	0
10.3457508	6.62541294	-0.431250036	0	255	0
10.3457508	6.62525654	-0.595000029	0	255	0
10.3457508	6.62525654	-0.431250036	0	255	0
10.3605003	6.62541294	-0.431250036	0	255	0
10.3531256	6.62510014	-0.595000029	0	255	0
10.3605003	6.62510014	-0.431250036	0	255	0
10.3531256	6.62510014	-0.431250036	0	255	0
10.3605003	6.62556934	0.715000033	0	255	0
10.3678751	6.62556934	0.387500018	0	255	0
10.3752499	6.62556934	0.715000033	0	255	0
10.3605003	6.62556934	0.387500018	0	255	0
10.3752499	6.62556934	0.387500018	0	255	0
10.3605003	6.62572527	0.22375001	0	255	0
10.3678751	6.62572527	0.22375001	0	255	0
10.3678751	6.62572527	0.0600000024	0	255	0
10.3605003	6.62556934	0.0600000024	0	255	0
10.3605003	6.62556934	0.387500018	0	255	0
10.3678751	6.62556934	0.0600000024	0	255	0
10.3678751	6.62556934	0.0600000024	0	255	0
10.3678751	6.62541294	0.387500018	0	255	0
10.3678751	6.62541294	0.22375001	0	255	0
10.3605003	6.62541294	0.22375001	0	255	0
10.3605003	6.62541294	0.22375001	0	255	0
10.3752499	6.62541294	0.22375001	0	255	0
10.3678751	6.62525654	0.387500018	0	255	0
10.3605003	6.62510014	0.22375001	0	255	0
10.3752499	6.62510014	0.22375001	0	255	0
10.3752499	6.62525654	0.387500018	0	255	0
10.3752499	6.62525654	0.551250041	0	255	0
10.3826256	6.62525654	0.551250041	0	255	0
10.3752499	6.62510014	0.551250041	0	255	0
10.3826256	6.62510014	0.551250041	0	255	0
10.3826256	6.62510014	0.387500018	0	255	0
10.3605003	6.62541294	0.0600000024	0	255	0
10.3678751	6.62525654	0.0600000024	0	255	0
10.3752499	6.62541294	0.22375001	0	255	0
10.3826256	6.62541294	0.22375001	0	255	0
10.3826256	6.62541294	0.0600000024	0	255	0
10.3752499	6.62525654	0.387500018	0	255	0
10.3826256	6.62525654	0.0600000024	0	255	0
10.3900003	6.62525654	0.387500018	0	255	0
10.3900003	6.62510014	0.387500018	0	255	0
10.3900003	6.62525654	0.0600000024	0	255	0
10.3900003	6.62510014	0.0600000024	0	255	0
10.3531256	6.62556934	-0.103750005	0	255	0
10.3531256	6.62556934	-0.267500013	0	255	0
10.3605003	6.62556934	0.0600000024	0	255	0
10.3605003	6.62556934	-0.103750005	0	255	0
10.3531256	6.62541294	0.0600000024	0	255	0
10.3605003	6.62541294	0.0600000024	0	255	0
10.3605003	6.62541294	-0.103750005	0	255	0
10.3531256	6.62541294	-0.103750005	0	255	0
10.3531256	6.62525654	-0.103750005	0	255	0
10.3531256	6.62525654	-0.267500013	0	255	0
10.3605003	6.62525654	0.0600000024	0	255	0
10.3605003	6.62525654	-0.103750005	0	255	0
10.3531256	6.62510014	0.0600000024	0	255	0
10.3605003	6.62510014	-0.103750005	0	255	0
10.3531256	6.62510014	-0.103750005	0	255	0
10.3678751	6.62541294	-0.431250036	0	255	0
10.3678751	6.62541294	-0.595000029	0	255	0
10.3752499	6.62541294	-0.431250036	0	255	0
10.3605003	6.62525654	-0.431250036	0	255	0
10.3605003	6.62525654	-0.595000029	0	255	0
10.3678751	6.62525654	-0.267500013	0	255	0
10.3605003	6.62510014	-0.431250036	0	255	0
10.3752499	6.62510014	0.0600000024	0	255	0
10.3752499	6.62510014	-0.431250036	0	255	0
10.3752499	6.62541294	-0.103750005	0	255	0
10.3826256	6.62541294	0.0600000024	0	255	0
10.3826256	6.62541294	-0.103750005	0	255	0
10.3752499	6.62525654	0.0600000024	0	255	0
10.3826256	6.62525654	-0.267500013	0	255	0
10.3826256	6.62525654	-0.103750005	0	255	0
10.3752499	6.62525654	-0.103750005	0	255	0
