-12.7779369	6.99289989	0.185687482	0	255	0
-12.7779369	6.99289989	0.209999993	0	255	0
-12.7732496	6.99289989	0.185687482	0	255	0
-12.7779369	6.99196863	0.161374986	0	255	0
-12.7732496	6.99196863	0.209999993	0	255	0
-12.7732496	6.99196863	0.185687482	0	255	0
-12.7779369	6.99196863	0.185687482	0	255	0
-12.7873125	6.99103737	0.13706249	0	255	0
-12.7873125	6.99103737	0.112749994	0	255	0
-12.7826252	6.99103737	0.112749994	0	255	0
-12.7826252	6.99103737	0.13706249	0	255	0
-12.7873125	6.99010611	0.161374986	0	255	0
-12.7826252	6.99010611	0.112749994	0	255	0
-12.7826252	6.99010611	0.13706249	0	255	0
-12.7873125	6.99010611	0.13706249	0	255	0
-12.7826252	6.99010611	0.185687482	0	255	0
-12.7826252	6.99010611	0.209999993	0	255	0
-12.7779369	6.99010611	0.161374986	0	255	0
-12.7826252	6.98917484	0.185687482	0	255	0
-12.7732496	6.99010611	0.209999993	0	255	0
-12.7732496	6.99010611	0.185687482	0	255	0
-12.7732496	6.98917484	0.0154999942	0	255	0
-12.7732496	6.98917484	0.185687482	0	255	0
-12.7732496	6.99289989	0.185687482	0	255	0
-12.7685623	6.99289989	0.209999993	0	255	0
-12.7685623	6.99289989	0.185687482	0	255	0
-12.7685623	6.99196863	0.161374986	0	255	0
-12.7732496	6.99103737	0.185687482	0	255	0
-12.7638741	6.99196863	0.209999993	0	255	0
-12.7638741	6.99196863	0.185687482	0	255	0
-12.7638741	6.99103737	0.185687482	0	255	0
-12.7638741	6.99289989	0.185687482	0	255	0
-12.7638741	6.99289989	0.209999993	0	255	0
-12.7591867	6.99289989	0.161374986	0	255	0
-12.7591867	6.99196863	0.161374986	0	255	0
-12.7544994	6.99103737	0.209999993	0	255	0
-12.7638741	6.99196863	0.161374986	0	255	0
-12.7638741	6.99289989	0.0884374902	0	255	0
-12.7638741	6.99289989	0.161374986	0	255	0
-12.7544994	6.99289989	0.0884374902	0	255	0
-12.7638741	6.99103737	0.0154999942	0	255	0
-12.7544994	6.99103737	0.161374986	0	255	0
-12.7544994	6.99103737	0.0884374902	0	255	0
-12.7638741	6.99103737	0.0884374902	0	255	0
-12.7685623	6.99103737	0.13706249	0	255	0
-12.7685623	6.99103737	0.112749994	0	255	0
-12.7638741	6.99103737	0.13706249	0	255	0
-12.7638741	6.99010611	0.112749994	0	255	0
-12.7638741	6.99010611	0.13706249	0	255	0
-12.7732496	6.99010611	0.13706249	0	255	0
-12.7732496	6.99010611	0.112749994	0	255	0
-12.7685623	6.99010611	0.161374986	0	255	0
-12.7685623	6.98917484	0.112749994	0	255	0
-12.7685623	6.98917484	0.13706249	0	255	0
-12.7732496	6.98917484	0.13706249	0	255	0
-12.7591867	6.99103737	0.209999993	0	255	0
-12.7638741	6.99010611	0.161374986	0	255	0
-12.7544994	6.99103737	0.185687482	0	255	0
-12.7591867	6.99010611	0.161374986	0	255	0
-12.7591867	6.98917484	0.209999993	0	255	0
-12.7638741	6.98917484	0.185687482	0	255	0
-12.7544994	6.98917484	0.185687482	0	255	0
-12.7591867	6.98917484	0.161374986	0	255	0
-12.7638741	6.99103737	0.13706249	0	255	0
-12.7544994	6.99103737	0.13706249	0	255	0
-12.7591867	6.99010611	0.112749994	0	255	0
-12.7638741	6.98917484	0.13706249	0	255	0
-12.7544994	6.98917484	0.13706249	0	255	0
-12.7732496	6.99289989	0.209999993	0	255	0
-12.7732496	6.99289989	0.13706249	0	255	0
-12.7544994	6.99289989	0.13706249	0	255	0
-12.7732496	6.98917484	0.13706249	0	255	0
-12.7732496	6.98917484	0.112749994	0	255	0
-12.7544994	6.98917484	0.13706249	0	255	0
-12.7544994	6.98917484	0.209999993	0	255	0
-12.7873125	6.98917484	0.0398124941	0	255	0
-12.7873125	6.98917484	0.0154999942	0	255	0
-12.7826252	6.98917484	0.0398124941	0	255	0
-12.7826252	6.98824358	0.0154999942	0	255	0
-12.7826252	6.98824358	0.0398124941	0	255	0
-12.7919998	6.98824358	0.0398124941	0	255	0
-12.7919998	6.98824358	0.0154999942	0	255	0
-12.7873125	6.98824358	0.064124994	0	255	0
-12.7873125	6.98731232	0.0154999942	0	255	0
-12.7873125	6.98731232	0.0398124941	0	255	0
-12.7919998	6.98731232	0.0398124941	0	255	0
-12.7826252	6.98917484	0.0398124941	0	255	0
-12.7779369	6.98917484	0.0154999942	0	255	0
-12.7779369	6.98917484	0.0398124941	0	255	0
-12.7826252	6.98824358	0.0154999942	0	255	0
-12.7779369	6.98824358	0.064124994	0	255	0
-12.7779369	6.98824358	0.0398124941	0	255	0
-12.7826252	6.98824358	0.0398124941	0	255	0
-12.7826252	6.98731232	0.0398124941	0	255	0
-12.7826252	6.98731232	0.112749994	0	255	0
-12.7779369	6.98731232	0.0154999942	0	255	0
-12.7779369	6.98731232	0.0398124941	0	255	0
-12.7826252	6.98638105	0.0154999942	0	255	0
-12.7779369	6.98638105	0.064124994	0	255	0
-12.7779369	6.98638105	0.0398124941	0	255	0
-12.7826252	6.98638105	0.0398124941	0	255	0
-12.7732496	6.98731232	0.209999993	0	255	0
-12.7685623	6.98824358	0.185687482	0	255	0
-12.7638741	6.98824358	0.185687482	0	255	0
-12.7638741	6.98824358	0.161374986	0	255	0
-12.7685623	6.98731232	0.185687482	0	255	0
-12.7638741	6.98731232	0.185687482	0	255	0
-12.7685623	6.98731232	0.161374986	0	255	0
-12.7591867	6.98917484	0.161374986	0	255	0
-12.7591867	6.98917484	0.185687482	0	255	0
-12.7544994	6.98917484	0.185687482	0	255	0
-12.7544994	6.98917484	0.161374986	0	255	0
-12.7638741	6.98824358	0.161374986	0	255	0
-12.7638741	6.98824358	0.185687482	0	255	0
-12.7638741	6.98731232	0.185687482	0	255	0
-12.7544994	6.98731232	0.185687482	0	255	0
-12.7638741	6.98917484	0.209999993	0	255	0
-12.7638741	6.98917484	0.185687482	0	255	0
-12.7544994	6.98917484	0.185687482	0	255	0
-12.7638741	6.98731232	0.185687482	0	255	0
-12.7544994	6.98731232	0.185687482	0	255	0
-12.7544994	6.98731232	0.209999993	0	255	0
-12.7685623	6.98731232	0.13706249	0	255	0
-12.7685623	6.98731232	0.112749994	0	255	0
-12.7638741	6.98731232	0.13706249	0	255	0
-12.7685623	6.98544979	0.112749994	0	255	0
-12.7638741	6.98544979	0.13706249	0	255	0
-12.7685623	6.98544979	0.13706249	0	255	0
-12.7591867	6.98731232	0.161374986	0	255	0
-12.7591867	6.98731232	0.185687482	0	255	0
-12.7544994	6.98731232	0.185687482	0	255	0
-12.7638741	6.98638105	0.161374986	0	255	0
-12.7638741	6.98638105	0.185687482	0	255	0
-12.7638741	6.98544979	0.185687482	0	255	0
-12.7638741	6.98544979	0.161374986	0	255	0
-12.7544994	6.98544979	0.185687482	0	255	0
-12.7732496	6.98731232	0.13706249	0	255	0
-12.7732496	6.98731232	0.161374986	0	255	0
-12.7732496	6.98638105	0.161374986	0	255	0
-12.7732496	6.98638105	0.13706249	0	255	0
-12.7638741	6.98731232	0.13706249	0	255	0
-12.7638741	6.98638105	0.161374986	0	255	0
-12.7638741	6.98638105	0.13706249	0	255	0
-12.7591867	6.98731232	0.13706249	0	255	0
-12.7591867	6.98731232	0.161374986	0	255	0
-12.7544994	6.98731232	0.13706249	0	255	0
-12.7591867	6.98544979	0.161374986	0	255	0
-12.7544994	6.98544979	0.13706249	0	255	0
-12.7591867	6.98544979	0.13706249	0	255	0
-12.7591867	6.98917484	0.112749994	0	255	0
-12.7638741	6.98917484	0.064124994	0	255	0
-12.7638741	6.98917484	0.0884374976	0	255	0
-12.7638741	6.98824358	0.0884374976	0	255	0
-12.7638741	6.98824358	0.064124994	0	255	0
-12.7544994	6.98917484	0.064124994	0	255	0
-12.7591867	6.98731232	0.112749994	0	255	0
-12.7544994	6.98731232	0.112749994	0	255	0
-12.7591867	6.98731232	0.064124994	0	255	0
-12.7685623	6.98917484	0.0154999942	0	255	0
-12.7685623	6.98917484	0.0398124941	0	255	0
-12.7638741	6.98917484	0.0398124941	0	255	0
-12.7638741	6.98917484	0.0154999942	0	255	0
-12.7638741	6.98824358	0.0154999942	0	255	0
-12.7732496	6.98731232	0.064124994	0	255	0
-12.7685623	6.98824358	0.0154999942	0	255	0
-12.7638741	6.98824358	0.064124994	0	255	0
-12.7685623	6.98731232	0.064124994	0	255	0
-12.7638741	6.98731232	0.0398124941	0	255	0
-12.7685623	6.98731232	0.0398124941	0	255	0
-12.7638741	6.98917484	0.112749994	0	255	0
-12.7638741	6.98917484	0.0884374976	0	255	0
-12.7544994	6.98917484	0.0884374976	0	255	0
-12.7544994	6.98917484	0.0154999942	0	255	0
-12.7638741	6.98731232	0.0884374976	0	255	0
-12.7544994	6.98731232	0.0884374976	0	255	0
-12.7544994	6.98731232	0.112749994	0	255	0
-12.7638741	6.98731232	0.0884374976	0	255	0
-12.7591867	6.98731232	0.112749994	0	255	0
-12.7591867	6.98731232	0.064124994	0	255	0
-12.7544994	6.98731232	0.0884374976	0	255	0
-12.7591867	6.98638105	0.064124994	0	255	0
-12.7638741	6.98544979	0.0884374976	0	255	0
-12.7544994	6.98638105	0.112749994	0	255	0
-12.7544994	6.98544979	0.112749994	0	255	0
-12.7591867	6.98544979	0.064124994	0	255	0
-12.7685623	6.98638105	0.0398124941	0	255	0
-12.7685623	6.98638105	0.0154999942	0	255	0
-12.7638741	6.98638105	0.064124994	0	255	0
-12.7638741	6.98638105	0.0398124941	0	255	0
-12.7685623	6.98544979	0.064124994	0	255	0
-12.7638741	6.98544979	0.0398124941	0	255	0
-12.7685623	6.98544979	0.0398124941	0	255	0
-12.7638741	6.98638105	0.064124994	0	255	0
-12.7732496	6.98544979	0.112749994	0	255	0
-12.7638741	6.98638105	0.0154999942	0	255	0
-12.7544994	6.98731232	0.0154999942	0	255	0
-12.7591867	6.98544979	0.064124994	0	255	0
-12.7591867	6.98544979	0.0154999942	0	255	0
-12.7498121	6.99289989	0.209999993	0	255	0
-12.7451248	6.99289989	0.185687482	0	255	0
-12.7451248	6.99196863	0.185687482	0	255	0
-12.7451248	6.99196863	0.161374986	0	255	0
-12.7498121	6.99196863	0.161374986	0	255	0
-12.7498121	6.99103737	0.209999993	0	255	0
-12.7498121	6.99103737	0.161374986	0	255	0
-12.7451248	6.99289989	0.185687482	0	255	0
-12.7451248	6.99196863	0.185687482	0	255	0
-12.7451248	6.99196863	0.161374986	0	255	0
-12.7357502	6.99289989	0.185687482	0	255	0
-12.7357502	6.99289989	0.161374986	0	255	0
-12.7357502	6.99196863	0.185687482	0	255	0
-12.7357502	6.99196863	0.161374986	0	255	0
-12.7544994	6.99289989	0.13706249	0	255	0
-12.7451248	6.99289989	0.13706249	0	255	0
-12.7451248	6.99196863	0.161374986	0	255	0
-12.7451248	6.99196863	0.13706249	0	255	0
-12.7498121	6.99196863	0.112749994	0	255	0
-12.7498121	6.99103737	0.161374986	0	255	0
-12.7498121	6.99103737	0.13706249	0	255	0
-12.7544994	6.99103737	0.13706249	0	255	0
-12.7451248	6.99289989	0.209999993	0	255	0
-12.7451248	6.99289989	0.185687482	0	255	0
-12.7357502	6.99289989	0.185687482	0	255	0
-12.7451248	6.99103737	0.185687482	0	255	0
-12.7357502	6.99103737	0.185687482	0	255	0
-12.7357502	6.99103737	0.209999993	0	255	0
-12.7544994	6.99103737	0.13706249	0	255	0
-12.7498121	6.99103737	0.112749994	0	255	0
-12.7498121	6.99103737	0.13706249	0	255	0
-12.7498121	6.99010611	0.161374986	0	255	0
-12.7544994	6.98917484	0.13706249	0	255	0
-12.7451248	6.99010611	0.112749994	0	255	0
-12.7451248	6.99010611	0.13706249	0	255	0
-12.7451248	6.98917484	0.209999993	0	255	0
-12.7451248	6.98917484	0.13706249	0	255	0
-12.7544994	6.99103737	0.13706249	0	255	0
-12.7498121	6.99103737	0.161374986	0	255	0
-12.7498121	6.99103737	0.13706249	0	255	0
-12.7544994	6.99010611	0.161374986	0	255	0
-12.7544994	6.99010611	0.13706249	0	255	0
-12.7451248	6.99010611	0.161374986	0	255	0
-12.7451248	6.99010611	0.13706249	0	255	0
-12.7498121	6.98917484	0.161374986	0	255	0
-12.7451248	6.98917484	0.161374986	0	255	0
-12.7451248	6.98917484	0.13706249	0	255	0
-12.7498121	6.98917484	0.13706249	0	255	0
-12.7451248	6.99103737	0.13706249	0	255	0
-12.7404375	6.99103737	0.161374986	0	255	0
-12.7404375	6.99103737	0.13706249	0	255	0
-12.7451248	6.99010611	0.161374986	0	255	0
-12.7404375	6.99010611	0.112749994	0	255	0
-12.7404375	6.99010611	0.13706249	0	255	0
-12.7451248	6.99010611	0.13706249	0	255	0
-12.7544994	6.99289989	0.112749994	0	255	0
-12.7451248	6.99196863	0.064124994	0	255	0
-12.7498121	6.99196863	0.064124994	0	255	0
-12.7451248	6.99103737	0.0884374976	0	255	0
-12.7498121	6.99103737	0.064124994	0	255	0
-12.7357502	6.99196863	0.112749994	0	255	0
-12.7357502	6.99289989	0.064124994	0	255	0
-12.7357502	6.99196863	0.064124994	0	255	0
-12.7404375	6.99196863	0.064124994	0	255	0
-12.7404375	6.99103737	0.112749994	0	255	0
-12.7404375	6.99103737	0.064124994	0	255	0
-12.7451248	6.99289989	0.0398124941	0	255	0
-12.7498121	6.99289989	0.0154999942	0	255	0
-12.7498121	6.99196863	0.0154999942	0	255	0
-12.7451248	6.99103737	0.0398124941	0	255	0
-12.7498121	6.99103737	0.0154999942	0	255	0
-12.7451248	6.99289989	0.112749994	0	255	0
-12.7451248	6.99289989	0.0884374976	0	255	0
-12.7357502	6.99289989	0.0884374976	0	255	0
-12.7357502	6.99289989	0.0154999942	0	255	0
-12.7451248	6.99103737	0.0884374976	0	255	0
-12.7357502	6.99103737	0.0884374976	0	255	0
-12.7357502	6.99103737	0.112749994	0	255	0
-12.7544994	6.99103737	0.0398124941	0	255	0
-12.7451248	6.99103737	0.0398124941	0	255	0
-12.7498121	6.99010611	0.064124994	0	255	0
-12.7544994	6.98917484	0.0398124941	0	255	0
-12.7451248	6.98917484	0.112749994	0	255	0
-12.7451248	6.98917484	0.0398124941	0	255	0
-12.7451248	6.99010611	0.0884374976	0	255	0
-12.7451248	6.99010611	0.112749994	0	255	0
-12.7404375	6.99010611	0.064124994	0	255	0
-12.7404375	6.99010611	0.0884374976	0	255	0
-12.7404375	6.99010611	0.064124994	0	255	0
-12.7404375	6.98917484	0.112749994	0	255	0
-12.7404375	6.98917484	0.0884374976	0	255	0
-12.7451248	6.98917484	0.0884374976	0	255	0
-12.7544994	6.99010611	0.064124994	0	255	0
-12.7451248	6.99103737	0.0398124941	0	255	0
-12.7451248	6.99010611	0.064124994	0	255	0
-12.7451248	6.99010611	0.0398124941	0	255	0
-12.7498121	6.99103737	0.0154999942	0	255	0
-12.7544994	6.98917484	0.064124994	0	255	0
-12.7544994	6.99010611	0.0154999942	0	255	0
-12.7357502	6.99289989	0.0398124903	0	255	0
-12.7357502	6.99289989	0.112749994	0	255	0
-12.7263756	6.99289989	0.112749994	0	255	0
-12.7263756	6.99289989	0.0398124903	0	255	0
-12.7263756	6.99103737	-0.0331250131	0	255	0
-12.7263756	6.98917484	0.112749994	0	255	0
-12.7263756	6.98917484	0.0398124903	0	255	0
-12.7357502	6.98917484	0.0398124903	0	255	0
-12.7544994	6.98917484	0.0398124941	0	255	0
-12.7544994	6.98917484	0.209999993	0	255	0
-12.7498121	6.98917484	0.0154999942	0	255	0
-12.7498121	6.98917484	0.0398124941	0	255	0
-12.7498121	6.98824358	0.064124994	0	255	0
-12.7498121	6.98731232	0.0154999942	0	255	0
-12.7498121	6.98731232	0.0398124941	0	255	0
-12.7544994	6.98731232	0.0398124941	0	255	0
-12.7451248	6.98917484	0.0398124941	0	255	0
-12.7451248	6.98917484	0.0154999942	0	255	0
-12.7404375	6.98917484	0.0154999942	0	255	0
-12.7404375	6.98917484	0.0398124941	0	255	0
-12.7451248	6.98824358	0.0154999942	0	255	0
-12.7404375	6.98824358	0.064124994	0	255	0
-12.7404375	6.98824358	0.0398124941	0	255	0
-12.7451248	6.98824358	0.0398124941	0	255	0
-12.7544994	6.98731232	0.0884374976	0	255	0
-12.7544994	6.98731232	0.0154999942	0	255	0
-12.7498121	6.98731232	0.112749994	0	255	0
-12.7498121	6.98731232	0.0884374976	0	255	0
-12.7498121	6.98638105	0.064124994	0	255	0
-12.7544994	6.98544979	0.0884374976	0	255	0
-12.7451248	6.98638105	0.112749994	0	255	0
-12.7451248	6.98638105	0.0884374976	0	255	0
-12.7451248	6.98544979	0.0154999942	0	255	0
-12.7451248	6.98544979	0.0884374976	0	255	0
-12.7451248	6.98638105	0.0398124941	0	255	0
-12.7451248	6.98638105	0.0154999942	0	255	0
-12.7404375	6.98638105	0.064124994	0	255	0
-12.7404375	6.98638105	0.0398124941	0	255	0
-12.7404375	6.98638105	0.064124994	0	255	0
-12.7404375	6.98544979	0.0154999942	0	255	0
-12.7404375	6.98544979	0.0398124941	0	255	0
-12.7451248	6.98544979	0.0398124941	0	255	0
-12.7544994	6.98917484	0.112749994	0	255	0
-12.7498121	6.98917484	0.112749994	0	255	0
-12.7498121	6.98917484	0.064124994	0	255	0
-12.7498121	6.98824358	0.064124994	0	255	0
-12.7451248	6.98824358	0.112749994	0	255	0
-12.7451248	6.98824358	0.0884374976	0	255	0
-12.7451248	6.98731232	0.0884374976	0	255	0
-12.7498121	6.98731232	0.064124994	0	255	0
-12.7498121	6.98917484	0.064124994	0	255	0
-12.7544994	6.98917484	0.0154999942	0	255	0
-12.7498121	6.98917484	0.0154999942	0	255	0
-12.7544994	6.98824358	0.0154999942	0	255	0
-12.7498121	6.98824358	0.0154999942	0	255	0
-12.7544994	6.98731232	0.0398124941	0	255	0
-12.7451248	6.98824358	0.064124994	0	255	0
-12.7451248	6.98824358	0.0398124941	0	255	0
-12.7451248	6.98731232	0.0398124941	0	255	0
-12.7544994	6.98731232	0.0398124941	0	255	0
-12.7451248	6.98731232	0.0398124941	0	255	0
-12.7498121	6.98638105	0.064124994	0	255	0
-12.7544994	6.98544979	0.0398124941	0	255	0
-12.7451248	6.98544979	0.0398124941	0	255	0
-12.7404375	6.98731232	0.112749994	0	255	0
-12.7404375	6.98731232	0.064124994	0	255	0
-12.7404375	6.98638105	0.064124994	0	255	0
-12.7404375	6.98544979	0.112749994	0	255	0
-12.7404375	6.98544979	0.064124994	0	255	0
-12.7451248	6.98638105	0.064124994	0	255	0
-12.7544994	6.98731232	0.0154999942	0	255	0
-12.7451248	6.98638105	0.0154999942	0	255	0
-12.7498121	6.98638105	0.0154999942	0	255	0
-12.7498121	6.98544979	0.064124994	0	255	0
-12.7498121	6.98544979	0.0154999942	0	255	0
-12.7357502	6.98731232	0.064124994	0	255	0
-12.7357502	6.98731232	0.0398124941	0	255	0
-12.7357502	6.98638105	0.064124994	0	255	0
-12.7357502	6.98638105	0.0398124941	0	255	0
-12.7404375	6.98731232	0.0154999942	0	255	0
-12.7451248	6.98638105	0.0154999942	0	255	0
-12.7404375	6.98638105	0.0154999942	0	255	0
-12.7404375	6.98544979	0.064124994	0	255	0
-12.7404375	6.98544979	0.0398124941	0	255	0
-12.7451248	6.98544979	0.0398124941	0	255	0
-12.7357502	6.98638105	0.0398124941	0	255	0
-12.7357502	6.98638105	0.0154999942	0	255	0
-12.7310629	6.98638105	0.064124994	0	255	0
-12.7357502	6.98544979	0.0398124941	0	255	0
-12.7263756	6.98638105	0.0154999942	0	255	0
-12.7263756	6.98638105	0.0398124941	0	255	0
-12.7263756	6.98544979	0.112749994	0	255	0
-12.7263756	6.98544979	0.0398124941	0	255	0
-12.7638741	6.99289989	-0.0331250057	0	255	0
-12.7638741	6.99289989	-0.00881250575	0	255	0
-12.7544994	6.99289989	-0.00881250575	0	255	0
-12.7638741	6.99103737	-0.00881250575	0	255	0
-12.7544994	6.99103737	-0.00881250575	0	255	0
-12.7685623	6.99289989	-0.0817500055	0	255	0
-12.7685623	6.99289989	-0.0574375056	0	255	0
-12.7638741	6.99289989	-0.0574375056	0	255	0
-12.7638741	6.99289989	-0.0817500055	0	255	0
-12.7732496	6.99196863	-0.0574375056	0	255	0
-12.7732496	6.99196863	-0.0331250057	0	255	0
-12.7685623	6.99196863	-0.0817500055	0	255	0
-12.7732496	6.99103737	-0.0574375056	0	255	0
-12.7638741	6.99196863	-0.0331250057	0	255	0
-12.7685623	6.99103737	-0.0817500055	0	255	0
-12.7638741	6.99289989	-0.106062509	0	255	0
-12.7638741	6.99289989	-0.0331250057	0	255	0
-12.7544994	6.99289989	-0.106062509	0	255	0
-12.7638741	6.99103737	-0.179000005	0	255	0
-12.7544994	6.99103737	-0.0331250057	0	255	0
-12.7544994	6.99103737	-0.106062509	0	255	0
-12.7638741	6.99103737	-0.106062509	0	255	0
-12.7638741	6.99103737	-0.00881250575	0	255	0
-12.7544994	6.99103737	-0.00881250575	0	255	0
-12.7544994	6.99010611	-0.00881250575	0	255	0
-12.7544994	6.99010611	-0.0331250057	0	255	0
-12.7638741	6.98917484	-0.00881250575	0	255	0
-12.7591867	6.98917484	-0.00881250575	0	255	0
-12.7591867	6.98917484	-0.0331250057	0	255	0
-12.7685623	6.99103737	-0.0817500055	0	255	0
-12.7685623	6.99103737	-0.0574375056	0	255	0
-12.7638741	6.99103737	-0.0574375056	0	255	0
-12.7685623	6.99010611	-0.0817500055	0	255	0
-12.7638741	6.99010611	-0.0331250057	0	255	0
-12.7685623	6.98917484	-0.0331250057	0	255	0
-12.7638741	6.98917484	-0.0817500055	0	255	0
-12.7685623	6.98917484	-0.0817500055	0	255	0
-12.7544994	6.99010611	-0.0331250057	0	255	0
-12.7638741	6.99010611	-0.0817500055	0	255	0
-12.7544994	6.99103737	-0.0817500055	0	255	0
-12.7591867	6.99010611	-0.0817500055	0	255	0
-12.7591867	6.98917484	-0.0331250057	0	255	0
-12.7638741	6.98917484	-0.0574375056	0	255	0
-12.7544994	6.98917484	-0.0574375056	0	255	0
-12.7591867	6.98917484	-0.0817500055	0	255	0
-12.7732496	6.99289989	0.0154999942	0	255	0
-12.7732496	6.99289989	-0.0574375056	0	255	0
-12.7544994	6.99289989	-0.0574375056	0	255	0
-12.7544994	6.99289989	-0.179000005	0	255	0
-12.7732496	6.98917484	-0.0574375056	0	255	0
-12.7732496	6.98917484	-0.0817500055	0	255	0
-12.7544994	6.98917484	-0.0574375056	0	255	0
-12.7544994	6.98917484	0.0154999942	0	255	0
-12.7591867	6.98917484	-0.0331250057	0	255	0
-12.7591867	6.98917484	-0.00881250575	0	255	0
-12.7544994	6.98917484	-0.00881250575	0	255	0
-12.7544994	6.98917484	-0.0331250057	0	255	0
-12.7638741	6.98824358	-0.0331250057	0	255	0
-12.7638741	6.98824358	-0.00881250575	0	255	0
-12.7638741	6.98731232	-0.00881250575	0	255	0
-12.7544994	6.98731232	-0.00881250575	0	255	0
-12.7685623	6.98917484	-0.0817500055	0	255	0
-12.7685623	6.98917484	-0.0574375056	0	255	0
-12.7638741	6.98917484	-0.0574375056	0	255	0
-12.7638741	6.98917484	-0.0817500055	0	255	0
-12.7732496	6.98824358	-0.0817500055	0	255	0
-12.7732496	6.98824358	-0.0574375056	0	255	0
-12.7732496	6.98731232	-0.0574375056	0	255	0
-12.7732496	6.98731232	-0.0817500055	0	255	0
-12.7638741	6.98731232	-0.0574375056	0	255	0
-12.7638741	6.98917484	0.0154999942	0	255	0
-12.7638741	6.98917484	-0.00881250575	0	255	0
-12.7544994	6.98917484	-0.00881250575	0	255	0
-12.7638741	6.98731232	-0.00881250575	0	255	0
-12.7544994	6.98731232	-0.00881250575	0	255	0
-12.7544994	6.98731232	0.0154999942	0	255	0
-12.7638741	6.98731232	-0.00881250575	0	255	0
-12.7638741	6.98638105	-0.00881250575	0	255	0
-12.7638741	6.98638105	-0.0331250057	0	255	0
-12.7544994	6.98731232	-0.00881250575	0	255	0
-12.7591867	6.98544979	-0.00881250575	0	255	0
-12.7544994	6.98544979	-0.00881250575	0	255	0
-12.7591867	6.98544979	-0.0331250057	0	255	0
-12.7685623	6.98731232	-0.0574375056	0	255	0
-12.7685623	6.98731232	-0.0331250057	0	255	0
-12.7638741	6.98731232	-0.0574375056	0	255	0
-12.7685623	6.98638105	-0.0817500055	0	255	0
-12.7638741	6.98638105	-0.0331250057	0	255	0
-12.7732496	6.98544979	-0.0331250057	0	255	0
-12.7638741	6.98638105	-0.0817500055	0	255	0
-12.7685623	6.98544979	-0.0574375056	0	255	0
-12.7638741	6.98544979	-0.0574375056	0	255	0
-12.7685623	6.98544979	-0.0817500055	0	255	0
-12.7591867	6.98731232	-0.0331250057	0	255	0
-12.7638741	6.98731232	-0.0574375056	0	255	0
-12.7544994	6.98731232	-0.0817500055	0	255	0
-12.7544994	6.98638105	-0.0817500055	0	255	0
-12.7638741	6.98638105	-0.0331250057	0	255	0
-12.7591867	6.98638105	-0.0817500055	0	255	0
-12.7544994	6.98544979	-0.0574375056	0	255	0
-12.7591867	6.98544979	-0.0817500055	0	255	0
-12.7638741	6.98731232	-0.130374998	0	255	0
-12.7638741	6.98731232	-0.106062502	0	255	0
-12.7638741	6.98638105	-0.106062502	0	255	0
-12.7638741	6.98638105	-0.130374998	0	255	0
-12.7544994	6.98731232	-0.106062502	0	255	0
-12.7544994	6.98731232	-0.130374998	0	255	0
-12.7544994	6.98638105	-0.106062502	0	255	0
-12.7544994	6.98638105	-0.130374998	0	255	0
-12.7544994	6.99289989	0.209999993	0	255	0
-12.7544994	6.99289989	0.0398124941	0	255	0
-12.7357502	6.99289989	0.0398124941	0	255	0
-12.7357502	6.99289989	0.0154999942	0	255	0
-12.7544994	6.98917484	0.0398124941	0	255	0
-12.7357502	6.98917484	0.0398124941	0	255	0
-12.7544994	6.98544979	0.112749994	0	255	0
-12.7544994	6.98917484	0.0398124941	0	255	0
-12.7451248	6.98917484	0.0398124941	0	255	0
-12.7451248	6.98917484	0.0154999942	0	255	0
-12.7544994	6.98544979	0.0398124941	0	255	0
-12.7357502	6.98731232	0.0398124941	0	255	0
-12.7357502	6.98731232	0.0154999942	0	255	0
-12.7357502	6.98544979	0.0398124941	0	255	0
-12.7357502	6.98544979	0.0154999942	0	255	0
-12.7638741	6.98544979	-0.154687494	0	255	0
-12.7638741	6.98544979	-0.179000005	0	255	0
-12.7544994	6.98544979	-0.179000005	0	255	0
-12.7544994	6.98544979	-0.154687494	0	255	0
-12.7591867	6.98451853	-0.130374998	0	255	0
-12.7638741	6.98358727	-0.154687494	0	255	0
-12.7544994	6.98358727	-0.154687494	0	255	0
-12.7685623	6.982656	-0.106062502	0	255	0
-12.7685623	6.982656	-0.130374998	0	255	0
-12.7638741	6.982656	-0.0817500055	0	255	0
-12.7638741	6.982656	-0.106062502	0	255	0
-12.7685623	6.98172474	-0.0817500055	0	255	0
-12.7638741	6.98172474	-0.179000005	0	255	0
-12.7638741	6.98172474	-0.106062502	0	255	0
-12.7685623	6.98172474	-0.106062502	0	255	0
-12.7591867	6.98358727	-0.154687494	0	255	0
-12.7591867	6.98358727	-0.179000005	0	255	0
-12.7544994	6.98358727	-0.154687494	0	255	0
-12.7591867	6.98172474	-0.179000005	0	255	0
-12.7544994	6.98172474	-0.179000005	0	255	0
-12.7544994	6.98172474	-0.154687494	0	255	0
-12.7591867	6.98172474	-0.154687494	0	255	0
-12.7591867	6.97893095	-0.154687494	0	255	0
-12.7591867	6.97893095	-0.130374998	0	255	0
-12.7544994	6.97893095	-0.179000005	0	255	0
-12.7544994	6.97893095	-0.154687494	0	255	0
-12.7591867	6.97799969	-0.179000005	0	255	0
-12.7544994	6.97799969	-0.154687494	0	255	0
-12.7591867	6.97799969	-0.154687494	0	255	0
-12.7544994	6.98544979	0.185687482	0	255	0
-12.7451248	6.98544979	0.185687482	0	255	0
-12.7544994	6.98358727	0.185687482	0	255	0
-12.7544994	6.98358727	0.161374986	0	255	0
-12.7451248	6.98358727	0.185687482	0	255	0
-12.7451248	6.98544979	0.185687482	0	255	0
-12.7357502	6.98544979	0.185687482	0	255	0
-12.7357502	6.98544979	0.161374986	0	255	0
-12.7451248	6.98358727	0.185687482	0	255	0
-12.7357502	6.98358727	0.185687482	0	255	0
-12.7544994	6.98544979	0.13706249	0	255	0
-12.7498121	6.98544979	0.161374986	0	255	0
-12.7498121	6.98544979	0.13706249	0	255	0
-12.7544994	6.98451853	0.161374986	0	255	0
-12.7544994	6.98451853	0.13706249	0	255	0
-12.7451248	6.98451853	0.161374986	0	255	0
-12.7451248	6.98451853	0.13706249	0	255	0
-12.7498121	6.98358727	0.161374986	0	255	0
-12.7451248	6.98358727	0.13706249	0	255	0
-12.7498121	6.98358727	0.13706249	0	255	0
-12.7451248	6.98544979	0.209999993	0	255	0
-12.7451248	6.98544979	0.185687482	0	255	0
-12.7357502	6.98544979	0.185687482	0	255	0
-12.7451248	6.98358727	0.185687482	0	255	0
-12.7357502	6.98358727	0.185687482	0	255	0
-12.7357502	6.98358727	0.209999993	0	255	0
-12.7498121	6.98358727	0.13706249	0	255	0
-12.7498121	6.98358727	0.112749994	0	255	0
-12.7451248	6.98358727	0.13706249	0	255	0
-12.7544994	6.982656	0.13706249	0	255	0
-12.7544994	6.982656	0.112749994	0	255	0
-12.7498121	6.982656	0.161374986	0	255	0
-12.7544994	6.98172474	0.13706249	0	255	0
-12.7451248	6.98172474	0.13706249	0	255	0
-12.7404375	6.982656	0.185687482	0	255	0
-12.7357502	6.982656	0.185687482	0	255	0
-12.7357502	6.982656	0.161374986	0	255	0
-12.7404375	6.98172474	0.185687482	0	255	0
-12.7357502	6.98172474	0.185687482	0	255	0
-12.7404375	6.98172474	0.161374986	0	255	0
-12.7498121	6.98358727	0.13706249	0	255	0
-12.7498121	6.98358727	0.161374986	0	255	0
-12.7451248	6.98358727	0.13706249	0	255	0
-12.7498121	6.982656	0.112749994	0	255	0
-12.7451248	6.982656	0.161374986	0	255	0
-12.7451248	6.982656	0.13706249	0	255	0
-12.7498121	6.982656	0.13706249	0	255	0
-12.7451248	6.98358727	0.13706249	0	255	0
-12.7357502	6.98358727	0.13706249	0	255	0
-12.7404375	6.982656	0.112749994	0	255	0
-12.7451248	6.98172474	0.13706249	0	255	0
-12.7357502	6.98172474	0.13706249	0	255	0
-12.7216873	6.98451853	0.185687482	0	255	0
-12.717	6.98451853	0.185687482	0	255	0
-12.717	6.98451853	0.161374986	0	255	0
-12.7216873	6.98358727	0.185687482	0	255	0
-12.717	6.98358727	0.185687482	0	255	0
-12.717	6.98358727	0.161374986	0	255	0
-12.7216873	6.98358727	0.161374986	0	255	0
-12.7357502	6.98544979	0.13706249	0	255	0
-12.7357502	6.98544979	0.161374986	0	255	0
-12.7310629	6.98544979	0.161374986	0	255	0
-12.7310629	6.98544979	0.13706249	0	255	0
-12.7310629	6.98451853	0.112749994	0	255	0
-12.7310629	6.98358727	0.161374986	0	255	0
-12.7310629	6.98358727	0.13706249	0	255	0
-12.7357502	6.98358727	0.13706249	0	255	0
-12.7263756	6.98544979	0.0884374902	0	255	0
-12.7263756	6.98544979	0.161374986	0	255	0
-12.717	6.98544979	0.161374986	0	255	0
-12.717	6.98544979	0.0884374902	0	255	0
-12.7263756	6.98358727	0.0154999942	0	255	0
-12.717	6.98358727	0.161374986	0	255	0
-12.717	6.98358727	0.0884374902	0	255	0
-12.7263756	6.98358727	0.0884374902	0	255	0
-12.7357502	6.98358727	0.13706249	0	255	0
-12.7357502	6.98358727	0.209999993	0	255	0
-12.7263756	6.98358727	0.13706249	0	255	0
-12.7263756	6.982656	0.112749994	0	255	0
-12.7263756	6.982656	0.13706249	0	255	0
-12.7310629	6.982656	0.161374986	0	255	0
-12.7310629	6.98172474	0.112749994	0	255	0
-12.7310629	6.98172474	0.13706249	0	255	0
-12.7357502	6.98172474	0.13706249	0	255	0
-12.7357502	6.98358727	0.13706249	0	255	0
-12.7357502	6.98358727	0.161374986	0	255	0
-12.7263756	6.98358727	0.161374986	0	255	0
-12.7263756	6.98358727	0.13706249	0	255	0
-12.7263756	6.982656	0.161374986	0	255	0
-12.7263756	6.982656	0.13706249	0	255	0
-12.7310629	6.982656	0.112749994	0	255	0
-12.7310629	6.98172474	0.161374986	0	255	0
-12.7310629	6.98172474	0.13706249	0	255	0
-12.7357502	6.98172474	0.13706249	0	255	0
-12.7544994	6.98544979	0.112749994	0	255	0
-12.7498121	6.98544979	0.112749994	0	255	0
-12.7544994	6.98451853	0.112749994	0	255	0
-12.7498121	6.98451853	0.064124994	0	255	0
-12.7498121	6.98544979	0.064124994	0	255	0
-12.7544994	6.98358727	0.112749994	0	255	0
-12.7544994	6.98451853	0.064124994	0	255	0
-12.7451248	6.98544979	0.112749994	0	255	0
-12.7357502	6.98544979	0.064124994	0	255	0
-12.7404375	6.98451853	0.064124994	0	255	0
-12.7451248	6.98544979	0.0154999942	0	255	0
-12.7498121	6.98451853	0.0154999942	0	255	0
-12.7451248	6.98544979	0.112749994	0	255	0
-12.7451248	6.98544979	0.0884374976	0	255	0
-12.7357502	6.98544979	0.0884374976	0	255	0
-12.7357502	6.98544979	0.0154999942	0	255	0
-12.7451248	6.98358727	0.0884374976	0	255	0
-12.7357502	6.98358727	0.0884374976	0	255	0
-12.7357502	6.98358727	0.112749994	0	255	0
-12.7498121	6.98358727	0.0398124941	0	255	0
-12.7498121	6.98358727	0.0154999942	0	255	0
-12.7451248	6.98358727	0.0398124941	0	255	0
-12.7498121	6.98172474	0.0154999942	0	255	0
-12.7451248	6.98172474	0.0398124941	0	255	0
-12.7498121	6.98172474	0.0398124941	0	255	0
-12.7451248	6.98358727	0.0884374976	0	255	0
-12.7404375	6.98358727	0.064124994	0	255	0
-12.7404375	6.982656	0.064124994	0	255	0
-12.7451248	6.982656	0.064124994	0	255	0
-12.7544994	6.982656	0.0154999942	0	255	0
-12.7451248	6.982656	0.0154999942	0	255	0
-12.7498121	6.982656	0.0154999942	0	255	0
-12.7544994	6.98172474	0.0398124941	0	255	0
-12.7451248	6.98172474	0.0398124941	0	255	0
-12.7451248	6.98358727	0.0398124941	0	255	0
-12.7404375	6.98358727	0.0154999942	0	255	0
-12.7357502	6.98358727	0.0154999942	0	255	0
-12.7404375	6.982656	0.0154999942	0	255	0
-12.7451248	6.982656	0.0154999942	0	255	0
-12.7451248	6.98172474	0.0154999942	0	255	0
-12.7357502	6.98544979	0.209999993	0	255	0
-12.7357502	6.98544979	0.13706249	0	255	0
-12.7263756	6.98544979	0.13706249	0	255	0
-12.7263756	6.98544979	0.112749994	0	255	0
-12.7357502	6.98172474	0.13706249	0	255	0
-12.717	6.98358727	0.13706249	0	255	0
-12.717	6.98358727	0.112749994	0	255	0
-12.717	6.98172474	0.13706249	0	255	0
-12.717	6.98172474	0.209999993	0	255	0
-12.7498121	6.98172474	0.0398124941	0	255	0
-12.7498121	6.98172474	0.0154999942	0	255	0
-12.7451248	6.98172474	0.0398124941	0	255	0
-12.7498121	6.98079348	0.064124994	0	255	0
-12.7451248	6.98079348	0.0154999942	0	255	0
-12.7451248	6.98079348	0.0398124941	0	255	0
-12.7498121	6.98079348	0.0398124941	0	255	0
-12.7451248	6.98172474	0.0398124941	0	255	0
-12.7357502	6.98172474	0.0154999942	0	255	0
-12.7357502	6.98172474	0.0398124941	0	255	0
-12.7404375	6.98079348	0.064124994	0	255	0
-12.7451248	6.97986221	0.0398124941	0	255	0
-12.7357502	6.97986221	0.0398124941	0	255	0
-12.7498121	6.97986221	0.0884374976	0	255	0
-12.7498121	6.97986221	0.112749994	0	255	0
-12.7451248	6.97986221	0.0884374976	0	255	0
-12.7544994	6.97893095	0.0884374976	0	255	0
-12.7544994	6.97893095	0.112749994	0	255	0
-12.7498121	6.97893095	0.064124994	0	255	0
-12.7544994	6.97799969	0.0884374976	0	255	0
-12.7451248	6.97799969	0.0154999942	0	255	0
-12.7451248	6.97799969	0.0884374976	0	255	0
-12.7451248	6.97986221	0.0398124941	0	255	0
-12.7357502	6.97986221	0.0398124941	0	255	0
-12.7404375	6.97893095	0.064124994	0	255	0
-12.7451248	6.97799969	0.0398124941	0	255	0
-12.7357502	6.97799969	0.209999993	0	255	0
-12.7357502	6.97799969	0.0398124941	0	255	0
-12.7357502	6.98172474	0.185687482	0	255	0
-12.7263756	6.98172474	0.185687482	0	255	0
-12.7357502	6.97986221	0.185687482	0	255	0
-12.7263756	6.97986221	0.185687482	0	255	0
-12.7263756	6.98172474	0.185687482	0	255	0
-12.7216873	6.98172474	0.185687482	0	255	0
-12.7216873	6.98172474	0.161374986	0	255	0
-12.7263756	6.97986221	0.185687482	0	255	0
-12.7216873	6.97986221	0.185687482	0	255	0
-12.7216873	6.97986221	0.161374986	0	255	0
-12.7357502	6.98172474	0.13706249	0	255	0
-12.7263756	6.98172474	0.13706249	0	255	0
-12.7310629	6.98079348	0.112749994	0	255	0
-12.7357502	6.97986221	0.13706249	0	255	0
-12.7263756	6.97986221	0.13706249	0	255	0
-12.7263756	6.98172474	0.209999993	0	255	0
-12.7263756	6.98172474	0.185687482	0	255	0
-12.717	6.98172474	0.185687482	0	255	0
-12.717	6.98172474	0.112749994	0	255	0
-12.7263756	6.97986221	0.185687482	0	255	0
-12.717	6.97986221	0.185687482	0	255	0
-12.717	6.97986221	0.209999993	0	255	0
-12.7357502	6.97986221	0.13706249	0	255	0
-12.7357502	6.97893095	0.112749994	0	255	0
-12.7357502	6.97893095	0.13706249	0	255	0
-12.7263756	6.97986221	0.13706249	0	255	0
-12.7263756	6.97893095	0.112749994	0	255	0
-12.7263756	6.97893095	0.13706249	0	255	0
-12.7357502	6.97986221	0.13706249	0	255	0
-12.7263756	6.97986221	0.13706249	0	255	0
-12.7263756	6.97893095	0.161374986	0	255	0
-12.7263756	6.97893095	0.13706249	0	255	0
-12.7310629	6.97893095	0.112749994	0	255	0
-12.7310629	6.97799969	0.161374986	0	255	0
-12.7310629	6.97799969	0.13706249	0	255	0
-12.7357502	6.97799969	0.13706249	0	255	0
-12.7498121	6.98172474	0.064124994	0	255	0
-12.7498121	6.98172474	0.0884374976	0	255	0
-12.7451248	6.98172474	0.0884374976	0	255	0
-12.7498121	6.98079348	0.0884374976	0	255	0
-12.7451248	6.98079348	0.0884374976	0	255	0
-12.7451248	6.98079348	0.064124994	0	255	0
-12.7544994	6.97986221	0.112749994	0	255	0
-12.7404375	6.98172474	0.112749994	0	255	0
-12.7404375	6.98172474	0.064124994	0	255	0
-12.7357502	6.98172474	0.064124994	0	255	0
-12.7451248	6.98079348	0.112749994	0	255	0
-12.7404375	6.98079348	0.064124994	0	255	0
-12.7451248	6.98079348	0.064124994	0	255	0
-12.7544994	6.98172474	0.064124994	0	255	0
-12.7544994	6.98079348	0.064124994	0	255	0
-12.7451248	6.98172474	0.0398124941	0	255	0
-12.7544994	6.98172474	0.0154999942	0	255	0
-12.7498121	6.98172474	0.0154999942	0	255	0
-12.7544994	6.98079348	0.0154999942	0	255	0
-12.7498121	6.97986221	0.064124994	0	255	0
-12.7451248	6.97986221	0.0398124941	0	255	0
-12.7498121	6.97986221	0.0398124941	0	255	0
-12.7451248	6.98172474	0.112749994	0	255	0
-12.7451248	6.98172474	0.0884374976	0	255	0
-12.7357502	6.98172474	0.0884374976	0	255	0
-12.7451248	6.97986221	0.0884374976	0	255	0
-12.7357502	6.97986221	0.0884374976	0	255	0
-12.7357502	6.97986221	0.112749994	0	255	0
-12.7498121	6.97986221	0.0398124941	0	255	0
-12.7498121	6.97986221	0.0154999942	0	255	0
-12.7451248	6.97986221	0.0398124941	0	255	0
-12.7544994	6.97893095	0.0398124941	0	255	0
-12.7544994	6.97893095	0.0154999942	0	255	0
-12.7498121	6.97893095	0.064124994	0	255	0
-12.7544994	6.97799969	0.0398124941	0	255	0
-12.7451248	6.97799969	0.0398124941	0	255	0
-12.7404375	6.97986221	0.112749994	0	255	0
-12.7404375	6.97986221	0.064124994	0	255	0
-12.7404375	6.97799969	0.112749994	0	255	0
-12.7451248	6.97893095	0.064124994	0	255	0
-12.7451248	6.97893095	0.0884374976	0	255	0
-12.7451248	6.97799969	0.0884374976	0	255	0
-12.7357502	6.97799969	0.064124994	0	255	0
-12.7544994	6.97986221	0.0398124941	0	255	0
-12.7544994	6.97893095	0.064124994	0	255	0
-12.7544994	6.97893095	0.0398124941	0	255	0
-12.7498121	6.97986221	0.0154999942	0	255	0
-12.7451248	6.97893095	0.0154999942	0	255	0
-12.7544994	6.97799969	0.064124994	0	255	0
-12.7498121	6.97799969	0.064124994	0	255	0
-12.7451248	6.97799969	0.0398124941	0	255	0
-12.7498121	6.97799969	0.0398124941	0	255	0
-12.7357502	6.97893095	0.064124994	0	255	0
-12.7357502	6.97986221	0.0154999942	0	255	0
-12.7404375	6.97893095	0.0154999942	0	255	0
-12.7404375	6.97799969	0.064124994	0	255	0
-12.7451248	6.97799969	0.0154999942	0	255	0
-12.7357502	6.97799969	0.0398124941	0	255	0
-12.7357502	6.98079348	0.112749994	0	255	0
-12.7263756	6.98172474	0.112749994	0	255	0
-12.7310629	6.97986221	0.112749994	0	255	0
-12.7357502	6.97986221	0.0884374976	0	255	0
-12.7263756	6.98172474	0.0884374976	0	255	0
-12.7216873	6.98172474	0.0884374976	0	255	0
-12.7216873	6.98172474	0.064124994	0	255	0
-12.7263756	6.98079348	0.064124994	0	255	0
-12.7263756	6.98079348	0.112749994	0	255	0
-12.7216873	6.98079348	0.064124994	0	255	0
-12.7263756	6.97986221	0.0884374976	0	255	0
-12.717	6.98079348	0.112749994	0	255	0
-12.717	6.97986221	0.112749994	0	255	0
-12.717	6.98079348	0.064124994	0	255	0
-12.7216873	6.97986221	0.064124994	0	255	0
-12.7263756	6.98079348	0.064124994	0	255	0
-12.7263756	6.98172474	0.0154999942	0	255	0
-12.7310629	6.98079348	0.0154999942	0	255	0
-12.7310629	6.97986221	0.064124994	0	255	0
-12.7263756	6.97986221	0.0398124941	0	255	0
-12.7263756	6.98172474	0.112749994	0	255	0
-12.7263756	6.98172474	0.0884374976	0	255	0
-12.717	6.98172474	0.0884374976	0	255	0
-12.717	6.98172474	0.0154999942	0	255	0
-12.7263756	6.97986221	0.0884374976	0	255	0
-12.717	6.97986221	0.0884374976	0	255	0
-12.717	6.97986221	0.112749994	0	255	0
-12.7357502	6.97986221	0.0398124941	0	255	0
-12.7263756	6.97986221	0.0398124941	0	255	0
-12.7310629	6.97893095	0.064124994	0	255	0
-12.7357502	6.97799969	0.0398124941	0	255	0
-12.7263756	6.97799969	0.0398124941	0	255	0
-12.7216873	6.97986221	0.112749994	0	255	0
-12.7263756	6.97893095	0.112749994	0	255	0
-12.7216873	6.97893095	0.064124994	0	255	0
-12.7263756	6.97893095	0.064124994	0	255	0
-12.717	6.97986221	0.0884374976	0	255	0
-12.717	6.97893095	0.0884374976	0	255	0
-12.717	6.97893095	0.064124994	0	255	0
-12.7357502	6.97986221	0.0398124941	0	255	0
-12.7263756	6.97986221	0.0398124941	0	255	0
-12.7263756	6.97893095	0.0154999942	0	255	0
-12.7310629	6.97893095	0.0154999942	0	255	0
-12.7263756	6.97893095	0.064124994	0	255	0
-12.7310629	6.97799969	0.064124994	0	255	0
-12.7263756	6.97799969	0.064124994	0	255	0
-12.7263756	6.97799969	0.0398124941	0	255	0
-12.7357502	6.97799969	0.0398124941	0	255	0
-12.7310629	6.97799969	0.0154999942	0	255	0
-12.7685623	6.98544979	-0.0331250057	0	255	0
-12.7685623	6.98544979	-0.00881250575	0	255	0
-12.7638741	6.98544979	-0.00881250575	0	255	0
-12.7638741	6.98544979	-0.0331250057	0	255	0
-12.7685623	6.98451853	-0.00881250575	0	255	0
-12.7638741	6.98451853	-0.00881250575	0	255	0
-12.7638741	6.98451853	-0.0331250057	0	255	0
-12.7732496	6.98358727	0.0154999942	0	255	0
-12.7638741	6.98544979	-0.106062509	0	255	0
-12.7638741	6.98544979	-0.0331250057	0	255	0
-12.7544994	6.98544979	-0.0331250057	0	255	0
-12.7544994	6.98544979	-0.106062509	0	255	0
-12.7638741	6.98358727	-0.179000005	0	255	0
-12.7544994	6.98358727	-0.0331250057	0	255	0
-12.7544994	6.98358727	-0.106062509	0	255	0
-12.7638741	6.98358727	-0.106062509	0	255	0
-12.7591867	6.98358727	-0.0331250057	0	255	0
-12.7591867	6.98358727	-0.00881250575	0	255	0
-12.7544994	6.98358727	-0.00881250575	0	255	0
-12.7544994	6.98358727	-0.0331250057	0	255	0
-12.7591867	6.98172474	-0.00881250575	0	255	0
-12.7544994	6.98172474	-0.00881250575	0	255	0
-12.7544994	6.98172474	-0.0331250057	0	255	0
-12.7591867	6.98172474	-0.0331250057	0	255	0
-12.7591867	6.98172474	-0.0331250057	0	255	0
-12.7591867	6.98172474	-0.00881250575	0	255	0
-12.7544994	6.98172474	-0.00881250575	0	255	0
-12.7544994	6.98172474	-0.0331250057	0	255	0
-12.7591867	6.98079348	-0.00881250575	0	255	0
-12.7544994	6.98079348	-0.00881250575	0	255	0
-12.7544994	6.98079348	-0.0331250057	0	255	0
-12.7638741	6.97986221	-0.0817500055	0	255	0
-12.7591867	6.97893095	-0.0574375056	0	255	0
-12.7591867	6.97893095	-0.0817500055	0	255	0
-12.7544994	6.97893095	-0.0331250057	0	255	0
-12.7544994	6.97893095	-0.0574375056	0	255	0
-12.7591867	6.97799969	-0.0331250057	0	255	0
-12.7544994	6.97799969	-0.0331250057	0	255	0
-12.7544994	6.97799969	-0.0574375056	0	255	0
-12.7591867	6.97799969	-0.0574375056	0	255	0
-12.7544994	6.98544979	-0.00881250575	0	255	0
-12.7544994	6.98451853	-0.00881250575	0	255	0
-12.7544994	6.98451853	-0.0331250057	0	255	0
-12.7451248	6.98544979	-0.00881250575	0	255	0
-12.7498121	6.98358727	-0.00881250575	0	255	0
-12.7451248	6.98358727	-0.00881250575	0	255	0
-12.7498121	6.98358727	-0.0331250057	0	255	0
-12.7404375	6.98544979	0.0154999942	0	255	0
-12.7357502	6.98544979	0.0154999942	0	255	0
-12.7404375	6.98451853	-0.0331250057	0	255	0
-12.7357502	6.98451853	0.0154999942	0	255	0
-12.7451248	6.98544979	-0.00881250575	0	255	0
-12.7357502	6.98544979	-0.0331250057	0	255	0
-12.7451248	6.98358727	-0.00881250575	0	255	0
-12.7357502	6.98358727	-0.00881250575	0	255	0
-12.7544994	6.98451853	-0.0331250057	0	255	0
-12.7544994	6.98544979	-0.0817500055	0	255	0
-12.7451248	6.98544979	-0.0817500055	0	255	0
-12.7498121	6.98358727	-0.0331250057	0	255	0
-12.7544994	6.98358727	-0.0574375056	0	255	0
-12.7498121	6.98358727	-0.0574375056	0	255	0
-12.7498121	6.98358727	-0.0817500055	0	255	0
-12.7451248	6.98358727	-0.0574375056	0	255	0
-12.7451248	6.982656	-0.0817500055	0	255	0
-12.7451248	6.982656	-0.0574375056	0	255	0
-12.7544994	6.982656	-0.0574375056	0	255	0
-12.7544994	6.982656	-0.0817500055	0	255	0
-12.7498121	6.982656	-0.0331250057	0	255	0
-12.7498121	6.98172474	-0.0817500055	0	255	0
-12.7498121	6.98172474	-0.0574375056	0	255	0
-12.7544994	6.98172474	-0.0574375056	0	255	0
-12.7451248	6.98358727	-0.00881250575	0	255	0
-12.7357502	6.98358727	-0.00881250575	0	255	0
-12.7451248	6.98172474	-0.00881250575	0	255	0
-12.7357502	6.98172474	-0.00881250575	0	255	0
-12.7357502	6.98172474	-0.0331250057	0	255	0
-12.7498121	6.98358727	-0.0331250057	0	255	0
-12.7544994	6.98358727	-0.0574375056	0	255	0
-12.7544994	6.982656	-0.0574375056	0	255	0
-12.7544994	6.982656	-0.0817500055	0	255	0
-12.7498121	6.98172474	-0.0331250057	0	255	0
-12.7498121	6.98172474	-0.0817500055	0	255	0
-12.7357502	6.982656	-0.0331250057	0	255	0
-12.7357502	6.98358727	-0.0817500055	0	255	0
-12.7404375	6.982656	-0.0817500055	0	255	0
-12.7404375	6.98172474	-0.0331250057	0	255	0
-12.7357502	6.98172474	-0.0574375056	0	255	0
-12.7310629	6.98451853	-0.0331250057	0	255	0
-12.7263756	6.98451853	0.0154999942	0	255	0
-12.7310629	6.98358727	0.0154999942	0	255	0
-12.7357502	6.98451853	-0.0331250057	0	255	0
-12.7357502	6.98451853	-0.00881250575	0	255	0
-12.7357502	6.98358727	-0.00881250575	0	255	0
-12.7263756	6.98451853	-0.0331250057	0	255	0
-12.7263756	6.98451853	-0.0331250057	0	255	0
-12.7263756	6.98451853	-0.00881250575	0	255	0
-12.7216873	6.98451853	-0.00881250575	0	255	0
-12.7263756	6.98358727	-0.00881250575	0	255	0
-12.7216873	6.98358727	-0.00881250575	0	255	0
-12.7216873	6.98358727	-0.0331250057	0	255	0
-12.7357502	6.98451853	-0.0574375056	0	255	0
-12.7357502	6.98451853	-0.0331250057	0	255	0
-12.7310629	6.98451853	-0.0817500055	0	255	0
-12.7310629	6.98451853	-0.0574375056	0	255	0
-12.7310629	6.98451853	-0.0817500055	0	255	0
-12.7310629	6.98358727	-0.0331250057	0	255	0
-12.7310629	6.98358727	-0.0574375056	0	255	0
-12.7357502	6.98358727	-0.0574375056	0	255	0
-12.7357502	6.98358727	-0.0574375056	0	255	0
-12.7357502	6.982656	-0.0817500055	0	255	0
-12.7357502	6.982656	-0.0574375056	0	255	0
-12.7263756	6.98358727	-0.0574375056	0	255	0
-12.7310629	6.98172474	-0.0817500055	0	255	0
-12.7263756	6.98172474	0.0154999942	0	255	0
-12.7263756	6.98172474	-0.0574375056	0	255	0
-12.7310629	6.98172474	-0.0574375056	0	255	0
-12.7357502	6.98358727	-0.0574375056	0	255	0
-12.7310629	6.98358727	-0.0331250057	0	255	0
-12.7310629	6.98358727	-0.0574375056	0	255	0
-12.7310629	6.982656	-0.0817500055	0	255	0
-12.7263756	6.982656	-0.0331250057	0	255	0
-12.7263756	6.98172474	-0.0331250057	0	255	0
-12.7357502	6.982656	-0.0817500055	0	255	0
-12.7263756	6.982656	-0.0817500055	0	255	0
-12.7263756	6.98172474	-0.0817500055	0	255	0
-12.7544994	6.98172474	-0.154687494	0	255	0
-12.7451248	6.98172474	-0.154687494	0	255	0
-12.7498121	6.98079348	-0.130374998	0	255	0
-12.7544994	6.97986221	-0.154687494	0	255	0
-12.7451248	6.97986221	-0.154687494	0	255	0
-12.7451248	6.98172474	-0.154687494	0	255	0
-12.7357502	6.98172474	-0.179000005	0	255	0
-12.7357502	6.98172474	-0.154687494	0	255	0
-12.7404375	6.98079348	-0.130374998	0	255	0
-12.7451248	6.97986221	-0.154687494	0	255	0
-12.7357502	6.97986221	-0.154687494	0	255	0
-12.7544994	6.97986221	-0.106062502	0	255	0
-12.7544994	6.97986221	-0.179000005	0	255	0
-12.7451248	6.97986221	-0.106062502	0	255	0
-12.7498121	6.97893095	-0.130374998	0	255	0
-12.7544994	6.97799969	-0.106062502	0	255	0
-12.7451248	6.97799969	-0.179000005	0	255	0
-12.7451248	6.97799969	-0.106062502	0	255	0
-12.7451248	6.97986221	-0.154687494	0	255	0
-12.7357502	6.97986221	-0.154687494	0	255	0
-12.7404375	6.97893095	-0.130374998	0	255	0
-12.7451248	6.97799969	-0.154687494	0	255	0
-12.7357502	6.97799969	-0.154687494	0	255	0
-12.7357502	6.98172474	-0.00881250575	0	255	0
-12.7310629	6.98172474	-0.00881250575	0	255	0
-12.7310629	6.98172474	-0.0331250057	0	255	0
-12.7357502	6.97986221	-0.00881250575	0	255	0
-12.7263756	6.98079348	-0.00881250575	0	255	0
-12.7263756	6.98079348	-0.0331250057	0	255	0
-12.7263756	6.97986221	-0.00881250575	0	255	0
-12.7263756	6.98172474	-0.00881250575	0	255	0
-12.7216873	6.98172474	-0.00881250575	0	255	0
-12.7216873	6.98172474	-0.0331250057	0	255	0
-12.7263756	6.97986221	-0.00881250575	0	255	0
-12.7216873	6.97986221	-0.00881250575	0	255	0
-12.7216873	6.97986221	-0.0331250057	0	255	0
-12.7357502	6.98172474	-0.0574375056	0	255	0
-12.7357502	6.98079348	-0.0331250057	0	255	0
-12.7310629	6.98172474	-0.0817500055	0	255	0
-12.7263756	6.98172474	-0.0817500055	0	255	0
-12.7310629	6.97986221	-0.0331250057	0	255	0
-12.7357502	6.98079348	-0.0817500055	0	255	0
-12.7357502	6.97986221	-0.0574375056	0	255	0
-12.7263756	6.98172474	0.0154999942	0	255	0
-12.7263756	6.98172474	-0.00881250575	0	255	0
-12.717	6.98172474	-0.00881250575	0	255	0
-12.717	6.98172474	-0.0817500055	0	255	0
-12.7263756	6.97986221	-0.00881250575	0	255	0
-12.717	6.97986221	-0.00881250575	0	255	0
-12.717	6.97986221	0.0154999942	0	255	0
-12.7357502	6.97986221	-0.0574375056	0	255	0
-12.7263756	6.97986221	-0.0574375056	0	255	0
-12.7310629	6.97893095	-0.0331250057	0	255	0
-12.7357502	6.97799969	-0.0574375056	0	255	0
-12.7263756	6.97799969	-0.0574375056	0	255	0
-12.7263756	6.97986221	-0.00881250575	0	255	0
-12.7263756	6.97893095	-0.00881250575	0	255	0
-12.7263756	6.97893095	-0.0331250057	0	255	0
-12.717	6.97986221	-0.00881250575	0	255	0
-12.717	6.97986221	-0.0331250057	0	255	0
-12.717	6.97893095	-0.00881250575	0	255	0
-12.717	6.97893095	-0.0331250057	0	255	0
-12.7357502	6.97893095	-0.0331250057	0	255	0
-12.7263756	6.97893095	-0.0817500055	0	255	0
-12.7310629	6.97799969	-0.0331250057	0	255	0
-12.7263756	6.97799969	-0.0331250057	0	255	0
-12.7263756	6.97799969	-0.0574375056	0	255	0
-12.7357502	6.97799969	-0.0574375056	0	255	0
-12.7310629	6.97799969	-0.0817500055	0	255	0
-12.7357502	6.97799969	-0.0817500055	0	255	0
-12.7263756	6.97986221	-0.0574375056	0	255	0
-12.7216873	6.97986221	-0.0331250057	0	255	0
-12.7216873	6.97986221	-0.0574375056	0	255	0
-12.7263756	6.97893095	-0.0331250057	0	255	0
-12.7216873	6.97893095	-0.0817500055	0	255	0
-12.7216873	6.97893095	-0.0574375056	0	255	0
-12.7263756	6.97893095	-0.0574375056	0	255	0
-12.7404375	6.97986221	-0.106062502	0	255	0
-12.7404375	6.97986221	-0.0817500055	0	255	0
-12.7357502	6.97986221	-0.0817500055	0	255	0
-12.7357502	6.97986221	-0.106062502	0	255	0
-12.7404375	6.97893095	-0.130374998	0	255	0
-12.7357502	6.97893095	-0.0817500055	0	255	0
-12.7357502	6.97893095	-0.106062502	0	255	0
-12.7404375	6.97893095	-0.106062502	0	255	0
-12.7357502	6.98172474	-0.106062502	0	255	0
-12.7310629	6.98172474	-0.0817500055	0	255	0
-12.7310629	6.98172474	-0.106062502	0	255	0
-12.7357502	6.98079348	-0.0817500055	0	255	0
-12.7310629	6.98079348	-0.130374998	0	255	0
-12.7310629	6.98079348	-0.106062502	0	255	0
-12.7357502	6.98079348	-0.106062502	0	255	0
