-3.31800008	6.96490002	-0.308999985	0	255	0
-3.31800008	6.96051264	-0.308999985	0	255	0
-3.30675006	6.96490002	-0.308999985	0	255	0
-3.31800008	6.96051264	-0.330874979	0	255	0
-3.30675006	6.96051264	-0.330874979	0	255	0
-3.31237507	6.95612526	-0.308999985	0	255	0
-3.30675006	6.95612526	-0.319937468	0	255	0
-3.31237507	6.95612526	-0.319937468	0	255	0
-3.30675006	6.96490002	-0.319937468	0	255	0
-3.30112505	6.96490002	-0.319937468	0	255	0
-3.30112505	6.96490002	-0.330874979	0	255	0
-3.30675006	6.95612526	-0.319937468	0	255	0
-3.29550004	6.96051264	-0.319937468	0	255	0
-3.29550004	6.96051264	-0.330874979	0	255	0
-3.29550004	6.95612526	-0.319937468	0	255	0
-3.31800008	6.96490002	-0.341812491	0	255	0
-3.31800008	6.96051264	-0.330874979	0	255	0
-3.31800008	6.96051264	-0.341812491	0	255	0
-3.30675006	6.96051264	-0.330874979	0	255	0
-3.31237507	6.96490002	-0.352750003	0	255	0
-3.30675006	6.96490002	-0.352750003	0	255	0
-3.30675006	6.96051264	-0.352750003	0	255	0
-3.31800008	6.95612526	-0.330874979	0	255	0
-3.30675006	6.96490002	-0.308999985	0	255	0
-3.30675006	6.96490002	-0.319937468	0	255	0
-3.29550004	6.96490002	-0.319937468	0	255	0
-3.30675006	6.95612526	-0.319937468	0	255	0
-3.29550004	6.95612526	-0.319937468	0	255	0
-3.29550004	6.95612526	-0.308999985	0	255	0
-3.30112505	6.95612526	-0.330874979	0	255	0
-3.30112505	6.95612526	-0.319937468	0	255	0
-3.29550004	6.95612526	-0.319937468	0	255	0
-3.30112505	6.9517374	-0.319937468	0	255	0
-3.29550004	6.9517374	-0.319937468	0	255	0
-3.29550004	6.9517374	-0.330874979	0	255	0
-3.30675006	6.94735003	-0.308999985	0	255	0
-3.30112505	6.95612526	-0.330874979	0	255	0
-3.30112505	6.9517374	-0.352750003	0	255	0
-3.29550004	6.9517374	-0.330874979	0	255	0
-3.30112505	6.95612526	-0.352750003	0	255	0
-3.29550004	6.95612526	-0.352750003	0	255	0
-3.29550004	6.9517374	-0.352750003	0	255	0
-3.30675006	6.94735003	-0.330874979	0	255	0
-3.29550004	6.96051264	-0.308999985	0	255	0
-3.28987503	6.96051264	-0.330874979	0	255	0
-3.28987503	6.96051264	-0.330874979	0	255	0
-3.28987503	6.95612526	-0.308999985	0	255	0
-3.29550004	6.96051264	-0.330874979	0	255	0
-3.28987503	6.95612526	-0.330874979	0	255	0
-3.29550004	6.96051264	-0.330874979	0	255	0
-3.28987503	6.96051264	-0.352750003	0	255	0
-3.28425002	6.96051264	-0.330874979	0	255	0
-3.29550004	6.96051264	-0.352750003	0	255	0
-3.28425002	6.96051264	-0.352750003	0	255	0
-3.29550004	6.95612526	-0.341812491	0	255	0
-3.29550004	6.9517374	-0.352750003	0	255	0
-3.29550004	6.9517374	-0.341812491	0	255	0
-3.28425002	6.95612526	-0.352750003	0	255	0
-3.28425002	6.95612526	-0.341812491	0	255	0
-3.28425002	6.9517374	-0.352750003	0	255	0
-3.28425002	6.9517374	-0.341812491	0	255	0
-3.28987503	6.9517374	-0.352750003	0	255	0
-3.28425002	6.9517374	-0.352750003	0	255	0
-3.28425002	6.9517374	-0.341812491	0	255	0
-3.27862501	6.9517374	-0.341812491	0	255	0
-3.28425002	6.94735003	-0.341812491	0	255	0
-3.27862501	6.94735003	-0.341812491	0	255	0
-3.27862501	6.94735003	-0.352750003	0	255	0
-3.31800008	6.96490002	-0.352750003	0	255	0
-3.31800008	6.96051264	-0.352750003	0	255	0
-3.31800008	6.96051264	-0.374624997	0	255	0
-3.30675006	6.96051264	-0.374624997	0	255	0
-3.31237507	6.95612526	-0.352750003	0	255	0
-3.30675006	6.95612526	-0.363687515	0	255	0
-3.31237507	6.95612526	-0.363687515	0	255	0
-3.29550004	6.96490002	-0.374624997	0	255	0
-3.30112505	6.96051264	-0.374624997	0	255	0
-3.31800008	6.96490002	-0.385562479	0	255	0
-3.31800008	6.96051264	-0.374624997	0	255	0
-3.31800008	6.96051264	-0.385562479	0	255	0
-3.30675006	6.96051264	-0.374624997	0	255	0
-3.31237507	6.96490002	-0.396499991	0	255	0
-3.30675006	6.96490002	-0.396499991	0	255	0
-3.31237507	6.95612526	-0.385562479	0	255	0
-3.30675006	6.95612526	-0.385562479	0	255	0
-3.31237507	6.95612526	-0.396499991	0	255	0
-3.30675006	6.96490002	-0.352750003	0	255	0
-3.30675006	6.96490002	-0.363687515	0	255	0
-3.29550004	6.96490002	-0.363687515	0	255	0
-3.29550004	6.96490002	-0.396499991	0	255	0
-3.30675006	6.95612526	-0.363687515	0	255	0
-3.29550004	6.95612526	-0.363687515	0	255	0
-3.29550004	6.95612526	-0.352750003	0	255	0
-3.30112505	6.95612526	-0.363687515	0	255	0
-3.30112505	6.95612526	-0.352750003	0	255	0
-3.29550004	6.95612526	-0.363687515	0	255	0
-3.30112505	6.9517374	-0.374624997	0	255	0
-3.29550004	6.9517374	-0.352750003	0	255	0
-3.29550004	6.9517374	-0.363687515	0	255	0
-3.30112505	6.9517374	-0.363687515	0	255	0
-3.30112505	6.95612526	-0.374624997	0	255	0
-3.30112505	6.9517374	-0.396499991	0	255	0
-3.29550004	6.9517374	-0.374624997	0	255	0
-3.30675006	6.95612526	-0.385562479	0	255	0
-3.30675006	6.9517374	-0.385562479	0	255	0
-3.30675006	6.9517374	-0.396499991	0	255	0
-3.29550004	6.95612526	-0.396499991	0	255	0
-3.30112505	6.94735003	-0.385562479	0	255	0
-3.29550004	6.94735003	-0.385562479	0	255	0
-3.30112505	6.94735003	-0.396499991	0	255	0
-3.29550004	6.96490002	-0.308999985	0	255	0
-3.29550004	6.96490002	-0.341812491	0	255	0
-3.273	6.96490002	-0.341812491	0	255	0
-3.273	6.96490002	-0.396499991	0	255	0
-3.29550004	6.94735003	-0.341812491	0	255	0
-3.273	6.94735003	-0.341812491	0	255	0
-3.273	6.94735003	-0.308999985	0	255	0
-3.28987503	6.94735003	-0.308999985	0	255	0
-3.28425002	6.94735003	-0.308999985	0	255	0
-3.28987503	6.94296265	-0.330874979	0	255	0
-3.28425002	6.94296265	-0.308999985	0	255	0
-3.29550004	6.94735003	-0.319937468	0	255	0
-3.29550004	6.94296265	-0.319937468	0	255	0
-3.29550004	6.94296265	-0.330874979	0	255	0
-3.28987503	6.93857479	-0.319937468	0	255	0
-3.28425002	6.93857479	-0.319937468	0	255	0
-3.28987503	6.93857479	-0.330874979	0	255	0
-3.28425002	6.94735003	-0.319937468	0	255	0
-3.27862501	6.94735003	-0.319937468	0	255	0
-3.27862501	6.94735003	-0.330874979	0	255	0
-3.28425002	6.93857479	-0.319937468	0	255	0
-3.27862501	6.93857479	-0.319937468	0	255	0
-3.27862501	6.93857479	-0.330874979	0	255	0
-3.29550004	6.94735003	-0.341812491	0	255	0
-3.29550004	6.94296265	-0.330874979	0	255	0
-3.29550004	6.94296265	-0.341812491	0	255	0
-3.28987503	6.94735003	-0.352750003	0	255	0
-3.28425002	6.94735003	-0.352750003	0	255	0
-3.28987503	6.93857479	-0.330874979	0	255	0
-3.28987503	6.93857479	-0.352750003	0	255	0
-3.28425002	6.94735003	-0.308999985	0	255	0
-3.28425002	6.94735003	-0.319937468	0	255	0
-3.273	6.94735003	-0.319937468	0	255	0
-3.28425002	6.93857479	-0.319937468	0	255	0
-3.273	6.93857479	-0.319937468	0	255	0
-3.273	6.93857479	-0.308999985	0	255	0
-3.27862501	6.93857479	-0.308999985	0	255	0
-3.273	6.93857479	-0.308999985	0	255	0
-3.28425002	6.93857479	-0.319937468	0	255	0
-3.28425002	6.93418741	-0.330874979	0	255	0
-3.28425002	6.93418741	-0.308999985	0	255	0
-3.27862501	6.93418741	-0.330874979	0	255	0
-3.28425002	6.92980003	-0.319937468	0	255	0
-3.27862501	6.92980003	-0.330874979	0	255	0
-3.28425002	6.93418741	-0.330874979	0	255	0
-3.273	6.93857479	-0.352750003	0	255	0
-3.27862501	6.92980003	-0.330874979	0	255	0
-3.28425002	6.92980003	-0.341812491	0	255	0
-3.28425002	6.92980003	-0.352750003	0	255	0
-3.273	6.92980003	-0.352750003	0	255	0
-3.28425002	6.94735003	-0.352750003	0	255	0
-3.273	6.94735003	-0.374624997	0	255	0
-3.27862501	6.94296265	-0.374624997	0	255	0
-3.273	6.93857479	-0.352750003	0	255	0
-3.28987503	6.94735003	-0.374624997	0	255	0
-3.28987503	6.94296265	-0.396499991	0	255	0
-3.28425002	6.94296265	-0.374624997	0	255	0
-3.29550004	6.94735003	-0.385562479	0	255	0
-3.28425002	6.94735003	-0.396499991	0	255	0
-3.29550004	6.93857479	-0.385562479	0	255	0
-3.29550004	6.93857479	-0.396499991	0	255	0
-3.28425002	6.93857479	-0.385562479	0	255	0
-3.28425002	6.94735003	-0.352750003	0	255	0
-3.28425002	6.94735003	-0.363687515	0	255	0
-3.273	6.94735003	-0.363687515	0	255	0
-3.273	6.94735003	-0.396499991	0	255	0
-3.28425002	6.93857479	-0.363687515	0	255	0
-3.273	6.93857479	-0.363687515	0	255	0
-3.273	6.93857479	-0.352750003	0	255	0
-3.27862501	6.93857479	-0.374624997	0	255	0
-3.27862501	6.93857479	-0.363687515	0	255	0
-3.273	6.93857479	-0.363687515	0	255	0
-3.27862501	6.92980003	-0.363687515	0	255	0
-3.273	6.92980003	-0.363687515	0	255	0
-3.27862501	6.92980003	-0.374624997	0	255	0
-3.28987503	6.93857479	-0.396499991	0	255	0
-3.28987503	6.93857479	-0.385562479	0	255	0
-3.28425002	6.93857479	-0.385562479	0	255	0
-3.28987503	6.93418741	-0.385562479	0	255	0
-3.28425002	6.93418741	-0.385562479	0	255	0
-3.28425002	6.93418741	-0.396499991	0	255	0
-3.29550004	6.92980003	-0.374624997	0	255	0
-3.27862501	6.93857479	-0.374624997	0	255	0
-3.28425002	6.93857479	-0.385562479	0	255	0
-3.273	6.93857479	-0.396499991	0	255	0
-3.28425002	6.93418741	-0.374624997	0	255	0
-3.27862501	6.93418741	-0.396499991	0	255	0
-3.28425002	6.92980003	-0.396499991	0	255	0
-3.273	6.9517374	-0.385562479	0	255	0
-3.273	6.9517374	-0.396499991	0	255	0
-3.26737499	6.9517374	-0.374624997	0	255	0
-3.26737499	6.9517374	-0.385562479	0	255	0
-3.26737499	6.9517374	-0.374624997	0	255	0
-3.26737499	6.94735003	-0.396499991	0	255	0
-3.26737499	6.94735003	-0.385562479	0	255	0
-3.273	6.94735003	-0.385562479	0	255	0
-3.273	6.9517374	-0.385562479	0	255	0
-3.273	6.9517374	-0.374624997	0	255	0
-3.26737499	6.9517374	-0.396499991	0	255	0
-3.26737499	6.9517374	-0.385562479	0	255	0
-3.26737499	6.9517374	-0.396499991	0	255	0
-3.26737499	6.94735003	-0.374624997	0	255	0
-3.26737499	6.94735003	-0.385562479	0	255	0
-3.273	6.94735003	-0.385562479	0	255	0
-3.273	6.94296265	-0.385562479	0	255	0
-3.273	6.94296265	-0.396499991	0	255	0
-3.26737499	6.94296265	-0.374624997	0	255	0
-3.273	6.93857479	-0.385562479	0	255	0
-3.26174998	6.94296265	-0.396499991	0	255	0
-3.26174998	6.94296265	-0.385562479	0	255	0
-3.26174998	6.93857479	-0.385562479	0	255	0
-3.273	6.93857479	-0.363687515	0	255	0
-3.273	6.93857479	-0.396499991	0	255	0
-3.26174998	6.93857479	-0.363687515	0	255	0
-3.26737499	6.93418741	-0.374624997	0	255	0
-3.273	6.92980003	-0.363687515	0	255	0
-3.26174998	6.92980003	-0.396499991	0	255	0
-3.26174998	6.92980003	-0.363687515	0	255	0
-3.273	6.94735003	-0.352750003	0	255	0
-3.26737499	6.94735003	-0.352750003	0	255	0
-3.273	6.94735003	-0.374624997	0	255	0
-3.26737499	6.94735003	-0.374624997	0	255	0
-3.26737499	6.94296265	-0.374624997	0	255	0
-3.26174998	6.94296265	-0.352750003	0	255	0
-3.26174998	6.94296265	-0.374624997	0	255	0
-3.273	6.94296265	-0.374624997	0	255	0
-3.26737499	6.94296265	-0.396499991	0	255	0
-3.26174998	6.94296265	-0.374624997	0	255	0
-3.26174998	6.94296265	-0.385562479	0	255	0
-3.26174998	6.93857479	-0.385562479	0	255	0
-3.273	6.94296265	-0.396499991	0	255	0
-3.26737499	6.93857479	-0.396499991	0	255	0
-3.273	6.93857479	-0.385562479	0	255	0
-3.26174998	6.93857479	-0.385562479	0	255	0
-3.26737499	6.93418741	-0.374624997	0	255	0
-3.273	6.92980003	-0.385562479	0	255	0
-3.26174998	6.92980003	-0.352750003	0	255	0
-3.26174998	6.92980003	-0.385562479	0	255	0
-3.26174998	6.93857479	-0.363687515	0	255	0
-3.25612497	6.93857479	-0.352750003	0	255	0
-3.25612497	6.93857479	-0.363687515	0	255	0
-3.25612497	6.93418741	-0.374624997	0	255	0
-3.25612497	6.92980003	-0.352750003	0	255	0
-3.25612497	6.92980003	-0.363687515	0	255	0
-3.26174998	6.92980003	-0.363687515	0	255	0
-3.26174998	6.93857479	-0.385562479	0	255	0
-3.26737499	6.93857479	-0.396499991	0	255	0
-3.26737499	6.93418741	-0.396499991	0	255	0
-3.26174998	6.92980003	-0.374624997	0	255	0
-3.26174998	6.93418741	-0.396499991	0	255	0
-3.26174998	6.92980003	-0.396499991	0	255	0
-3.31800008	6.96490002	-0.396499991	0	255	0
-3.31800008	6.96490002	-0.418374985	0	255	0
-3.31237507	6.96051264	-0.418374985	0	255	0
-3.29550004	6.96490002	-0.407437503	0	255	0
-3.30112505	6.96490002	-0.418374985	0	255	0
-3.30112505	6.96051264	-0.418374985	0	255	0
-3.29550004	6.95612526	-0.407437503	0	255	0
-3.30112505	6.95612526	-0.418374985	0	255	0
-3.31237507	6.96490002	-0.440249979	0	255	0
-3.31237507	6.96490002	-0.429312468	0	255	0
-3.30675006	6.96490002	-0.429312468	0	255	0
-3.30675006	6.96490002	-0.440249979	0	255	0
-3.31237507	6.95612526	-0.429312468	0	255	0
-3.30675006	6.95612526	-0.429312468	0	255	0
-3.31237507	6.95612526	-0.440249979	0	255	0
-3.30675006	6.96490002	-0.396499991	0	255	0
-3.30675006	6.96490002	-0.407437503	0	255	0
-3.29550004	6.96490002	-0.407437503	0	255	0
-3.30675006	6.95612526	-0.407437503	0	255	0
-3.29550004	6.95612526	-0.407437503	0	255	0
-3.29550004	6.95612526	-0.396499991	0	255	0
-3.31237507	6.95612526	-0.429312468	0	255	0
-3.31237507	6.95612526	-0.440249979	0	255	0
-3.30675006	6.95612526	-0.429312468	0	255	0
-3.31237507	6.9517374	-0.418374985	0	255	0
-3.30675006	6.9517374	-0.440249979	0	255	0
-3.30675006	6.9517374	-0.429312468	0	255	0
-3.31237507	6.9517374	-0.429312468	0	255	0
-3.30675006	6.9517374	-0.396499991	0	255	0
-3.29550004	6.95612526	-0.407437503	0	255	0
-3.30112505	6.95612526	-0.418374985	0	255	0
-3.30675006	6.9517374	-0.418374985	0	255	0
-3.30112505	6.94735003	-0.396499991	0	255	0
-3.29550004	6.9517374	-0.418374985	0	255	0
-3.29550004	6.94735003	-0.418374985	0	255	0
-3.30112505	6.94735003	-0.418374985	0	255	0
-3.30675006	6.9517374	-0.418374985	0	255	0
-3.29550004	6.95612526	-0.418374985	0	255	0
-3.29550004	6.9517374	-0.418374985	0	255	0
-3.30675006	6.9517374	-0.440249979	0	255	0
-3.29550004	6.95612526	-0.440249979	0	255	0
-3.30112505	6.94735003	-0.429312468	0	255	0
-3.29550004	6.94735003	-0.429312468	0	255	0
-3.30112505	6.94735003	-0.440249979	0	255	0
-3.28987503	6.96490002	-0.396499991	0	255	0
-3.28425002	6.96490002	-0.407437503	0	255	0
-3.28987503	6.96051264	-0.418374985	0	255	0
-3.28987503	6.95612526	-0.396499991	0	255	0
-3.28425002	6.95612526	-0.407437503	0	255	0
-3.28425002	6.96490002	-0.429312468	0	255	0
-3.28987503	6.96490002	-0.440249979	0	255	0
-3.28987503	6.96051264	-0.440249979	0	255	0
-3.28425002	6.96051264	-0.440249979	0	255	0
-3.28425002	6.96490002	-0.451187491	0	255	0
-3.28425002	6.96490002	-0.418374985	0	255	0
-3.273	6.96490002	-0.418374985	0	255	0
-3.273	6.96490002	-0.451187491	0	255	0
-3.28425002	6.95612526	-0.483999997	0	255	0
-3.273	6.95612526	-0.418374985	0	255	0
-3.273	6.95612526	-0.451187491	0	255	0
-3.28425002	6.95612526	-0.451187491	0	255	0
-3.29550004	6.95612526	-0.429312468	0	255	0
-3.28425002	6.95612526	-0.440249979	0	255	0
-3.28425002	6.95612526	-0.429312468	0	255	0
-3.28987503	6.9517374	-0.418374985	0	255	0
-3.29550004	6.94735003	-0.429312468	0	255	0
-3.28425002	6.94735003	-0.429312468	0	255	0
-3.28425002	6.95612526	-0.407437503	0	255	0
-3.273	6.95612526	-0.407437503	0	255	0
-3.273	6.95612526	-0.418374985	0	255	0
-3.28425002	6.9517374	-0.396499991	0	255	0
-3.27862501	6.9517374	-0.418374985	0	255	0
-3.27862501	6.9517374	-0.418374985	0	255	0
-3.27862501	6.94735003	-0.396499991	0	255	0
-3.273	6.94735003	-0.407437503	0	255	0
-3.28987503	6.9517374	-0.440249979	0	255	0
-3.28425002	6.95612526	-0.429312468	0	255	0
-3.27862501	6.95612526	-0.418374985	0	255	0
-3.27862501	6.95612526	-0.429312468	0	255	0
-3.27862501	6.9517374	-0.440249979	0	255	0
-3.273	6.9517374	-0.418374985	0	255	0
-3.28425002	6.9517374	-0.440249979	0	255	0
-3.273	6.9517374	-0.440249979	0	255	0
-3.31237507	6.96490002	-0.451187491	0	255	0
-3.31237507	6.96490002	-0.440249979	0	255	0
-3.30675006	6.96490002	-0.451187491	0	255	0
-3.31237507	6.95612526	-0.440249979	0	255	0
-3.30675006	6.95612526	-0.451187491	0	255	0
-3.31237507	6.95612526	-0.451187491	0	255	0
-3.30675006	6.96490002	-0.451187491	0	255	0
-3.30112505	6.96490002	-0.462125003	0	255	0
-3.29550004	6.96490002	-0.462125003	0	255	0
-3.30112505	6.96051264	-0.462125003	0	255	0
-3.30675006	6.95612526	-0.451187491	0	255	0
-3.30112505	6.95612526	-0.462125003	0	255	0
-3.31237507	6.9517374	-0.473062515	0	255	0
-3.31237507	6.9517374	-0.462125003	0	255	0
-3.30675006	6.9517374	-0.483999997	0	255	0
-3.30675006	6.9517374	-0.473062515	0	255	0
-3.31237507	6.94735003	-0.483999997	0	255	0
-3.30675006	6.94735003	-0.473062515	0	255	0
-3.31237507	6.94735003	-0.473062515	0	255	0
-3.30675006	6.95612526	-0.462125003	0	255	0
-3.30112505	6.9517374	-0.462125003	0	255	0
-3.29550004	6.94735003	-0.462125003	0	255	0
-3.30112505	6.95612526	-0.483999997	0	255	0
-3.30112505	6.95612526	-0.473062515	0	255	0
-3.29550004	6.95612526	-0.473062515	0	255	0
-3.29550004	6.95612526	-0.483999997	0	255	0
-3.30112505	6.9517374	-0.473062515	0	255	0
-3.29550004	6.9517374	-0.473062515	0	255	0
-3.29550004	6.9517374	-0.483999997	0	255	0
-3.29550004	6.96490002	-0.396499991	0	255	0
-3.29550004	6.96490002	-0.429312468	0	255	0
-3.273	6.96490002	-0.429312468	0	255	0
-3.273	6.96490002	-0.483999997	0	255	0
-3.29550004	6.94735003	-0.429312468	0	255	0
-3.273	6.94735003	-0.429312468	0	255	0
-3.273	6.94735003	-0.396499991	0	255	0
-3.29550004	6.94735003	-0.407437503	0	255	0
-3.29550004	6.94296265	-0.396499991	0	255	0
-3.29550004	6.94296265	-0.407437503	0	255	0
-3.28425002	6.94735003	-0.396499991	0	255	0
-3.28987503	6.94735003	-0.418374985	0	255	0
-3.28425002	6.94296265	-0.418374985	0	255	0
-3.29550004	6.93857479	-0.396499991	0	255	0
-3.28987503	6.93857479	-0.396499991	0	255	0
-3.28425002	6.93857479	-0.407437503	0	255	0
-3.28987503	6.93857479	-0.407437503	0	255	0
-3.27862501	6.94735003	-0.396499991	0	255	0
-3.273	6.94735003	-0.396499991	0	255	0
-3.27862501	6.94296265	-0.418374985	0	255	0
-3.273	6.94296265	-0.396499991	0	255	0
-3.28425002	6.94735003	-0.407437503	0	255	0
-3.273	6.94735003	-0.418374985	0	255	0
-3.28425002	6.93857479	-0.407437503	0	255	0
-3.273	6.93857479	-0.407437503	0	255	0
-3.29550004	6.94735003	-0.418374985	0	255	0
-3.29550004	6.94296265	-0.418374985	0	255	0
-3.28425002	6.94296265	-0.418374985	0	255	0
-3.29550004	6.94296265	-0.440249979	0	255	0
-3.28425002	6.94735003	-0.440249979	0	255	0
-3.28987503	6.93857479	-0.429312468	0	255	0
-3.28425002	6.93857479	-0.429312468	0	255	0
-3.28987503	6.93857479	-0.440249979	0	255	0
-3.28425002	6.94735003	-0.396499991	0	255	0
-3.28425002	6.94735003	-0.407437503	0	255	0
-3.273	6.94735003	-0.407437503	0	255	0
-3.28425002	6.93857479	-0.407437503	0	255	0
-3.273	6.93857479	-0.407437503	0	255	0
-3.273	6.93857479	-0.396499991	0	255	0
-3.28987503	6.93857479	-0.429312468	0	255	0
-3.28987503	6.93857479	-0.440249979	0	255	0
-3.28425002	6.93857479	-0.429312468	0	255	0
-3.28987503	6.93418741	-0.418374985	0	255	0
-3.28425002	6.93418741	-0.440249979	0	255	0
-3.28425002	6.93418741	-0.429312468	0	255	0
-3.28987503	6.93418741	-0.429312468	0	255	0
-3.28425002	6.93857479	-0.407437503	0	255	0
-3.27862501	6.93857479	-0.396499991	0	255	0
-3.27862501	6.93857479	-0.418374985	0	255	0
-3.273	6.93857479	-0.407437503	0	255	0
-3.27862501	6.93418741	-0.418374985	0	255	0
-3.27862501	6.92980003	-0.396499991	0	255	0
-3.28425002	6.92980003	-0.407437503	0	255	0
-3.273	6.92980003	-0.407437503	0	255	0
-3.27862501	6.92980003	-0.418374985	0	255	0
-3.28987503	6.93857479	-0.440249979	0	255	0
-3.28987503	6.93857479	-0.429312468	0	255	0
-3.28425002	6.93857479	-0.429312468	0	255	0
-3.28987503	6.93418741	-0.429312468	0	255	0
-3.28425002	6.93418741	-0.429312468	0	255	0
-3.28425002	6.93418741	-0.440249979	0	255	0
-3.29550004	6.92980003	-0.418374985	0	255	0
-3.28425002	6.93418741	-0.418374985	0	255	0
-3.28425002	6.93418741	-0.440249979	0	255	0
-3.273	6.93857479	-0.440249979	0	255	0
-3.27862501	6.92980003	-0.418374985	0	255	0
-3.27862501	6.92980003	-0.440249979	0	255	0
-3.30112505	6.94735003	-0.440249979	0	255	0
-3.30112505	6.94296265	-0.462125003	0	255	0
-3.29550004	6.94296265	-0.440249979	0	255	0
-3.30112505	6.94735003	-0.462125003	0	255	0
-3.29550004	6.94735003	-0.462125003	0	255	0
-3.29550004	6.94296265	-0.462125003	0	255	0
-3.30675006	6.93857479	-0.483999997	0	255	0
-3.29550004	6.94296265	-0.440249979	0	255	0
-3.28425002	6.94735003	-0.451187491	0	255	0
-3.29550004	6.94735003	-0.462125003	0	255	0
-3.28987503	6.94735003	-0.462125003	0	255	0
-3.29550004	6.94296265	-0.462125003	0	255	0
-3.28987503	6.93857479	-0.440249979	0	255	0
-3.28425002	6.94296265	-0.462125003	0	255	0
-3.28987503	6.93857479	-0.462125003	0	255	0
-3.28425002	6.94296265	-0.462125003	0	255	0
-3.273	6.94735003	-0.462125003	0	255	0
-3.27862501	6.94296265	-0.462125003	0	255	0
-3.28425002	6.93857479	-0.451187491	0	255	0
-3.27862501	6.93857479	-0.462125003	0	255	0
-3.28987503	6.94735003	-0.462125003	0	255	0
-3.28425002	6.94735003	-0.473062515	0	255	0
-3.28987503	6.94296265	-0.483999997	0	255	0
-3.28425002	6.94296265	-0.462125003	0	255	0
-3.28425002	6.94296265	-0.473062515	0	255	0
-3.31800008	6.92980003	-0.396499991	0	255	0
-3.29550004	6.94735003	-0.473062515	0	255	0
-3.28987503	6.94735003	-0.483999997	0	255	0
-3.29550004	6.94296265	-0.473062515	0	255	0
-3.29550004	6.93857479	-0.462125003	0	255	0
-3.29550004	6.94296265	-0.483999997	0	255	0
-3.28425002	6.94735003	-0.440249979	0	255	0
-3.28425002	6.94735003	-0.451187491	0	255	0
-3.273	6.94735003	-0.451187491	0	255	0
-3.273	6.94735003	-0.483999997	0	255	0
-3.28425002	6.93857479	-0.451187491	0	255	0
-3.273	6.93857479	-0.451187491	0	255	0
-3.273	6.93857479	-0.440249979	0	255	0
-3.29550004	6.93857479	-0.473062515	0	255	0
-3.29550004	6.93418741	-0.483999997	0	255	0
-3.29550004	6.93418741	-0.473062515	0	255	0
-3.28425002	6.93857479	-0.473062515	0	255	0
-3.28425002	6.93418741	-0.483999997	0	255	0
-3.28425002	6.93418741	-0.473062515	0	255	0
-3.28425002	6.93418741	-0.440249979	0	255	0
-3.273	6.93857479	-0.451187491	0	255	0
-3.27862501	6.93857479	-0.462125003	0	255	0
-3.28425002	6.92980003	-0.440249979	0	255	0
-3.28425002	6.93418741	-0.462125003	0	255	0
-3.27862501	6.92980003	-0.440249979	0	255	0
-3.273	6.92980003	-0.451187491	0	255	0
-3.27862501	6.92980003	-0.451187491	0	255	0
-3.28987503	6.93857479	-0.483999997	0	255	0
-3.28987503	6.93857479	-0.473062515	0	255	0
-3.28425002	6.93857479	-0.473062515	0	255	0
-3.28987503	6.93418741	-0.473062515	0	255	0
-3.28425002	6.93418741	-0.473062515	0	255	0
-3.28425002	6.93418741	-0.483999997	0	255	0
-3.29550004	6.92980003	-0.462125003	0	255	0
-3.28425002	6.93418741	-0.462125003	0	255	0
-3.273	6.93418741	-0.462125003	0	255	0
-3.28425002	6.93418741	-0.483999997	0	255	0
-3.273	6.93857479	-0.483999997	0	255	0
-3.273	6.93418741	-0.483999997	0	255	0
-3.273	6.95612526	-0.396499991	0	255	0
-3.273	6.95612526	-0.385562479	0	255	0
-3.26174998	6.95612526	-0.385562479	0	255	0
-3.273	6.94735003	-0.374624997	0	255	0
-3.273	6.94735003	-0.385562479	0	255	0
-3.26174998	6.94735003	-0.385562479	0	255	0
-3.26174998	6.94735003	-0.396499991	0	255	0
-3.273	6.94735003	-0.385562479	0	255	0
-3.25049996	6.94735003	-0.385562479	0	255	0
-3.273	6.92980003	-0.352750003	0	255	0
-3.273	6.92980003	-0.385562479	0	255	0
-3.25049996	6.92980003	-0.385562479	0	255	0
-3.25049996	6.93857479	-0.396499991	0	255	0
-3.25049996	6.93857479	-0.385562479	0	255	0
-3.23924994	6.93857479	-0.385562479	0	255	0
-3.25049996	6.92980003	-0.374624997	0	255	0
-3.25049996	6.92980003	-0.385562479	0	255	0
-3.23924994	6.92980003	-0.385562479	0	255	0
-3.23924994	6.92980003	-0.396499991	0	255	0
-3.28987503	6.92980003	-0.473062515	0	255	0
-3.28987503	6.92980003	-0.483999997	0	255	0
-3.28425002	6.92980003	-0.473062515	0	255	0
-3.28987503	6.92541218	-0.462125003	0	255	0
-3.28425002	6.92541218	-0.483999997	0	255	0
-3.28425002	6.92541218	-0.473062515	0	255	0
-3.28987503	6.92541218	-0.473062515	0	255	0
-3.28425002	6.92980003	-0.473062515	0	255	0
-3.28425002	6.92541218	-0.483999997	0	255	0
-3.28425002	6.92541218	-0.473062515	0	255	0
-3.273	6.92980003	-0.473062515	0	255	0
-3.273	6.92541218	-0.483999997	0	255	0
-3.273	6.92541218	-0.473062515	0	255	0
-3.273	6.92980003	-0.319937468	0	255	0
-3.26737499	6.92980003	-0.319937468	0	255	0
-3.26737499	6.92980003	-0.330874979	0	255	0
-3.273	6.92541218	-0.319937468	0	255	0
-3.26737499	6.92541218	-0.319937468	0	255	0
-3.273	6.9210248	-0.308999985	0	255	0
-3.273	6.92541218	-0.330874979	0	255	0
-3.273	6.92980003	-0.341812491	0	255	0
-3.26737499	6.92980003	-0.330874979	0	255	0
-3.26737499	6.92980003	-0.352750003	0	255	0
-3.26174998	6.92980003	-0.341812491	0	255	0
-3.26174998	6.92980003	-0.352750003	0	255	0
-3.26737499	6.92541218	-0.352750003	0	255	0
-3.26737499	6.9210248	-0.330874979	0	255	0
-3.273	6.9210248	-0.341812491	0	255	0
-3.26174998	6.9210248	-0.341812491	0	255	0
-3.26737499	6.9210248	-0.352750003	0	255	0
-3.26174998	6.92980003	-0.308999985	0	255	0
-3.26174998	6.92980003	-0.319937468	0	255	0
-3.25049996	6.92980003	-0.319937468	0	255	0
-3.26174998	6.9210248	-0.319937468	0	255	0
-3.25049996	6.9210248	-0.319937468	0	255	0
-3.25049996	6.9210248	-0.308999985	0	255	0
-3.26174998	6.9210248	-0.330874979	0	255	0
-3.26737499	6.9210248	-0.352750003	0	255	0
-3.26737499	6.9210248	-0.341812491	0	255	0
-3.26174998	6.9210248	-0.341812491	0	255	0
-3.26737499	6.91224957	-0.341812491	0	255	0
-3.26174998	6.91224957	-0.341812491	0	255	0
-3.26174998	6.91224957	-0.352750003	0	255	0
-3.26737499	6.91224957	-0.352750003	0	255	0
-3.273	6.92980003	-0.352750003	0	255	0
-3.273	6.92541218	-0.352750003	0	255	0
-3.273	6.92541218	-0.374624997	0	255	0
-3.26737499	6.9210248	-0.352750003	0	255	0
-3.26737499	6.9210248	-0.374624997	0	255	0
-3.25049996	6.92541218	-0.352750003	0	255	0
-3.25049996	6.92980003	-0.374624997	0	255	0
-3.25612497	6.92541218	-0.374624997	0	255	0
-3.25612497	6.9210248	-0.352750003	0	255	0
-3.25049996	6.9210248	-0.363687515	0	255	0
-3.273	6.92541218	-0.374624997	0	255	0
-3.26174998	6.92980003	-0.385562479	0	255	0
-3.26737499	6.92980003	-0.396499991	0	255	0
-3.26737499	6.9210248	-0.374624997	0	255	0
-3.273	6.9210248	-0.385562479	0	255	0
-3.273	6.9210248	-0.396499991	0	255	0
-3.26174998	6.92541218	-0.396499991	0	255	0
-3.26174998	6.92980003	-0.352750003	0	255	0
-3.26174998	6.92980003	-0.363687515	0	255	0
-3.25049996	6.92980003	-0.363687515	0	255	0
-3.25049996	6.92980003	-0.396499991	0	255	0
-3.26174998	6.9210248	-0.363687515	0	255	0
-3.25049996	6.9210248	-0.363687515	0	255	0
-3.25049996	6.9210248	-0.352750003	0	255	0
-3.26737499	6.9210248	-0.385562479	0	255	0
-3.26737499	6.9210248	-0.396499991	0	255	0
-3.26174998	6.9210248	-0.385562479	0	255	0
-3.26737499	6.91224957	-0.396499991	0	255	0
-3.26174998	6.91224957	-0.385562479	0	255	0
-3.26737499	6.91224957	-0.385562479	0	255	0
-3.25612497	6.9210248	-0.352750003	0	255	0
-3.25049996	6.9210248	-0.363687515	0	255	0
-3.25612497	6.91663742	-0.374624997	0	255	0
-3.25049996	6.91663742	-0.352750003	0	255	0
-3.25049996	6.91224957	-0.374624997	0	255	0
-3.26737499	6.9210248	-0.385562479	0	255	0
-3.26737499	6.9210248	-0.374624997	0	255	0
-3.26174998	6.9210248	-0.385562479	0	255	0
-3.26737499	6.91224957	-0.374624997	0	255	0
-3.26174998	6.91224957	-0.385562479	0	255	0
-3.26737499	6.91224957	-0.385562479	0	255	0
-3.25612497	6.9210248	-0.374624997	0	255	0
-3.25049996	6.9210248	-0.385562479	0	255	0
-3.25049996	6.9210248	-0.396499991	0	255	0
-3.25612497	6.91663742	-0.396499991	0	255	0
-3.25612497	6.91224957	-0.374624997	0	255	0
-3.26174998	6.91224957	-0.396499991	0	255	0
-3.25049996	6.91224957	-0.385562479	0	255	0
-3.25049996	6.92980003	-0.308999985	0	255	0
-3.25049996	6.92980003	-0.341812491	0	255	0
-3.23924994	6.92980003	-0.341812491	0	255	0
-3.23924994	6.92980003	-0.352750003	0	255	0
-3.25049996	6.91224957	-0.341812491	0	255	0
-3.23924994	6.91224957	-0.341812491	0	255	0
-3.23924994	6.91224957	-0.352750003	0	255	0
-3.26174998	6.91224957	-0.374624997	0	255	0
-3.26174998	6.91224957	-0.363687515	0	255	0
-3.26174998	6.90786219	-0.363687515	0	255	0
-3.26174998	6.90786219	-0.374624997	0	255	0
-3.25049996	6.91224957	-0.363687515	0	255	0
-3.25049996	6.91224957	-0.374624997	0	255	0
-3.25612497	6.90347481	-0.363687515	0	255	0
-3.25049996	6.90347481	-0.363687515	0	255	0
-3.25612497	6.90347481	-0.374624997	0	255	0
-3.26174998	6.91224957	-0.352750003	0	255	0
-3.26174998	6.91224957	-0.363687515	0	255	0
-3.25049996	6.91224957	-0.363687515	0	255	0
-3.26174998	6.90347481	-0.363687515	0	255	0
-3.25049996	6.90347481	-0.363687515	0	255	0
-3.25049996	6.90347481	-0.352750003	0	255	0
-3.25049996	6.89908695	-0.374624997	0	255	0
-3.273	6.89469957	-0.352750003	0	255	0
-3.25049996	6.90347481	-0.396499991	0	255	0
-3.25612497	6.89908695	-0.396499991	0	255	0
-3.25612497	6.89469957	-0.374624997	0	255	0
-3.26174998	6.89469957	-0.396499991	0	255	0
-3.25049996	6.89469957	-0.385562479	0	255	0
-3.25049996	6.89469957	-0.396499991	0	255	0
-3.25049996	6.91224957	-0.374624997	0	255	0
-3.25049996	6.91224957	-0.363687515	0	255	0
-3.24487495	6.91224957	-0.363687515	0	255	0
-3.24487495	6.91224957	-0.374624997	0	255	0
-3.25049996	6.90347481	-0.363687515	0	255	0
-3.24487495	6.90347481	-0.363687515	0	255	0
-3.24487495	6.90347481	-0.374624997	0	255	0
-3.24487495	6.91224957	-0.374624997	0	255	0
-3.23924994	6.91224957	-0.374624997	0	255	0
-3.23924994	6.90786219	-0.374624997	0	255	0
-3.25049996	6.91224957	-0.385562479	0	255	0
-3.23924994	6.91224957	-0.396499991	0	255	0
-3.25049996	6.90786219	-0.374624997	0	255	0
-3.24487495	6.90786219	-0.396499991	0	255	0
-3.24487495	6.90347481	-0.374624997	0	255	0
-3.25049996	6.90347481	-0.396499991	0	255	0
-3.23924994	6.90347481	-0.385562479	0	255	0
-3.23924994	6.91224957	-0.352750003	0	255	0
-3.23924994	6.91224957	-0.363687515	0	255	0
-3.22799993	6.91224957	-0.363687515	0	255	0
-3.22799993	6.91224957	-0.396499991	0	255	0
-3.23924994	6.90347481	-0.363687515	0	255	0
-3.22799993	6.90347481	-0.363687515	0	255	0
-3.22799993	6.90347481	-0.352750003	0	255	0
-3.23924994	6.90347481	-0.374624997	0	255	0
-3.25049996	6.90347481	-0.385562479	0	255	0
-3.24487495	6.90347481	-0.374624997	0	255	0
-3.25049996	6.89908695	-0.374624997	0	255	0
-3.24487495	6.89908695	-0.396499991	0	255	0
-3.25049996	6.89908695	-0.385562479	0	255	0
-3.24487495	6.90347481	-0.396499991	0	255	0
-3.23924994	6.90347481	-0.385562479	0	255	0
-3.23924994	6.89908695	-0.385562479	0	255	0
-3.23924994	6.89908695	-0.396499991	0	255	0
-3.25049996	6.89469957	-0.374624997	0	255	0
-3.28987503	6.92980003	-0.407437503	0	255	0
-3.28987503	6.92980003	-0.396499991	0	255	0
-3.28425002	6.92980003	-0.407437503	0	255	0
-3.28987503	6.92541218	-0.418374985	0	255	0
-3.28425002	6.92541218	-0.396499991	0	255	0
-3.28425002	6.92541218	-0.407437503	0	255	0
-3.28987503	6.92541218	-0.407437503	0	255	0
-3.28425002	6.92980003	-0.407437503	0	255	0
-3.27862501	6.92980003	-0.396499991	0	255	0
-3.28425002	6.92541218	-0.396499991	0	255	0
-3.27862501	6.92541218	-0.418374985	0	255	0
-3.28425002	6.92541218	-0.407437503	0	255	0
-3.27862501	6.92980003	-0.418374985	0	255	0
-3.273	6.92980003	-0.407437503	0	255	0
-3.273	6.92541218	-0.407437503	0	255	0
-3.273	6.92541218	-0.418374985	0	255	0
-3.28425002	6.9210248	-0.440249979	0	255	0
-3.28425002	6.92980003	-0.451187491	0	255	0
-3.28425002	6.92980003	-0.418374985	0	255	0
-3.273	6.92980003	-0.451187491	0	255	0
-3.28425002	6.9210248	-0.483999997	0	255	0
-3.273	6.9210248	-0.418374985	0	255	0
-3.273	6.9210248	-0.451187491	0	255	0
-3.28425002	6.9210248	-0.451187491	0	255	0
-3.28425002	6.92980003	-0.440249979	0	255	0
-3.28425002	6.92980003	-0.429312468	0	255	0
-3.273	6.92980003	-0.429312468	0	255	0
-3.31800008	6.89469957	-0.308999985	0	255	0
-3.28425002	6.9210248	-0.429312468	0	255	0
-3.273	6.9210248	-0.429312468	0	255	0
-3.273	6.9210248	-0.440249979	0	255	0
-3.29550004	6.91224957	-0.418374985	0	255	0
-3.27862501	6.89908695	-0.418374985	0	255	0
-3.273	6.89908695	-0.396499991	0	255	0
-3.273	6.89908695	-0.407437503	0	255	0
-3.27862501	6.89469957	-0.396499991	0	255	0
-3.273	6.89469957	-0.396499991	0	255	0
-3.273	6.89469957	-0.407437503	0	255	0
-3.28425002	6.89908695	-0.418374985	0	255	0
-3.28425002	6.89908695	-0.407437503	0	255	0
-3.28425002	6.89469957	-0.396499991	0	255	0
-3.28425002	6.89469957	-0.407437503	0	255	0
-3.27862501	6.89469957	-0.418374985	0	255	0
-3.27862501	6.89908695	-0.429312468	0	255	0
-3.273	6.89908695	-0.429312468	0	255	0
-3.273	6.89908695	-0.440249979	0	255	0
-3.27862501	6.89469957	-0.429312468	0	255	0
-3.273	6.89469957	-0.429312468	0	255	0
-3.27862501	6.89469957	-0.440249979	0	255	0
-3.27862501	6.89908695	-0.451187491	0	255	0
-3.27862501	6.89908695	-0.462125003	0	255	0
-3.273	6.89908695	-0.440249979	0	255	0
-3.273	6.89908695	-0.451187491	0	255	0
-3.27862501	6.89469957	-0.440249979	0	255	0
-3.273	6.89469957	-0.451187491	0	255	0
-3.27862501	6.89469957	-0.451187491	0	255	0
-3.273	6.92541218	-0.396499991	0	255	0
-3.26737499	6.9210248	-0.396499991	0	255	0
-3.273	6.9210248	-0.407437503	0	255	0
-3.25612497	6.92980003	-0.396499991	0	255	0
-3.25612497	6.92980003	-0.418374985	0	255	0
-3.25612497	6.92541218	-0.418374985	0	255	0
-3.25049996	6.92541218	-0.396499991	0	255	0
-3.25049996	6.92541218	-0.418374985	0	255	0
-3.26174998	6.92980003	-0.440249979	0	255	0
-3.26737499	6.92541218	-0.440249979	0	255	0
-3.273	6.9210248	-0.440249979	0	255	0
-3.26174998	6.92980003	-0.396499991	0	255	0
-3.26174998	6.92980003	-0.407437503	0	255	0
-3.25049996	6.92980003	-0.407437503	0	255	0
-3.26174998	6.9210248	-0.407437503	0	255	0
-3.25049996	6.9210248	-0.407437503	0	255	0
-3.25049996	6.9210248	-0.396499991	0	255	0
-3.26737499	6.9210248	-0.429312468	0	255	0
-3.26737499	6.9210248	-0.440249979	0	255	0
-3.26174998	6.9210248	-0.429312468	0	255	0
-3.26737499	6.91663742	-0.418374985	0	255	0
-3.26174998	6.91663742	-0.440249979	0	255	0
-3.26174998	6.91663742	-0.429312468	0	255	0
-3.26737499	6.91663742	-0.429312468	0	255	0
-3.25612497	6.91663742	-0.418374985	0	255	0
-3.26737499	6.9210248	-0.418374985	0	255	0
-3.26737499	6.9210248	-0.440249979	0	255	0
-3.26174998	6.91663742	-0.440249979	0	255	0
-3.273	6.91224957	-0.418374985	0	255	0
-3.26737499	6.91224957	-0.418374985	0	255	0
-3.26174998	6.91224957	-0.429312468	0	255	0
-3.26737499	6.91224957	-0.429312468	0	255	0
-3.26174998	6.9210248	-0.429312468	0	255	0
-3.25612497	6.9210248	-0.440249979	0	255	0
-3.25049996	6.9210248	-0.440249979	0	255	0
-3.25049996	6.91663742	-0.440249979	0	255	0
-3.25612497	6.91663742	-0.440249979	0	255	0
-3.26174998	6.91224957	-0.429312468	0	255	0
-3.25049996	6.91224957	-0.429312468	0	255	0
-3.25049996	6.92541218	-0.440249979	0	255	0
-3.25049996	6.92541218	-0.429312468	0	255	0
-3.24487495	6.92541218	-0.429312468	0	255	0
-3.25049996	6.9210248	-0.418374985	0	255	0
-3.25049996	6.9210248	-0.429312468	0	255	0
-3.24487495	6.9210248	-0.429312468	0	255	0
-3.24487495	6.9210248	-0.440249979	0	255	0
-3.25049996	6.9210248	-0.429312468	0	255	0
-3.25049996	6.9210248	-0.396499991	0	255	0
-3.24487495	6.9210248	-0.440249979	0	255	0
-3.24487495	6.9210248	-0.429312468	0	255	0
-3.24487495	6.91663742	-0.418374985	0	255	0
-3.25049996	6.91224957	-0.429312468	0	255	0
-3.23924994	6.91663742	-0.440249979	0	255	0
-3.23924994	6.91663742	-0.429312468	0	255	0
-3.23924994	6.91224957	-0.396499991	0	255	0
-3.23924994	6.91224957	-0.429312468	0	255	0
-3.24487495	6.9210248	-0.418374985	0	255	0
-3.23924994	6.9210248	-0.418374985	0	255	0
-3.23924994	6.91663742	-0.418374985	0	255	0
-3.25049996	6.9210248	-0.429312468	0	255	0
-3.25049996	6.91663742	-0.418374985	0	255	0
-3.24487495	6.91663742	-0.440249979	0	255	0
-3.24487495	6.91224957	-0.418374985	0	255	0
-3.23924994	6.91224957	-0.429312468	0	255	0
-3.23924994	6.91224957	-0.440249979	0	255	0
-3.23924994	6.9210248	-0.429312468	0	255	0
-3.23362494	6.9210248	-0.429312468	0	255	0
-3.23362494	6.9210248	-0.440249979	0	255	0
-3.23924994	6.91663742	-0.429312468	0	255	0
-3.23362494	6.91663742	-0.429312468	0	255	0
-3.23924994	6.91224957	-0.418374985	0	255	0
-3.23924994	6.91663742	-0.440249979	0	255	0
-3.26737499	6.92980003	-0.440249979	0	255	0
-3.273	6.92980003	-0.462125003	0	255	0
-3.273	6.92541218	-0.462125003	0	255	0
-3.26174998	6.92980003	-0.451187491	0	255	0
-3.26737499	6.92541218	-0.462125003	0	255	0
-3.26737499	6.9210248	-0.440249979	0	255	0
-3.273	6.9210248	-0.451187491	0	255	0
-3.26174998	6.9210248	-0.451187491	0	255	0
-3.26737499	6.9210248	-0.462125003	0	255	0
-3.26174998	6.92980003	-0.440249979	0	255	0
-3.25049996	6.92980003	-0.462125003	0	255	0
-3.25612497	6.92541218	-0.462125003	0	255	0
-3.26737499	6.92980003	-0.473062515	0	255	0
-3.26737499	6.92980003	-0.462125003	0	255	0
-3.26174998	6.92980003	-0.473062515	0	255	0
-3.26737499	6.9210248	-0.462125003	0	255	0
-3.26174998	6.9210248	-0.473062515	0	255	0
-3.26737499	6.9210248	-0.473062515	0	255	0
-3.26174998	6.92980003	-0.440249979	0	255	0
-3.26174998	6.92980003	-0.451187491	0	255	0
-3.25049996	6.92980003	-0.451187491	0	255	0
-3.25049996	6.92980003	-0.483999997	0	255	0
-3.26174998	6.9210248	-0.451187491	0	255	0
-3.25049996	6.9210248	-0.451187491	0	255	0
-3.25049996	6.9210248	-0.440249979	0	255	0
-3.26174998	6.9210248	-0.451187491	0	255	0
-3.26174998	6.91663742	-0.440249979	0	255	0
-3.26174998	6.91663742	-0.451187491	0	255	0
-3.25049996	6.91663742	-0.440249979	0	255	0
-3.25612497	6.9210248	-0.462125003	0	255	0
-3.25049996	6.91663742	-0.462125003	0	255	0
-3.26174998	6.91224957	-0.440249979	0	255	0
-3.25049996	6.92980003	-0.396499991	0	255	0
-3.25049996	6.92980003	-0.429312468	0	255	0
-3.23924994	6.92980003	-0.429312468	0	255	0
-3.23924994	6.92980003	-0.440249979	0	255	0
-3.25049996	6.91224957	-0.429312468	0	255	0
-3.22799993	6.9210248	-0.429312468	0	255	0
-3.22799993	6.9210248	-0.440249979	0	255	0
-3.22799993	6.91224957	-0.429312468	0	255	0
-3.22799993	6.91224957	-0.396499991	0	255	0
-3.25612497	6.91224957	-0.473062515	0	255	0
-3.25612497	6.91224957	-0.483999997	0	255	0
-3.25049996	6.91224957	-0.473062515	0	255	0
-3.25612497	6.90347481	-0.483999997	0	255	0
-3.25049996	6.90347481	-0.473062515	0	255	0
-3.25612497	6.90347481	-0.473062515	0	255	0
-3.273	6.89908695	-0.451187491	0	255	0
-3.273	6.89908695	-0.440249979	0	255	0
-3.26737499	6.89908695	-0.462125003	0	255	0
-3.273	6.89469957	-0.451187491	0	255	0
-3.26174998	6.89908695	-0.440249979	0	255	0
-3.26174998	6.89908695	-0.451187491	0	255	0
-3.26174998	6.89469957	-0.483999997	0	255	0
-3.26174998	6.89469957	-0.451187491	0	255	0
-3.25612497	6.90347481	-0.473062515	0	255	0
-3.25612497	6.90347481	-0.483999997	0	255	0
-3.25049996	6.90347481	-0.473062515	0	255	0
-3.26174998	6.89908695	-0.473062515	0	255	0
-3.26174998	6.89908695	-0.483999997	0	255	0
-3.25612497	6.89908695	-0.462125003	0	255	0
-3.26174998	6.89469957	-0.473062515	0	255	0
-3.25049996	6.89469957	-0.473062515	0	255	0
-3.23924994	6.91224957	-0.418374985	0	255	0
-3.24487495	6.90786219	-0.418374985	0	255	0
-3.23924994	6.91224957	-0.407437503	0	255	0
-3.23362494	6.91224957	-0.396499991	0	255	0
-3.23362494	6.91224957	-0.407437503	0	255	0
-3.23362494	6.90786219	-0.418374985	0	255	0
-3.23362494	6.90347481	-0.396499991	0	255	0
-3.23924994	6.90786219	-0.418374985	0	255	0
-3.23362494	6.90347481	-0.418374985	0	255	0
-3.25049996	6.91224957	-0.429312468	0	255	0
-3.24487495	6.91224957	-0.418374985	0	255	0
-3.24487495	6.91224957	-0.440249979	0	255	0
-3.23924994	6.91224957	-0.429312468	0	255	0
-3.23924994	6.91224957	-0.440249979	0	255	0
-3.24487495	6.90786219	-0.440249979	0	255	0
-3.23924994	6.90786219	-0.418374985	0	255	0
-3.25049996	6.90786219	-0.440249979	0	255	0
-3.23924994	6.91224957	-0.396499991	0	255	0
-3.23924994	6.91224957	-0.407437503	0	255	0
-3.22799993	6.91224957	-0.407437503	0	255	0
-3.22799993	6.91224957	-0.440249979	0	255	0
-3.23924994	6.90347481	-0.407437503	0	255	0
-3.22799993	6.90347481	-0.407437503	0	255	0
-3.22799993	6.90347481	-0.396499991	0	255	0
-3.25049996	6.90347481	-0.429312468	0	255	0
-3.23924994	6.90347481	-0.429312468	0	255	0
-3.24487495	6.89908695	-0.418374985	0	255	0
-3.25049996	6.89469957	-0.429312468	0	255	0
-3.23924994	6.89469957	-0.429312468	0	255	0
-3.23362494	6.90347481	-0.396499991	0	255	0
-3.23924994	6.89908695	-0.396499991	0	255	0
-3.23362494	6.89908695	-0.418374985	0	255	0
-3.23362494	6.90347481	-0.418374985	0	255	0
-3.23924994	6.89908695	-0.418374985	0	255	0
-3.23924994	6.90347481	-0.429312468	0	255	0
-3.23924994	6.89908695	-0.418374985	0	255	0
-3.24487495	6.90347481	-0.440249979	0	255	0
-3.24487495	6.89908695	-0.440249979	0	255	0
-3.24487495	6.89469957	-0.418374985	0	255	0
-3.23924994	6.89908695	-0.440249979	0	255	0
-3.23924994	6.89469957	-0.429312468	0	255	0
-3.23924994	6.89469957	-0.440249979	0	255	0
-3.23362494	6.90347481	-0.418374985	0	255	0
-3.23924994	6.89908695	-0.418374985	0	255	0
-3.23362494	6.89908695	-0.440249979	0	255	0
-3.23924994	6.89908695	-0.440249979	0	255	0
-3.22799993	6.90347481	-0.429312468	0	255	0
-3.22799993	6.90347481	-0.440249979	0	255	0
-3.22799993	6.89908695	-0.429312468	0	255	0
-3.22799993	6.89908695	-0.440249979	0	255	0
-3.273	6.89908695	-0.473062515	0	255	0
-3.273	6.89908695	-0.483999997	0	255	0
-3.26737499	6.89908695	-0.462125003	0	255	0
-3.273	6.89469957	-0.473062515	0	255	0
-3.26174998	6.89908695	-0.483999997	0	255	0
-3.26174998	6.89908695	-0.473062515	0	255	0
-3.26174998	6.89469957	-0.473062515	0	255	0
-3.26174998	6.89908695	-0.451187491	0	255	0
-3.26174998	6.89908695	-0.440249979	0	255	0
-3.25612497	6.89908695	-0.462125003	0	255	0
-3.26174998	6.89469957	-0.451187491	0	255	0
-3.25049996	6.89908695	-0.440249979	0	255	0
-3.25049996	6.89908695	-0.462125003	0	255	0
-3.25049996	6.89469957	-0.462125003	0	255	0
-3.25612497	6.89469957	-0.462125003	0	255	0
-3.24487495	6.90786219	-0.451187491	0	255	0
-3.24487495	6.90786219	-0.462125003	0	255	0
-3.23924994	6.90786219	-0.440249979	0	255	0
-3.23924994	6.90786219	-0.451187491	0	255	0
-3.24487495	6.90347481	-0.440249979	0	255	0
-3.23924994	6.90347481	-0.451187491	0	255	0
-3.24487495	6.90347481	-0.451187491	0	255	0
-3.23924994	6.90786219	-0.451187491	0	255	0
-3.23924994	6.90786219	-0.440249979	0	255	0
-3.23362494	6.90786219	-0.462125003	0	255	0
-3.23924994	6.90347481	-0.451187491	0	255	0
-3.22799993	6.90786219	-0.440249979	0	255	0
-3.22799993	6.90786219	-0.451187491	0	255	0
-3.22799993	6.90347481	-0.451187491	0	255	0
-3.24487495	6.90347481	-0.473062515	0	255	0
-3.24487495	6.90347481	-0.483999997	0	255	0
-3.23924994	6.90347481	-0.473062515	0	255	0
-3.24487495	6.89469957	-0.483999997	0	255	0
-3.23924994	6.89469957	-0.473062515	0	255	0
-3.24487495	6.89469957	-0.473062515	0	255	0
-3.22799993	6.90347481	-0.451187491	0	255	0
-3.22799993	6.89908695	-0.440249979	0	255	0
-3.22799993	6.89908695	-0.451187491	0	255	0
-3.23924994	6.90347481	-0.462125003	0	255	0
-3.23362494	6.90347481	-0.462125003	0	255	0
-3.23924994	6.89908695	-0.462125003	0	255	0
-3.23362494	6.89908695	-0.462125003	0	255	0
-3.23362494	6.89469957	-0.440249979	0	255	0
-3.23362494	6.89469957	-0.451187491	0	255	0
-3.23924994	6.89469957	-0.451187491	0	255	0
