-6.37524986	6.63137436	0.437999994	0	255	0
-6.37137508	6.63190556	0.416687489	0	255	0
-6.36750031	6.63190556	0.416687489	0	255	0
-6.36750031	6.63190556	0.395375013	0	255	0
-6.37137508	6.63137436	0.416687489	0	255	0
-6.36750031	6.63137436	0.416687489	0	255	0
-6.36750031	6.63137436	0.395375013	0	255	0
-6.37137508	6.63137436	0.395375013	0	255	0
-6.36750031	6.63349962	0.416687489	0	255	0
-6.36750031	6.63349962	0.437999994	0	255	0
-6.36362553	6.63349962	0.437999994	0	255	0
-6.36362553	6.63349962	0.416687489	0	255	0
-6.36362553	6.63296795	0.395375013	0	255	0
-6.36362553	6.63243675	0.437999994	0	255	0
-6.36362553	6.63243675	0.416687489	0	255	0
-6.36750031	6.63243675	0.416687489	0	255	0
-6.35587502	6.63349962	0.416687489	0	255	0
-6.35587502	6.63349962	0.437999994	0	255	0
-6.35200024	6.63349962	0.416687489	0	255	0
-6.35200024	6.63296795	0.437999994	0	255	0
-6.35200024	6.63296795	0.416687489	0	255	0
-6.35975027	6.63296795	0.416687489	0	255	0
-6.35975027	6.63296795	0.437999994	0	255	0
-6.35587502	6.63296795	0.395375013	0	255	0
-6.35587502	6.63243675	0.437999994	0	255	0
-6.35587502	6.63243675	0.416687489	0	255	0
-6.35975027	6.63243675	0.416687489	0	255	0
-6.36362553	6.63243675	0.374062508	0	255	0
-6.36362553	6.63243675	0.352750003	0	255	0
-6.35975027	6.63243675	0.374062508	0	255	0
-6.36750031	6.63190556	0.374062508	0	255	0
-6.36750031	6.63190556	0.352750003	0	255	0
-6.36362553	6.63190556	0.395375013	0	255	0
-6.36750031	6.63137436	0.374062508	0	255	0
-6.35975027	6.63137436	0.374062508	0	255	0
-6.35975027	6.63243675	0.416687489	0	255	0
-6.35587502	6.63243675	0.437999994	0	255	0
-6.35587502	6.63243675	0.416687489	0	255	0
-6.35975027	6.63190556	0.437999994	0	255	0
-6.35587502	6.63190556	0.395375013	0	255	0
-6.35975027	6.63190556	0.395375013	0	255	0
-6.35975027	6.63137436	0.416687489	0	255	0
-6.35200024	6.63190556	0.416687489	0	255	0
-6.35200024	6.63190556	0.395375013	0	255	0
-6.35200024	6.63137436	0.416687489	0	255	0
-6.35200024	6.63137436	0.395375013	0	255	0
-6.35975027	6.63190556	0.352750003	0	255	0
-6.35975027	6.63190556	0.374062508	0	255	0
-6.35975027	6.63137436	0.374062508	0	255	0
-6.35975027	6.63137436	0.352750003	0	255	0
-6.35200024	6.63190556	0.374062508	0	255	0
-6.35200024	6.63190556	0.352750003	0	255	0
-6.35200024	6.63137436	0.374062508	0	255	0
-6.35975027	6.63349962	0.352750003	0	255	0
-6.35975027	6.63349962	0.374062508	0	255	0
-6.35200024	6.63349962	0.374062508	0	255	0
-6.36750031	6.63243675	0.352750003	0	255	0
-6.36750031	6.63243675	0.374062508	0	255	0
-6.36750031	6.63137436	0.374062508	0	255	0
-6.35200024	6.63137436	0.374062508	0	255	0
-6.35200024	6.63137436	0.437999994	0	255	0
-6.37137508	6.63137436	0.288812488	0	255	0
-6.37137508	6.63137436	0.267499983	0	255	0
-6.36750031	6.63137436	0.267499983	0	255	0
-6.36750031	6.63137436	0.288812488	0	255	0
-6.37524986	6.63084316	0.288812488	0	255	0
-6.37524986	6.63084316	0.267499983	0	255	0
-6.37137508	6.63084316	0.310124993	0	255	0
-6.37524986	6.63031197	0.288812488	0	255	0
-6.36750031	6.63031197	0.288812488	0	255	0
-6.37912464	6.63031197	0.331437498	0	255	0
-6.37912464	6.63031197	0.352750003	0	255	0
-6.37524986	6.63031197	0.331437498	0	255	0
-6.3829999	6.62978077	0.331437498	0	255	0
-6.3829999	6.62978077	0.352750003	0	255	0
-6.37912464	6.62978077	0.310124993	0	255	0
-6.3829999	6.62924957	0.331437498	0	255	0
-6.37524986	6.62924957	0.267499983	0	255	0
-6.37524986	6.62924957	0.331437498	0	255	0
-6.37524986	6.63031197	0.288812488	0	255	0
-6.36750031	6.63031197	0.288812488	0	255	0
-6.37137508	6.62978077	0.310124993	0	255	0
-6.37524986	6.62924957	0.288812488	0	255	0
-6.36750031	6.62924957	0.288812488	0	255	0
-6.36750031	6.63137436	0.416687489	0	255	0
-6.35975027	6.63137436	0.416687489	0	255	0
-6.35975027	6.63137436	0.395375013	0	255	0
-6.36750031	6.63031197	0.416687489	0	255	0
-6.35975027	6.63031197	0.416687489	0	255	0
-6.36750031	6.63137436	0.374062508	0	255	0
-6.36362553	6.63137436	0.395375013	0	255	0
-6.36362553	6.63137436	0.374062508	0	255	0
-6.36362553	6.63084316	0.352750003	0	255	0
-6.36750031	6.63031197	0.374062508	0	255	0
-6.35975027	6.63084316	0.395375013	0	255	0
-6.35975027	6.63084316	0.352750003	0	255	0
-6.36362553	6.63031197	0.352750003	0	255	0
-6.35975027	6.63137436	0.437999994	0	255	0
-6.35975027	6.63137436	0.416687489	0	255	0
-6.35200024	6.63137436	0.416687489	0	255	0
-6.35975027	6.63031197	0.416687489	0	255	0
-6.35200024	6.63031197	0.416687489	0	255	0
-6.35200024	6.63031197	0.437999994	0	255	0
-6.36750031	6.63031197	0.374062508	0	255	0
-6.36362553	6.63031197	0.352750003	0	255	0
-6.36362553	6.63031197	0.374062508	0	255	0
-6.36750031	6.62978077	0.352750003	0	255	0
-6.36750031	6.62978077	0.374062508	0	255	0
-6.35975027	6.62978077	0.352750003	0	255	0
-6.35975027	6.62978077	0.374062508	0	255	0
-6.36362553	6.62924957	0.352750003	0	255	0
-6.35975027	6.62924957	0.437999994	0	255	0
-6.35975027	6.62924957	0.374062508	0	255	0
-6.36362553	6.62924957	0.374062508	0	255	0
-6.36750031	6.63031197	0.352750003	0	255	0
-6.35975027	6.62978077	0.352750003	0	255	0
-6.36362553	6.62978077	0.352750003	0	255	0
-6.35975027	6.62924957	0.374062508	0	255	0
-6.36362553	6.62924957	0.352750003	0	255	0
-6.35587502	6.63031197	0.395375013	0	255	0
-6.35975027	6.62978077	0.395375013	0	255	0
-6.35587502	6.62978077	0.352750003	0	255	0
-6.35587502	6.63031197	0.352750003	0	255	0
-6.35975027	6.62978077	0.352750003	0	255	0
-6.37524986	6.63084316	0.331437498	0	255	0
-6.37524986	6.63084316	0.352750003	0	255	0
-6.37137508	6.63084316	0.310124993	0	255	0
-6.37524986	6.63031197	0.331437498	0	255	0
-6.36750031	6.63084316	0.352750003	0	255	0
-6.36750031	6.63084316	0.331437498	0	255	0
-6.36750031	6.63031197	0.331437498	0	255	0
-6.37137508	6.63031197	0.331437498	0	255	0
-6.37137508	6.63031197	0.352750003	0	255	0
-6.36750031	6.63031197	0.331437498	0	255	0
-6.37137508	6.62924957	0.352750003	0	255	0
-6.36750031	6.62924957	0.331437498	0	255	0
-6.37137508	6.62924957	0.331437498	0	255	0
-6.37137508	6.63031197	0.267499983	0	255	0
-6.37137508	6.63031197	0.288812488	0	255	0
-6.36750031	6.63031197	0.288812488	0	255	0
-6.36750031	6.63031197	0.267499983	0	255	0
-6.37137508	6.62924957	0.288812488	0	255	0
-6.36750031	6.62924957	0.288812488	0	255	0
-6.37137508	6.62924957	0.267499983	0	255	0
-6.36750031	6.63137436	0.331437498	0	255	0
-6.35975027	6.63137436	0.331437498	0	255	0
-6.36362553	6.63084316	0.310124993	0	255	0
-6.36750031	6.63031197	0.331437498	0	255	0
-6.35975027	6.63084316	0.310124993	0	255	0
-6.36362553	6.63031197	0.310124993	0	255	0
-6.35587502	6.63137436	0.352750003	0	255	0
-6.35975027	6.63084316	0.352750003	0	255	0
-6.35587502	6.63084316	0.310124993	0	255	0
-6.35587502	6.63137436	0.310124993	0	255	0
-6.35975027	6.63031197	0.331437498	0	255	0
-6.35587502	6.63031197	0.331437498	0	255	0
-6.35587502	6.63031197	0.310124993	0	255	0
-6.36750031	6.63137436	0.288812488	0	255	0
-6.36750031	6.63137436	0.310124993	0	255	0
-6.36362553	6.63137436	0.267499983	0	255	0
-6.35975027	6.63137436	0.267499983	0	255	0
-6.36362553	6.63084316	0.267499983	0	255	0
-6.36750031	6.63084316	0.267499983	0	255	0
-6.35975027	6.63137436	0.352750003	0	255	0
-6.35975027	6.63137436	0.331437498	0	255	0
-6.35200024	6.63137436	0.331437498	0	255	0
-6.35200024	6.63137436	0.267499983	0	255	0
-6.35975027	6.63031197	0.331437498	0	255	0
-6.35200024	6.63031197	0.331437498	0	255	0
-6.35200024	6.63031197	0.352750003	0	255	0
-6.36750031	6.63031197	0.288812488	0	255	0
-6.35975027	6.63031197	0.288812488	0	255	0
-6.36362553	6.62978077	0.310124993	0	255	0
-6.36750031	6.62924957	0.288812488	0	255	0
-6.35975027	6.62924957	0.288812488	0	255	0
-6.35975027	6.63031197	0.331437498	0	255	0
-6.35587502	6.63031197	0.331437498	0	255	0
-6.35587502	6.63031197	0.310124993	0	255	0
-6.35975027	6.62924957	0.331437498	0	255	0
-6.35200024	6.62978077	0.331437498	0	255	0
-6.35200024	6.62978077	0.310124993	0	255	0
-6.35200024	6.62924957	0.331437498	0	255	0
-6.36362553	6.63031197	0.310124993	0	255	0
-6.35975027	6.63031197	0.288812488	0	255	0
-6.36750031	6.63031197	0.288812488	0	255	0
-6.36362553	6.63031197	0.267499983	0	255	0
-6.36750031	6.62978077	0.310124993	0	255	0
-6.36362553	6.62978077	0.267499983	0	255	0
-6.35975027	6.62978077	0.267499983	0	255	0
-6.35975027	6.62924957	0.267499983	0	255	0
-6.35200024	6.63031197	0.310124993	0	255	0
-6.35200024	6.63031197	0.288812488	0	255	0
-6.35587502	6.63031197	0.267499983	0	255	0
-6.35975027	6.62978077	0.267499983	0	255	0
-6.35587502	6.62978077	0.267499983	0	255	0
-6.35975027	6.62924957	0.288812488	0	255	0
-6.35200024	6.62978077	0.267499983	0	255	0
-6.35587502	6.62924957	0.267499983	0	255	0
-6.35200024	6.63349962	0.416687489	0	255	0
-6.34812546	6.63349962	0.395375013	0	255	0
-6.34812546	6.63296795	0.395375013	0	255	0
-6.35200024	6.63243675	0.416687489	0	255	0
-6.34812546	6.63243675	0.395375013	0	255	0
-6.33650017	6.63349962	0.437999994	0	255	0
-6.33650017	6.63296795	0.437999994	0	255	0
-6.33650017	6.63349962	0.395375013	0	255	0
-6.34037495	6.63296795	0.395375013	0	255	0
-6.34037495	6.63243675	0.437999994	0	255	0
-6.33650017	6.63243675	0.416687489	0	255	0
-6.33650017	6.63243675	0.395375013	0	255	0
-6.34812546	6.63296795	0.352750003	0	255	0
-6.3442502	6.63296795	0.395375013	0	255	0
-6.34812546	6.63243675	0.395375013	0	255	0
-6.3442502	6.63296795	0.352750003	0	255	0
-6.34812546	6.63243675	0.352750003	0	255	0
-6.3442502	6.63349962	0.437999994	0	255	0
-6.3442502	6.63349962	0.416687489	0	255	0
-6.33650017	6.63349962	0.416687489	0	255	0
-6.3442502	6.63243675	0.416687489	0	255	0
-6.33650017	6.63243675	0.416687489	0	255	0
-6.33650017	6.63243675	0.437999994	0	255	0
-6.35200024	6.63243675	0.374062508	0	255	0
-6.3442502	6.63243675	0.374062508	0	255	0
-6.34812546	6.63190556	0.395375013	0	255	0
-6.35200024	6.63137436	0.374062508	0	255	0
-6.3442502	6.63137436	0.374062508	0	255	0
-6.34037495	6.63243675	0.437999994	0	255	0
-6.3442502	6.63190556	0.437999994	0	255	0
-6.34037495	6.63190556	0.395375013	0	255	0
-6.34037495	6.63243675	0.395375013	0	255	0
-6.3442502	6.63190556	0.395375013	0	255	0
-6.35200024	6.63243675	0.374062508	0	255	0
-6.34812546	6.63243675	0.395375013	0	255	0
-6.34812546	6.63243675	0.352750003	0	255	0
-6.3442502	6.63243675	0.374062508	0	255	0
-6.34812546	6.63190556	0.352750003	0	255	0
-6.3442502	6.63190556	0.395375013	0	255	0
-6.35200024	6.63190556	0.352750003	0	255	0
-6.3442502	6.63137436	0.352750003	0	255	0
-6.34037495	6.63243675	0.395375013	0	255	0
-6.34037495	6.63243675	0.352750003	0	255	0
-6.3442502	6.63190556	0.352750003	0	255	0
-6.34037495	6.63190556	0.352750003	0	255	0
-6.3442502	6.63137436	0.374062508	0	255	0
-6.33650017	6.63190556	0.395375013	0	255	0
-6.33650017	6.63190556	0.374062508	0	255	0
-6.33650017	6.63137436	0.395375013	0	255	0
-6.33650017	6.63137436	0.374062508	0	255	0
-6.33262539	6.63349962	0.437999994	0	255	0
-6.33262539	6.63296795	0.395375013	0	255	0
-6.32875013	6.63296795	0.437999994	0	255	0
-6.33262539	6.63349962	0.395375013	0	255	0
-6.32875013	6.63296795	0.395375013	0	255	0
-6.33650017	6.63296795	0.395375013	0	255	0
-6.33650017	6.63296795	0.416687489	0	255	0
-6.33650017	6.63243675	0.416687489	0	255	0
-6.33262539	6.63243675	0.416687489	0	255	0
-6.33262539	6.63243675	0.395375013	0	255	0
-6.32875013	6.63349962	0.416687489	0	255	0
-6.32487488	6.63349962	0.437999994	0	255	0
-6.32487488	6.63349962	0.416687489	0	255	0
-6.32875013	6.63296795	0.437999994	0	255	0
-6.32487488	6.63296795	0.395375013	0	255	0
-6.32487488	6.63296795	0.416687489	0	255	0
-6.32875013	6.63296795	0.416687489	0	255	0
-6.33650017	6.63349962	0.395375013	0	255	0
-6.33650017	6.63296795	0.395375013	0	255	0
-6.32875013	6.63349962	0.352750003	0	255	0
-6.32875013	6.63296795	0.352750003	0	255	0
-6.33262539	6.63243675	0.395375013	0	255	0
-6.32875013	6.63243675	0.395375013	0	255	0
-6.32875013	6.63243675	0.374062508	0	255	0
-6.33650017	6.63243675	0.374062508	0	255	0
-6.33262539	6.63243675	0.352750003	0	255	0
-6.33650017	6.63243675	0.374062508	0	255	0
-6.33262539	6.63243675	0.374062508	0	255	0
-6.33262539	6.63243675	0.352750003	0	255	0
-6.33650017	6.63190556	0.374062508	0	255	0
-6.33262539	6.63190556	0.374062508	0	255	0
-6.33650017	6.63137436	0.395375013	0	255	0
-6.33650017	6.63190556	0.352750003	0	255	0
-6.34812546	6.63349962	0.331437498	0	255	0
-6.34812546	6.63349962	0.352750003	0	255	0
-6.3442502	6.63349962	0.352750003	0	255	0
-6.3442502	6.63349962	0.331437498	0	255	0
-6.34812546	6.63243675	0.352750003	0	255	0
-6.3442502	6.63296795	0.310124993	0	255	0
-6.34812546	6.63243675	0.310124993	0	255	0
-6.34037495	6.63349962	0.352750003	0	255	0
-6.3442502	6.63349962	0.331437498	0	255	0
-6.33650017	6.63349962	0.310124993	0	255	0
-6.34037495	6.63243675	0.352750003	0	255	0
-6.33650017	6.63243675	0.352750003	0	255	0
-6.3442502	6.63243675	0.331437498	0	255	0
-6.34812546	6.63349962	0.310124993	0	255	0
-6.34812546	6.63349962	0.267499983	0	255	0
-6.3442502	6.63349962	0.267499983	0	255	0
-6.34812546	6.63243675	0.310124993	0	255	0
-6.34812546	6.63243675	0.267499983	0	255	0
-6.3442502	6.63349962	0.352750003	0	255	0
-6.3442502	6.63349962	0.331437498	0	255	0
-6.33650017	6.63349962	0.331437498	0	255	0
-6.33650017	6.63349962	0.267499983	0	255	0
-6.3442502	6.63243675	0.331437498	0	255	0
-6.33650017	6.63243675	0.331437498	0	255	0
-6.33650017	6.63243675	0.352750003	0	255	0
-6.35200024	6.63243675	0.288812488	0	255	0
-6.3442502	6.63243675	0.288812488	0	255	0
-6.34812546	6.63190556	0.310124993	0	255	0
-6.35200024	6.63137436	0.288812488	0	255	0
-6.3442502	6.63137436	0.288812488	0	255	0
-6.3442502	6.63243675	0.331437498	0	255	0
-6.34037495	6.63243675	0.331437498	0	255	0
-6.34037495	6.63243675	0.310124993	0	255	0
-6.3442502	6.63190556	0.352750003	0	255	0
-6.34037495	6.63190556	0.310124993	0	255	0
-6.34037495	6.63190556	0.310124993	0	255	0
-6.34037495	6.63137436	0.352750003	0	255	0
-6.34037495	6.63137436	0.310124993	0	255	0
-6.3442502	6.63243675	0.288812488	0	255	0
-6.35200024	6.63243675	0.267499983	0	255	0
-6.34812546	6.63243675	0.267499983	0	255	0
-6.34812546	6.63190556	0.267499983	0	255	0
-6.3442502	6.63137436	0.288812488	0	255	0
-6.34812546	6.63137436	0.267499983	0	255	0
-6.34037495	6.63243675	0.288812488	0	255	0
-6.34037495	6.63243675	0.310124993	0	255	0
-6.33650017	6.63243675	0.288812488	0	255	0
-6.3442502	6.63190556	0.288812488	0	255	0
-6.3442502	6.63190556	0.310124993	0	255	0
-6.34037495	6.63190556	0.267499983	0	255	0
-6.3442502	6.63137436	0.288812488	0	255	0
-6.33650017	6.63137436	0.310124993	0	255	0
-6.33650017	6.63190556	0.267499983	0	255	0
-6.34037495	6.63137436	0.267499983	0	255	0
-6.33650017	6.63349962	0.352750003	0	255	0
-6.3210001	6.63349962	0.352750003	0	255	0
-6.3210001	6.63349962	0.288812518	0	255	0
-6.3210001	6.63243675	0.352750003	0	255	0
-6.3210001	6.63243675	0.288812518	0	255	0
-6.33650017	6.63349962	0.224875003	0	255	0
-6.32875013	6.63349962	0.224875003	0	255	0
-6.32875013	6.63243675	0.224875003	0	255	0
-6.32875013	6.63137436	0.352750003	0	255	0
-6.32875013	6.63137436	0.224875003	0	255	0
-6.33650017	6.63137436	0.224875003	0	255	0
-6.35200024	6.63137436	0.288812488	0	255	0
-6.3442502	6.63137436	0.267499983	0	255	0
-6.3442502	6.63137436	0.288812488	0	255	0
-6.3442502	6.63084316	0.267499983	0	255	0
-6.3442502	6.63084316	0.288812488	0	255	0
-6.34812546	6.63084316	0.310124993	0	255	0
-6.34812546	6.63031197	0.267499983	0	255	0
-6.34812546	6.63031197	0.288812488	0	255	0
-6.35200024	6.63031197	0.288812488	0	255	0
-6.34037495	6.63137436	0.288812488	0	255	0
-6.34037495	6.63137436	0.267499983	0	255	0
-6.33650017	6.63137436	0.267499983	0	255	0
-6.33650017	6.63137436	0.288812488	0	255	0
-6.34037495	6.63084316	0.310124993	0	255	0
-6.33650017	6.63084316	0.267499983	0	255	0
-6.33650017	6.63084316	0.288812488	0	255	0
-6.34037495	6.63084316	0.288812488	0	255	0
-6.35200024	6.63084316	0.352750003	0	255	0
-6.3442502	6.63137436	0.352750003	0	255	0
-6.3442502	6.63084316	0.352750003	0	255	0
-6.3442502	6.63084316	0.310124993	0	255	0
-6.35200024	6.63031197	0.331437498	0	255	0
-6.34812546	6.63031197	0.331437498	0	255	0
-6.34812546	6.63031197	0.310124993	0	255	0
-6.3442502	6.63084316	0.310124993	0	255	0
-6.35200024	6.63084316	0.267499983	0	255	0
-6.3442502	6.63137436	0.267499983	0	255	0
-6.3442502	6.63084316	0.267499983	0	255	0
-6.34812546	6.63084316	0.267499983	0	255	0
-6.34812546	6.63031197	0.310124993	0	255	0
-6.34812546	6.63031197	0.288812488	0	255	0
-6.35200024	6.63031197	0.288812488	0	255	0
-6.35200024	6.63031197	0.288812488	0	255	0
-6.35200024	6.62978077	0.267499983	0	255	0
-6.35200024	6.62978077	0.288812488	0	255	0
-6.3442502	6.63031197	0.267499983	0	255	0
-6.3442502	6.63031197	0.288812488	0	255	0
-6.3442502	6.62978077	0.267499983	0	255	0
-6.3442502	6.62978077	0.288812488	0	255	0
-6.35200024	6.63031197	0.267499983	0	255	0
-6.35200024	6.63031197	0.288812488	0	255	0
-6.34812546	6.63031197	0.288812488	0	255	0
-6.34812546	6.63031197	0.267499983	0	255	0
-6.35200024	6.62978077	0.288812488	0	255	0
-6.34812546	6.62978077	0.288812488	0	255	0
-6.35200024	6.62924957	0.310124993	0	255	0
-6.35200024	6.62978077	0.267499983	0	255	0
-6.35587502	6.63349962	0.246187478	0	255	0
-6.35587502	6.63349962	0.267499983	0	255	0
-6.35200024	6.63349962	0.246187478	0	255	0
-6.35587502	6.63296795	0.224874988	0	255	0
-6.35200024	6.63296795	0.267499983	0	255	0
-6.35200024	6.63296795	0.246187478	0	255	0
-6.35587502	6.63296795	0.246187478	0	255	0
-6.36362553	6.63190556	0.203562498	0	255	0
-6.36362553	6.63190556	0.224874988	0	255	0
-6.35975027	6.63190556	0.182249993	0	255	0
-6.35975027	6.63190556	0.203562498	0	255	0
-6.36362553	6.63137436	0.182249993	0	255	0
-6.35975027	6.63137436	0.203562498	0	255	0
-6.36362553	6.63137436	0.203562498	0	255	0
-6.35975027	6.63243675	0.224874988	0	255	0
-6.35975027	6.63243675	0.246187478	0	255	0
-6.35587502	6.63243675	0.246187478	0	255	0
-6.35587502	6.63243675	0.224874988	0	255	0
-6.35975027	6.63190556	0.246187478	0	255	0
-6.35975027	6.63190556	0.224874988	0	255	0
-6.35587502	6.63190556	0.224874988	0	255	0
-6.35200024	6.63190556	0.267499983	0	255	0
-6.35587502	6.63137436	0.267499983	0	255	0
-6.35200024	6.63190556	0.224874988	0	255	0
-6.35587502	6.63137436	0.224874988	0	255	0
-6.35587502	6.63243675	0.203562498	0	255	0
-6.35587502	6.63243675	0.224874988	0	255	0
-6.35200024	6.63243675	0.224874988	0	255	0
-6.35200024	6.63243675	0.203562498	0	255	0
-6.35975027	6.63190556	0.203562498	0	255	0
-6.35975027	6.63190556	0.224874988	0	255	0
-6.35587502	6.63190556	0.182249993	0	255	0
-6.35975027	6.63137436	0.203562498	0	255	0
-6.35200024	6.63137436	0.203562498	0	255	0
-6.35975027	6.63349962	0.182249993	0	255	0
-6.35975027	6.63349962	0.203562498	0	255	0
-6.35200024	6.63349962	0.203562498	0	255	0
-6.35200024	6.63349962	0.0970000029	0	255	0
-6.36750031	6.63243675	0.182249993	0	255	0
-6.36750031	6.63243675	0.203562498	0	255	0
-6.36750031	6.63137436	0.203562498	0	255	0
-6.36750031	6.63137436	0.182249993	0	255	0
-6.35200024	6.63137436	0.203562498	0	255	0
-6.35200024	6.63137436	0.267499983	0	255	0
-6.37137508	6.63031197	0.1183125	0	255	0
-6.37137508	6.63031197	0.0970000029	0	255	0
-6.36750031	6.63031197	0.0970000029	0	255	0
-6.36750031	6.63031197	0.1183125	0	255	0
-6.37137508	6.62978077	0.139624998	0	255	0
-6.36750031	6.62978077	0.0970000029	0	255	0
-6.36750031	6.62978077	0.1183125	0	255	0
-6.37137508	6.62978077	0.1183125	0	255	0
-6.36362553	6.63084316	0.224874988	0	255	0
-6.35975027	6.63084316	0.267499983	0	255	0
-6.36362553	6.63031197	0.267499983	0	255	0
-6.36750031	6.63084316	0.224874988	0	255	0
-6.36750031	6.63084316	0.246187478	0	255	0
-6.36750031	6.63031197	0.246187478	0	255	0
-6.35975027	6.63084316	0.224874988	0	255	0
-6.35587502	6.63137436	0.267499983	0	255	0
-6.35200024	6.63084316	0.267499983	0	255	0
-6.35975027	6.63137436	0.224874988	0	255	0
-6.35975027	6.63137436	0.246187478	0	255	0
-6.35200024	6.63137436	0.224874988	0	255	0
-6.35975027	6.63084316	0.267499983	0	255	0
-6.35587502	6.63084316	0.224874988	0	255	0
-6.35587502	6.63031197	0.267499983	0	255	0
-6.35200024	6.63031197	0.246187478	0	255	0
-6.36362553	6.63084316	0.203562498	0	255	0
-6.36362553	6.63084316	0.182249993	0	255	0
-6.35975027	6.63084316	0.224874988	0	255	0
-6.35975027	6.63084316	0.203562498	0	255	0
-6.36362553	6.63031197	0.224874988	0	255	0
-6.35975027	6.63031197	0.203562498	0	255	0
-6.36362553	6.63031197	0.203562498	0	255	0
-6.35975027	6.63137436	0.267499983	0	255	0
-6.35975027	6.63137436	0.246187478	0	255	0
-6.35200024	6.63137436	0.246187478	0	255	0
-6.35975027	6.63031197	0.246187478	0	255	0
-6.35200024	6.63031197	0.246187478	0	255	0
-6.35200024	6.63031197	0.267499983	0	255	0
-6.36750031	6.63031197	0.203562498	0	255	0
-6.35975027	6.63031197	0.203562498	0	255	0
-6.36362553	6.62978077	0.224874988	0	255	0
-6.36750031	6.62924957	0.203562498	0	255	0
-6.35975027	6.62924957	0.203562498	0	255	0
-6.35200024	6.63031197	0.267499983	0	255	0
-6.35200024	6.62978077	0.267499983	0	255	0
-6.35587502	6.62978077	0.224874988	0	255	0
-6.35587502	6.62924957	0.267499983	0	255	0
-6.35200024	6.62924957	0.246187478	0	255	0
-6.35200024	6.62924957	0.224874988	0	255	0
-6.36750031	6.63031197	0.203562498	0	255	0
-6.36362553	6.63031197	0.182249993	0	255	0
-6.36362553	6.62978077	0.182249993	0	255	0
-6.36750031	6.62978077	0.182249993	0	255	0
-6.36750031	6.62924957	0.182249993	0	255	0
-6.35587502	6.63031197	0.224874988	0	255	0
-6.35200024	6.63031197	0.203562498	0	255	0
-6.35200024	6.63031197	0.182249993	0	255	0
-6.35200024	6.62978077	0.203562498	0	255	0
-6.35200024	6.62978077	0.182249993	0	255	0
-6.35587502	6.62978077	0.182249993	0	255	0
-6.35587502	6.62924957	0.224874988	0	255	0
-6.35587502	6.62924957	0.182249993	0	255	0
-6.36362553	6.63137436	0.139624998	0	255	0
-6.36362553	6.63137436	0.160937488	0	255	0
-6.35975027	6.63137436	0.160937488	0	255	0
-6.35975027	6.63137436	0.139624998	0	255	0
-6.36362553	6.63084316	0.160937488	0	255	0
-6.35975027	6.63084316	0.160937488	0	255	0
-6.35975027	6.63084316	0.139624998	0	255	0
-6.35587502	6.63137436	0.182249993	0	255	0
-6.35200024	6.63084316	0.182249993	0	255	0
-6.35587502	6.63137436	0.139624998	0	255	0
-6.35200024	6.63137436	0.139624998	0	255	0
-6.35975027	6.63084316	0.182249993	0	255	0
-6.35587502	6.63084316	0.139624998	0	255	0
-6.35587502	6.63031197	0.182249993	0	255	0
-6.35975027	6.63084316	0.139624998	0	255	0
-6.35200024	6.63031197	0.160937488	0	255	0
-6.36362553	6.63084316	0.1183125	0	255	0
-6.36362553	6.63084316	0.0970000029	0	255	0
-6.35975027	6.63084316	0.139624998	0	255	0
-6.35975027	6.63084316	0.1183125	0	255	0
-6.36362553	6.63031197	0.139624998	0	255	0
-6.35975027	6.63031197	0.1183125	0	255	0
-6.36362553	6.63031197	0.1183125	0	255	0
-6.35975027	6.63137436	0.182249993	0	255	0
-6.35975027	6.63137436	0.160937488	0	255	0
-6.35200024	6.63137436	0.160937488	0	255	0
-6.35200024	6.63137436	0.0970000029	0	255	0
-6.35975027	6.63031197	0.160937488	0	255	0
-6.35200024	6.63031197	0.160937488	0	255	0
-6.35200024	6.63031197	0.182249993	0	255	0
-6.36750031	6.63031197	0.1183125	0	255	0
-6.35975027	6.63031197	0.1183125	0	255	0
-6.36362553	6.62978077	0.139624998	0	255	0
-6.36750031	6.62924957	0.1183125	0	255	0
-6.35975027	6.62924957	0.1183125	0	255	0
-6.35200024	6.63031197	0.182249993	0	255	0
-6.35200024	6.63031197	0.160937488	0	255	0
-6.35200024	6.62978077	0.182249993	0	255	0
-6.35587502	6.63031197	0.139624998	0	255	0
-6.35587502	6.62978077	0.139624998	0	255	0
-6.35587502	6.62924957	0.182249993	0	255	0
-6.35200024	6.62978077	0.139624998	0	255	0
-6.35200024	6.62924957	0.160937488	0	255	0
-6.36362553	6.63031197	0.1183125	0	255	0
-6.36362553	6.63031197	0.139624998	0	255	0
-6.35975027	6.63031197	0.1183125	0	255	0
-6.36362553	6.62924957	0.139624998	0	255	0
-6.36750031	6.62924957	0.139624998	0	255	0
-6.35975027	6.62978077	0.0970000029	0	255	0
-6.36362553	6.62924957	0.0970000029	0	255	0
-6.35975027	6.63031197	0.1183125	0	255	0
-6.35587502	6.63031197	0.0970000029	0	255	0
-6.35200024	6.63031197	0.0970000029	0	255	0
-6.35587502	6.62978077	0.0970000029	0	255	0
-6.35975027	6.62978077	0.0970000029	0	255	0
-6.3829999	6.625	0.437999994	0	255	0
-6.35200024	6.63349962	0.437999994	0	255	0
-6.35200024	6.63349962	0.288812488	0	255	0
-6.33650017	6.63349962	0.288812488	0	255	0
-6.33650017	6.63349962	0.267499983	0	255	0
-6.35200024	6.63137436	0.288812488	0	255	0
-6.33650017	6.63137436	0.288812488	0	255	0
-6.33650017	6.63349962	0.352750003	0	255	0
-6.33650017	6.63349962	0.331437498	0	255	0
-6.3210001	6.63349962	0.331437498	0	255	0
-6.3210001	6.63349962	0.0970000029	0	255	0
-6.33650017	6.63137436	0.331437498	0	255	0
-6.3210001	6.63137436	0.331437498	0	255	0
-6.3210001	6.63137436	0.352750003	0	255	0
-6.33650017	6.63137436	0.310124993	0	255	0
-6.35200024	6.63137436	0.288812488	0	255	0
-6.33650017	6.63137436	0.288812488	0	255	0
-6.33650017	6.63031197	0.288812488	0	255	0
-6.33650017	6.63031197	0.267499983	0	255	0
-6.35200024	6.62924957	0.288812488	0	255	0
-6.3442502	6.62924957	0.288812488	0	255	0
-6.3442502	6.62924957	0.267499983	0	255	0
-6.3829999	6.62924957	0.1183125	0	255	0
-6.3829999	6.62924957	0.437999994	0	255	0
-6.37524986	6.62924957	0.1183125	0	255	0
-6.37912464	6.62871838	0.139624998	0	255	0
-6.3829999	6.62818718	0.1183125	0	255	0
-6.37524986	6.62818718	0.1183125	0	255	0
-6.37524986	6.62924957	0.1183125	0	255	0
-6.36750031	6.62924957	0.1183125	0	255	0
-6.37137508	6.62871838	0.139624998	0	255	0
-6.37524986	6.62818718	0.1183125	0	255	0
-6.36750031	6.62818718	0.1183125	0	255	0
-6.37912464	6.62818718	0.160937488	0	255	0
-6.37912464	6.62818718	0.182249993	0	255	0
-6.37524986	6.62818718	0.160937488	0	255	0
-6.37912464	6.62765598	0.139624998	0	255	0
-6.37524986	6.62765598	0.182249993	0	255	0
-6.37524986	6.62765598	0.160937488	0	255	0
-6.37912464	6.62765598	0.160937488	0	255	0
-6.37524986	6.62818718	0.1183125	0	255	0
-6.37524986	6.62765598	0.0970000029	0	255	0
-6.37524986	6.62765598	0.1183125	0	255	0
-6.36750031	6.62818718	0.1183125	0	255	0
-6.36750031	6.62765598	0.0970000029	0	255	0
-6.36750031	6.62765598	0.1183125	0	255	0
-6.36750031	6.62924957	0.1183125	0	255	0
-6.35975027	6.62924957	0.1183125	0	255	0
-6.36362553	6.62871838	0.139624998	0	255	0
-6.36750031	6.62818718	0.1183125	0	255	0
-6.35975027	6.62818718	0.1183125	0	255	0
-6.35975027	6.62924957	0.1183125	0	255	0
-6.35200024	6.62924957	0.1183125	0	255	0
-6.35200024	6.62871838	0.0970000029	0	255	0
-6.35200024	6.62871838	0.1183125	0	255	0
-6.35587502	6.62871838	0.139624998	0	255	0
-6.35587502	6.62818718	0.0970000029	0	255	0
-6.35587502	6.62818718	0.1183125	0	255	0
-6.35975027	6.62818718	0.1183125	0	255	0
-6.36750031	6.62818718	0.160937488	0	255	0
-6.36750031	6.62818718	0.0970000029	0	255	0
-6.36362553	6.62818718	0.182249993	0	255	0
-6.36362553	6.62818718	0.160937488	0	255	0
-6.36362553	6.62765598	0.139624998	0	255	0
-6.36362553	6.62712479	0.182249993	0	255	0
-6.36362553	6.62712479	0.160937488	0	255	0
-6.36750031	6.62712479	0.160937488	0	255	0
-6.35975027	6.62818718	0.1183125	0	255	0
-6.35200024	6.62818718	0.0970000029	0	255	0
-6.35200024	6.62818718	0.1183125	0	255	0
-6.35587502	6.62765598	0.139624998	0	255	0
-6.35975027	6.62712479	0.1183125	0	255	0
-6.35200024	6.62712479	0.1183125	0	255	0
-6.35975027	6.62712479	0.1183125	0	255	0
-6.35975027	6.62712479	0.0970000029	0	255	0
-6.35200024	6.62712479	0.1183125	0	255	0
-6.35587502	6.62659359	0.139624998	0	255	0
-6.35975027	6.62606239	0.1183125	0	255	0
-6.35200024	6.62606239	0.1183125	0	255	0
-6.35587502	6.62606239	0.1183125	0	255	0
-6.35587502	6.62606239	0.0970000029	0	255	0
-6.35200024	6.62606239	0.1183125	0	255	0
-6.35587502	6.625	0.0970000029	0	255	0
-6.35200024	6.625	0.1183125	0	255	0
-6.35587502	6.625	0.1183125	0	255	0
-6.35200024	6.62818718	0.374062508	0	255	0
-6.35200024	6.62818718	0.437999994	0	255	0
-6.34812546	6.62818718	0.352750003	0	255	0
-6.34812546	6.62818718	0.374062508	0	255	0
-6.34812546	6.62765598	0.395375013	0	255	0
-6.34812546	6.62712479	0.352750003	0	255	0
-6.34812546	6.62712479	0.374062508	0	255	0
-6.35200024	6.62712479	0.374062508	0	255	0
-6.35200024	6.62818718	0.374062508	0	255	0
-6.35200024	6.62818718	0.395375013	0	255	0
-6.34812546	6.62818718	0.395375013	0	255	0
-6.34812546	6.62818718	0.352750003	0	255	0
-6.3442502	6.62818718	0.374062508	0	255	0
-6.34812546	6.62765598	0.352750003	0	255	0
-6.34812546	6.62712479	0.395375013	0	255	0
-6.35200024	6.62765598	0.352750003	0	255	0
-6.3442502	6.62712479	0.374062508	0	255	0
-6.3442502	6.62765598	0.352750003	0	255	0
-6.3442502	6.62765598	0.374062508	0	255	0
-6.34037495	6.62765598	0.374062508	0	255	0
-6.3442502	6.62712479	0.395375013	0	255	0
-6.3442502	6.62712479	0.374062508	0	255	0
-6.34037495	6.62712479	0.374062508	0	255	0
-6.34037495	6.62712479	0.352750003	0	255	0
-6.35200024	6.62818718	0.288812488	0	255	0
-6.35200024	6.62818718	0.352750003	0	255	0
-6.35200024	6.62765598	0.267499983	0	255	0
-6.35200024	6.62765598	0.288812488	0	255	0
-6.3442502	6.62818718	0.267499983	0	255	0
-6.3442502	6.62818718	0.288812488	0	255	0
-6.3442502	6.62765598	0.267499983	0	255	0
-6.3442502	6.62765598	0.288812488	0	255	0
-6.34037495	6.62818718	0.352750003	0	255	0
-6.33650017	6.62818718	0.352750003	0	255	0
-6.33650017	6.62818718	0.331437498	0	255	0
-6.3442502	6.62818718	0.331437498	0	255	0
-6.34037495	6.62818718	0.310124993	0	255	0
-6.3442502	6.62765598	0.310124993	0	255	0
-6.3442502	6.62765598	0.352750003	0	255	0
-6.34037495	6.62765598	0.310124993	0	255	0
-6.3442502	6.62712479	0.331437498	0	255	0
-6.33650017	6.62765598	0.310124993	0	255	0
-6.33650017	6.62712479	0.310124993	0	255	0
-6.34037495	6.62712479	0.310124993	0	255	0
-6.35200024	6.62818718	0.288812488	0	255	0
-6.35200024	6.62818718	0.310124993	0	255	0
-6.34812546	6.62818718	0.310124993	0	255	0
-6.34812546	6.62818718	0.267499983	0	255	0
-6.3442502	6.62818718	0.288812488	0	255	0
-6.34812546	6.62765598	0.267499983	0	255	0
-6.34812546	6.62712479	0.310124993	0	255	0
-6.35200024	6.62765598	0.267499983	0	255	0
-6.3442502	6.62712479	0.288812488	0	255	0
-6.3442502	6.62712479	0.267499983	0	255	0
-6.33650017	6.62818718	0.310124993	0	255	0
-6.33650017	6.62818718	0.288812488	0	255	0
-6.33650017	6.62765598	0.310124993	0	255	0
-6.33650017	6.62765598	0.288812488	0	255	0
-6.34037495	6.62818718	0.267499983	0	255	0
-6.3442502	6.62712479	0.310124993	0	255	0
-6.3442502	6.62765598	0.267499983	0	255	0
-6.34037495	6.62765598	0.267499983	0	255	0
-6.34037495	6.62712479	0.310124993	0	255	0
-6.34037495	6.62712479	0.288812488	0	255	0
-6.3442502	6.62712479	0.288812488	0	255	0
-6.33650017	6.62818718	0.352750003	0	255	0
-6.33650017	6.62818718	0.374062508	0	255	0
-6.32875013	6.62818718	0.374062508	0	255	0
-6.33650017	6.62712479	0.395375013	0	255	0
-6.33650017	6.62712479	0.374062508	0	255	0
-6.32875013	6.62712479	0.374062508	0	255	0
-6.32875013	6.62712479	0.352750003	0	255	0
-6.35200024	6.62712479	0.288812488	0	255	0
-6.3442502	6.62712479	0.288812488	0	255	0
-6.34812546	6.62659359	0.310124993	0	255	0
-6.35200024	6.62606239	0.288812488	0	255	0
-6.3442502	6.62606239	0.288812488	0	255	0
-6.3442502	6.62712479	0.288812488	0	255	0
-6.33650017	6.62712479	0.267499983	0	255	0
-6.33650017	6.62712479	0.288812488	0	255	0
-6.33650017	6.62659359	0.267499983	0	255	0
-6.33650017	6.62659359	0.288812488	0	255	0
-6.34037495	6.62659359	0.310124993	0	255	0
-6.34037495	6.62606239	0.267499983	0	255	0
-6.34037495	6.62606239	0.288812488	0	255	0
-6.3442502	6.62606239	0.288812488	0	255	0
-6.35200024	6.62606239	0.331437498	0	255	0
-6.35200024	6.62606239	0.267499983	0	255	0
-6.3442502	6.62606239	0.331437498	0	255	0
-6.34812546	6.6255312	0.310124993	0	255	0
-6.35200024	6.625	0.331437498	0	255	0
-6.3442502	6.625	0.267499983	0	255	0
-6.3442502	6.625	0.331437498	0	255	0
-6.3442502	6.62606239	0.288812488	0	255	0
-6.33650017	6.62606239	0.267499983	0	255	0
-6.33650017	6.62606239	0.288812488	0	255	0
-6.34037495	6.6255312	0.310124993	0	255	0
-6.3442502	6.625	0.288812488	0	255	0
-6.33650017	6.625	0.288812488	0	255	0
-6.33650017	6.62712479	0.395375013	0	255	0
-6.33262539	6.62712479	0.395375013	0	255	0
-6.33650017	6.62659359	0.395375013	0	255	0
-6.33262539	6.62659359	0.352750003	0	255	0
-6.33262539	6.62712479	0.352750003	0	255	0
-6.33650017	6.62659359	0.352750003	0	255	0
-6.32875013	6.62606239	0.395375013	0	255	0
-6.32875013	6.6255312	0.395375013	0	255	0
-6.33650017	6.62606239	0.352750003	0	255	0
-6.32875013	6.6255312	0.352750003	0	255	0
-6.33262539	6.6255312	0.352750003	0	255	0
-6.33262539	6.625	0.395375013	0	255	0
-6.33262539	6.625	0.352750003	0	255	0
-6.32875013	6.6255312	0.352750003	0	255	0
-6.32875013	6.6255312	0.374062508	0	255	0
-6.32487488	6.6255312	0.374062508	0	255	0
-6.32875013	6.625	0.395375013	0	255	0
-6.32875013	6.625	0.374062508	0	255	0
-6.32487488	6.625	0.374062508	0	255	0
-6.32487488	6.625	0.352750003	0	255	0
-6.32875013	6.625	0.352750003	0	255	0
-6.34812546	6.62712479	0.352750003	0	255	0
-6.3442502	6.62712479	0.331437498	0	255	0
-6.35200024	6.62712479	0.331437498	0	255	0
-6.34812546	6.62712479	0.310124993	0	255	0
-6.35200024	6.62659359	0.310124993	0	255	0
-6.35200024	6.62659359	0.352750003	0	255	0
-6.34812546	6.62659359	0.310124993	0	255	0
-6.35200024	6.62606239	0.331437498	0	255	0
-6.3442502	6.62659359	0.310124993	0	255	0
-6.34812546	6.62606239	0.310124993	0	255	0
-6.3442502	6.62659359	0.352750003	0	255	0
-6.33650017	6.62659359	0.352750003	0	255	0
-6.33650017	6.62712479	0.310124993	0	255	0
-6.3442502	6.62606239	0.331437498	0	255	0
-6.33650017	6.62606239	0.331437498	0	255	0
-6.3442502	6.62712479	0.267499983	0	255	0
-6.3442502	6.62659359	0.267499983	0	255	0
-6.34812546	6.62659359	0.267499983	0	255	0
-6.3442502	6.62606239	0.288812488	0	255	0
-6.34812546	6.62606239	0.267499983	0	255	0
-6.3442502	6.62712479	0.352750003	0	255	0
-6.3442502	6.62712479	0.331437498	0	255	0
-6.33650017	6.62712479	0.331437498	0	255	0
-6.3442502	6.62606239	0.331437498	0	255	0
-6.33650017	6.62606239	0.331437498	0	255	0
-6.33650017	6.62606239	0.352750003	0	255	0
-6.35200024	6.62606239	0.288812488	0	255	0
-6.3442502	6.62606239	0.288812488	0	255	0
-6.34812546	6.6255312	0.310124993	0	255	0
-6.35200024	6.625	0.288812488	0	255	0
-6.3442502	6.625	0.288812488	0	255	0
-6.34037495	6.62606239	0.352750003	0	255	0
-6.3442502	6.6255312	0.352750003	0	255	0
-6.34037495	6.6255312	0.310124993	0	255	0
-6.33650017	6.62606239	0.331437498	0	255	0
-6.3442502	6.625	0.331437498	0	255	0
-6.33650017	6.625	0.331437498	0	255	0
-6.3442502	6.62606239	0.288812488	0	255	0
-6.34812546	6.62606239	0.267499983	0	255	0
-6.35200024	6.625	0.310124993	0	255	0
-6.35200024	6.6255312	0.267499983	0	255	0
-6.34812546	6.6255312	0.267499983	0	255	0
-6.35200024	6.625	0.288812488	0	255	0
-6.3442502	6.625	0.288812488	0	255	0
-6.3442502	6.6255312	0.288812488	0	255	0
-6.3442502	6.6255312	0.310124993	0	255	0
-6.34037495	6.6255312	0.267499983	0	255	0
-6.3442502	6.625	0.288812488	0	255	0
-6.33650017	6.6255312	0.310124993	0	255	0
-6.33650017	6.6255312	0.267499983	0	255	0
-6.33650017	6.625	0.267499983	0	255	0
-6.34037495	6.625	0.267499983	0	255	0
-6.33650017	6.62712479	0.310124993	0	255	0
-6.33650017	6.62712479	0.331437498	0	255	0
-6.33262539	6.62712479	0.331437498	0	255	0
-6.33262539	6.62712479	0.310124993	0	255	0
-6.33650017	6.62606239	0.331437498	0	255	0
-6.32875013	6.62659359	0.331437498	0	255	0
-6.32875013	6.62659359	0.310124993	0	255	0
-6.32875013	6.62606239	0.331437498	0	255	0
-6.33650017	6.62606239	0.288812488	0	255	0
-6.33262539	6.62606239	0.267499983	0	255	0
-6.33262539	6.62606239	0.288812488	0	255	0
-6.33262539	6.6255312	0.310124993	0	255	0
-6.33650017	6.625	0.288812488	0	255	0
-6.32875013	6.6255312	0.267499983	0	255	0
-6.32875013	6.6255312	0.288812488	0	255	0
-6.32875013	6.625	0.288812488	0	255	0
-6.32875013	6.62606239	0.331437498	0	255	0
-6.32487488	6.62606239	0.331437498	0	255	0
-6.32487488	6.62606239	0.310124993	0	255	0
-6.32875013	6.6255312	0.310124993	0	255	0
-6.32875013	6.6255312	0.352750003	0	255	0
-6.32487488	6.6255312	0.310124993	0	255	0
-6.32487488	6.6255312	0.310124993	0	255	0
-6.32487488	6.625	0.352750003	0	255	0
-6.32487488	6.625	0.331437498	0	255	0
-6.32875013	6.625	0.331437498	0	255	0
-6.33650017	6.62606239	0.288812488	0	255	0
-6.33650017	6.6255312	0.310124993	0	255	0
-6.33650017	6.6255312	0.288812488	0	255	0
-6.33262539	6.62606239	0.267499983	0	255	0
-6.32875013	6.6255312	0.267499983	0	255	0
-6.33650017	6.625	0.310124993	0	255	0
-6.33262539	6.625	0.310124993	0	255	0
-6.32875013	6.625	0.310124993	0	255	0
-6.32875013	6.625	0.288812488	0	255	0
-6.33262539	6.625	0.288812488	0	255	0
-6.37137508	6.62871838	0.224874988	0	255	0
-6.36750031	6.62871838	0.267499983	0	255	0
-6.37137508	6.62818718	0.267499983	0	255	0
-6.36750031	6.62818718	0.267499983	0	255	0
-6.37524986	6.62871838	0.224874988	0	255	0
-6.37524986	6.62871838	0.246187478	0	255	0
-6.37524986	6.62818718	0.246187478	0	255	0
-6.36750031	6.62871838	0.224874988	0	255	0
-6.36750031	6.62818718	0.224874988	0	255	0
-6.37524986	6.62924957	0.267499983	0	255	0
-6.37524986	6.62924957	0.246187478	0	255	0
-6.36750031	6.62924957	0.246187478	0	255	0
-6.36750031	6.62924957	0.182249993	0	255	0
-6.37524986	6.62818718	0.246187478	0	255	0
-6.36750031	6.62818718	0.246187478	0	255	0
-6.36750031	6.62818718	0.267499983	0	255	0
-6.36750031	6.62924957	0.267499983	0	255	0
-6.36362553	6.62871838	0.224874988	0	255	0
-6.35587502	6.62924957	0.267499983	0	255	0
-6.35587502	6.62924957	0.224874988	0	255	0
-6.35587502	6.62871838	0.224874988	0	255	0
-6.35587502	6.62818718	0.267499983	0	255	0
-6.35200024	6.62871838	0.246187478	0	255	0
-6.35200024	6.62871838	0.224874988	0	255	0
-6.35200024	6.62818718	0.246187478	0	255	0
-6.35200024	6.62818718	0.224874988	0	255	0
-6.36750031	6.62924957	0.203562498	0	255	0
-6.36362553	6.62924957	0.182249993	0	255	0
-6.35975027	6.62924957	0.182249993	0	255	0
-6.35975027	6.62871838	0.182249993	0	255	0
-6.36362553	6.62871838	0.182249993	0	255	0
-6.35975027	6.62818718	0.203562498	0	255	0
-6.36750031	6.62871838	0.182249993	0	255	0
-6.36362553	6.62818718	0.182249993	0	255	0
-6.36750031	6.62818718	0.182249993	0	255	0
-6.35975027	6.62924957	0.160937488	0	255	0
-6.35975027	6.62924957	0.224874988	0	255	0
-6.35200024	6.62924957	0.224874988	0	255	0
-6.35200024	6.62924957	0.160937488	0	255	0
-6.35975027	6.62818718	0.0970000029	0	255	0
-6.35200024	6.62818718	0.224874988	0	255	0
-6.35200024	6.62818718	0.160937488	0	255	0
-6.35975027	6.62818718	0.160937488	0	255	0
-6.36750031	6.62818718	0.203562498	0	255	0
-6.36362553	6.62818718	0.182249993	0	255	0
-6.36362553	6.62818718	0.203562498	0	255	0
-6.36750031	6.62765598	0.182249993	0	255	0
-6.36362553	6.62765598	0.224874988	0	255	0
-6.36362553	6.62765598	0.203562498	0	255	0
-6.36750031	6.62765598	0.203562498	0	255	0
-6.35975027	6.62765598	0.267499983	0	255	0
-6.35587502	6.62765598	0.224874988	0	255	0
-6.35200024	6.62765598	0.267499983	0	255	0
-6.35200024	6.62712479	0.267499983	0	255	0
-6.35975027	6.62765598	0.224874988	0	255	0
-6.35200024	6.62765598	0.224874988	0	255	0
-6.35200024	6.62712479	0.224874988	0	255	0
-6.36750031	6.62818718	0.203562498	0	255	0
-6.36362553	6.62818718	0.224874988	0	255	0
-6.36750031	6.62765598	0.224874988	0	255	0
-6.36362553	6.62765598	0.182249993	0	255	0
-6.36750031	6.62765598	0.203562498	0	255	0
-6.36362553	6.62818718	0.182249993	0	255	0
-6.35975027	6.62818718	0.203562498	0	255	0
-6.36750031	6.62712479	0.0970000029	0	255	0
-6.35975027	6.62765598	0.203562498	0	255	0
-6.35975027	6.62765598	0.182249993	0	255	0
-6.36750031	6.62712479	0.224874988	0	255	0
-6.35587502	6.62818718	0.182249993	0	255	0
-6.35587502	6.62818718	0.203562498	0	255	0
-6.35200024	6.62818718	0.203562498	0	255	0
-6.35200024	6.62818718	0.182249993	0	255	0
-6.35975027	6.62765598	0.224874988	0	255	0
-6.35587502	6.62765598	0.182249993	0	255	0
-6.35587502	6.62765598	0.182249993	0	255	0
-6.35587502	6.62712479	0.224874988	0	255	0
-6.35975027	6.62765598	0.182249993	0	255	0
-6.35975027	6.62712479	0.182249993	0	255	0
-6.35200024	6.62712479	0.203562498	0	255	0
-6.37524986	6.62818718	0.0970000029	0	255	0
-6.37137508	6.62871838	0.160937488	0	255	0
-6.36750031	6.62871838	0.160937488	0	255	0
-6.36750031	6.62871838	0.139624998	0	255	0
-6.37137508	6.62818718	0.160937488	0	255	0
-6.36750031	6.62818718	0.160937488	0	255	0
-6.36750031	6.62818718	0.139624998	0	255	0
-6.37137508	6.62818718	0.139624998	0	255	0
-6.36750031	6.62924957	0.267499983	0	255	0
-6.36750031	6.62924957	0.203562498	0	255	0
-6.36750031	6.62818718	0.203562498	0	255	0
-6.36750031	6.62818718	0.182249993	0	255	0
-6.35200024	6.62924957	0.203562498	0	255	0
-6.3829999	6.625	0.437999994	0	255	0
-6.35975027	6.62712479	0.203562498	0	255	0
-6.35200024	6.62712479	0.203562498	0	255	0
-6.35200024	6.62712479	0.267499983	0	255	0
-6.35975027	6.62712479	0.182249993	0	255	0
-6.35975027	6.62712479	0.224874988	0	255	0
-6.35975027	6.62712479	0.246187478	0	255	0
-6.35975027	6.62659359	0.246187478	0	255	0
-6.35975027	6.62659359	0.224874988	0	255	0
-6.35200024	6.62712479	0.246187478	0	255	0
-6.35200024	6.62712479	0.224874988	0	255	0
-6.35200024	6.62659359	0.224874988	0	255	0
-6.35587502	6.62659359	0.224874988	0	255	0
-6.35200024	6.62659359	0.267499983	0	255	0
-6.35587502	6.62606239	0.267499983	0	255	0
-6.35200024	6.62606239	0.267499983	0	255	0
-6.35200024	6.62606239	0.246187478	0	255	0
-6.35587502	6.62606239	0.246187478	0	255	0
-6.35975027	6.62712479	0.267499983	0	255	0
-6.35975027	6.62712479	0.246187478	0	255	0
-6.35200024	6.62712479	0.246187478	0	255	0
-6.35975027	6.62606239	0.246187478	0	255	0
-6.35200024	6.62606239	0.246187478	0	255	0
-6.35200024	6.62606239	0.267499983	0	255	0
-6.35975027	6.62606239	0.224874988	0	255	0
-6.35975027	6.625	0.267499983	0	255	0
-6.35587502	6.6255312	0.246187478	0	255	0
-6.35200024	6.6255312	0.246187478	0	255	0
-6.35200024	6.6255312	0.224874988	0	255	0
-6.35587502	6.625	0.246187478	0	255	0
-6.35200024	6.625	0.246187478	0	255	0
-6.35200024	6.625	0.224874988	0	255	0
-6.35587502	6.625	0.224874988	0	255	0
-6.35975027	6.62712479	0.182249993	0	255	0
-6.35975027	6.62659359	0.182249993	0	255	0
-6.35975027	6.62712479	0.139624998	0	255	0
-6.35200024	6.62712479	0.139624998	0	255	0
-6.35200024	6.62659359	0.139624998	0	255	0
-6.35587502	6.62606239	0.182249993	0	255	0
-6.35200024	6.62606239	0.160937488	0	255	0
-6.35975027	6.62606239	0.160937488	0	255	0
-6.35587502	6.62606239	0.139624998	0	255	0
-6.35975027	6.62712479	0.182249993	0	255	0
-6.35975027	6.62712479	0.160937488	0	255	0
-6.35200024	6.62712479	0.160937488	0	255	0
-6.35200024	6.62712479	0.0970000029	0	255	0
-6.35975027	6.62606239	0.160937488	0	255	0
-6.35200024	6.62606239	0.160937488	0	255	0
-6.35200024	6.62606239	0.182249993	0	255	0
-6.35587502	6.62606239	0.182249993	0	255	0
-6.35975027	6.62606239	0.160937488	0	255	0
-6.35975027	6.6255312	0.139624998	0	255	0
-6.35200024	6.6255312	0.139624998	0	255	0
-6.35975027	6.6255312	0.182249993	0	255	0
-6.35587502	6.6255312	0.139624998	0	255	0
-6.35975027	6.625	0.160937488	0	255	0
-6.35200024	6.625	0.182249993	0	255	0
-6.35200024	6.625	0.160937488	0	255	0
-6.35587502	6.62606239	0.139624998	0	255	0
-6.36750031	6.625	0.182249993	0	255	0
-6.35975027	6.62606239	0.1183125	0	255	0
-6.35200024	6.62606239	0.0970000029	0	255	0
-6.35587502	6.625	0.139624998	0	255	0
-6.35200024	6.625	0.139624998	0	255	0
-6.35975027	6.625	0.1183125	0	255	0
-6.35975027	6.625	0.0970000029	0	255	0
-6.35200024	6.62924957	0.203562498	0	255	0
-6.35200024	6.62871838	0.182249993	0	255	0
-6.3442502	6.62924957	0.203562498	0	255	0
-6.3442502	6.62924957	0.182249993	0	255	0
-6.3442502	6.62871838	0.203562498	0	255	0
-6.3442502	6.62871838	0.182249993	0	255	0
-6.35200024	6.62871838	0.224874988	0	255	0
-6.34812546	6.62871838	0.182249993	0	255	0
-6.34812546	6.62871838	0.182249993	0	255	0
-6.34812546	6.62818718	0.224874988	0	255	0
-6.34812546	6.62818718	0.203562498	0	255	0
-6.35200024	6.62818718	0.203562498	0	255	0
-6.35200024	6.62818718	0.203562498	0	255	0
-6.35200024	6.62818718	0.267499983	0	255	0
-6.3442502	6.62818718	0.203562498	0	255	0
-6.34812546	6.62765598	0.224874988	0	255	0
-6.35200024	6.62712479	0.203562498	0	255	0
-6.3442502	6.62712479	0.203562498	0	255	0
-6.3442502	6.62818718	0.246187478	0	255	0
-6.33650017	6.62818718	0.267499983	0	255	0
-6.34037495	6.62818718	0.224874988	0	255	0
-6.33650017	6.62818718	0.224874988	0	255	0
-6.33650017	6.62765598	0.224874988	0	255	0
-6.34037495	6.62765598	0.224874988	0	255	0
-6.3442502	6.62712479	0.246187478	0	255	0
-6.33650017	6.62712479	0.246187478	0	255	0
-6.35200024	6.62818718	0.203562498	0	255	0
-6.34812546	6.62818718	0.224874988	0	255	0
-6.34812546	6.62818718	0.203562498	0	255	0
-6.35200024	6.62765598	0.224874988	0	255	0
-6.3442502	6.62765598	0.224874988	0	255	0
-6.34812546	6.62712479	0.224874988	0	255	0
-6.35200024	6.62765598	0.182249993	0	255	0
-6.35200024	6.62712479	0.203562498	0	255	0
-6.3442502	6.62765598	0.182249993	0	255	0
-6.34037495	6.62818718	0.182249993	0	255	0
-6.34037495	6.62818718	0.203562498	0	255	0
-6.33650017	6.62818718	0.203562498	0	255	0
-6.33650017	6.62818718	0.182249993	0	255	0
-6.33650017	6.62765598	0.203562498	0	255	0
-6.33650017	6.62765598	0.182249993	0	255	0
-6.3442502	6.62765598	0.182249993	0	255	0
-6.3442502	6.62765598	0.203562498	0	255	0
-6.3442502	6.62712479	0.203562498	0	255	0
-6.34037495	6.62712479	0.203562498	0	255	0
-6.34037495	6.62712479	0.182249993	0	255	0
-6.33650017	6.62818718	0.203562498	0	255	0
-6.33650017	6.62818718	0.267499983	0	255	0
-6.33262539	6.62818718	0.182249993	0	255	0
-6.33262539	6.62818718	0.203562498	0	255	0
-6.33650017	6.62765598	0.182249993	0	255	0
-6.33262539	6.62765598	0.224874988	0	255	0
-6.33262539	6.62765598	0.203562498	0	255	0
-6.33650017	6.62765598	0.203562498	0	255	0
-6.33650017	6.62765598	0.182249993	0	255	0
-6.33650017	6.62765598	0.203562498	0	255	0
-6.33262539	6.62765598	0.203562498	0	255	0
-6.33650017	6.62712479	0.224874988	0	255	0
-6.33650017	6.62712479	0.203562498	0	255	0
-6.33262539	6.62712479	0.203562498	0	255	0
-6.33262539	6.62712479	0.182249993	0	255	0
-6.35200024	6.62924957	0.160937488	0	255	0
-6.34812546	6.62924957	0.182249993	0	255	0
-6.34812546	6.62924957	0.160937488	0	255	0
-6.35200024	6.62871838	0.182249993	0	255	0
-6.34812546	6.62871838	0.139624998	0	255	0
-6.35200024	6.62871838	0.139624998	0	255	0
-6.35200024	6.62818718	0.182249993	0	255	0
-6.35200024	6.62818718	0.160937488	0	255	0
-6.34812546	6.62818718	0.160937488	0	255	0
-6.34812546	6.62818718	0.139624998	0	255	0
-6.35200024	6.62818718	0.139624998	0	255	0
-6.35200024	6.62924957	0.1183125	0	255	0
-6.35200024	6.62924957	0.139624998	0	255	0
-6.34812546	6.62924957	0.139624998	0	255	0
-6.34812546	6.62924957	0.1183125	0	255	0
-6.34812546	6.62871838	0.0970000029	0	255	0
-6.35200024	6.62818718	0.1183125	0	255	0
-6.3442502	6.62871838	0.139624998	0	255	0
-6.3442502	6.62871838	0.1183125	0	255	0
-6.3442502	6.62818718	0.1183125	0	255	0
-6.35200024	6.62765598	0.1183125	0	255	0
-6.35200024	6.62765598	0.0970000029	0	255	0
-6.34812546	6.62765598	0.139624998	0	255	0
-6.35200024	6.62712479	0.1183125	0	255	0
-6.3442502	6.62765598	0.0970000029	0	255	0
-6.3442502	6.62765598	0.1183125	0	255	0
-6.3442502	6.62712479	0.182249993	0	255	0
-6.3442502	6.62712479	0.1183125	0	255	0
-6.3442502	6.62818718	0.160937488	0	255	0
-6.3442502	6.62818718	0.0970000029	0	255	0
-6.3442502	6.62765598	0.182249993	0	255	0
-6.3442502	6.62765598	0.160937488	0	255	0
-6.33650017	6.62818718	0.182249993	0	255	0
-6.33650017	6.62818718	0.160937488	0	255	0
-6.33650017	6.62765598	0.182249993	0	255	0
-6.33650017	6.62765598	0.160937488	0	255	0
-6.35200024	6.62765598	0.1183125	0	255	0
-6.35200024	6.62765598	0.139624998	0	255	0
-6.34812546	6.62765598	0.0970000029	0	255	0
-6.35200024	6.62712479	0.1183125	0	255	0
-6.3442502	6.62765598	0.139624998	0	255	0
-6.3442502	6.62765598	0.1183125	0	255	0
-6.3442502	6.62712479	0.1183125	0	255	0
-6.3442502	6.62765598	0.139624998	0	255	0
-6.33650017	6.62818718	0.139624998	0	255	0
-6.33650017	6.62818718	0.1183125	0	255	0
-6.33650017	6.62765598	0.139624998	0	255	0
-6.33650017	6.62765598	0.1183125	0	255	0
-6.34037495	6.62818718	0.0970000029	0	255	0
-6.3442502	6.62765598	0.0970000029	0	255	0
-6.33650017	6.62818718	0.182249993	0	255	0
-6.33650017	6.62818718	0.203562498	0	255	0
-6.32875013	6.62818718	0.203562498	0	255	0
-6.33650017	6.62712479	0.224874988	0	255	0
-6.33650017	6.62712479	0.203562498	0	255	0
-6.32875013	6.62712479	0.203562498	0	255	0
-6.32875013	6.62712479	0.182249993	0	255	0
-6.35200024	6.62712479	0.1183125	0	255	0
-6.35200024	6.62712479	0.267499983	0	255	0
-6.3442502	6.62712479	0.1183125	0	255	0
-6.34812546	6.62659359	0.139624998	0	255	0
-6.35200024	6.62606239	0.1183125	0	255	0
-6.3442502	6.62606239	0.1183125	0	255	0
-6.3442502	6.62712479	0.1183125	0	255	0
-6.33650017	6.62712479	0.1183125	0	255	0
-6.34037495	6.62659359	0.139624998	0	255	0
-6.3442502	6.62606239	0.1183125	0	255	0
-6.33650017	6.62606239	0.1183125	0	255	0
-6.35200024	6.62606239	0.160937488	0	255	0
-6.35200024	6.62606239	0.0970000029	0	255	0
-6.3442502	6.62606239	0.160937488	0	255	0
-6.34812546	6.6255312	0.139624998	0	255	0
-6.35200024	6.625	0.160937488	0	255	0
-6.3442502	6.625	0.0970000029	0	255	0
-6.3442502	6.625	0.160937488	0	255	0
-6.3442502	6.62606239	0.1183125	0	255	0
-6.33650017	6.62606239	0.1183125	0	255	0
-6.34037495	6.6255312	0.139624998	0	255	0
-6.3442502	6.625	0.1183125	0	255	0
-6.33650017	6.625	0.267499983	0	255	0
-6.33650017	6.625	0.1183125	0	255	0
-6.33650017	6.62712479	0.246187478	0	255	0
-6.33262539	6.62712479	0.267499983	0	255	0
-6.33262539	6.62712479	0.246187478	0	255	0
-6.33650017	6.62659359	0.267499983	0	255	0
-6.33262539	6.62659359	0.224874988	0	255	0
-6.33650017	6.62659359	0.246187478	0	255	0
-6.32875013	6.62659359	0.246187478	0	255	0
-6.32875013	6.62659359	0.224874988	0	255	0
-6.33262539	6.62606239	0.246187478	0	255	0
-6.32875013	6.62606239	0.246187478	0	255	0
-6.33262539	6.62606239	0.224874988	0	255	0
-6.33262539	6.62659359	0.182249993	0	255	0
-6.32875013	6.62659359	0.224874988	0	255	0
-6.32875013	6.62659359	0.203562498	0	255	0
-6.33262539	6.62606239	0.224874988	0	255	0
-6.32875013	6.62606239	0.203562498	0	255	0
-6.33650017	6.62659359	0.182249993	0	255	0
-6.33650017	6.62659359	0.203562498	0	255	0
-6.33650017	6.62606239	0.224874988	0	255	0
-6.33650017	6.62606239	0.203562498	0	255	0
-6.33262539	6.62606239	0.182249993	0	255	0
-6.33650017	6.62606239	0.182249993	0	255	0
-6.33650017	6.62606239	0.203562498	0	255	0
-6.33262539	6.62606239	0.182249993	0	255	0
-6.33262539	6.62606239	0.203562498	0	255	0
-6.33262539	6.6255312	0.224874988	0	255	0
-6.33650017	6.625	0.203562498	0	255	0
-6.32875013	6.6255312	0.182249993	0	255	0
-6.32875013	6.6255312	0.203562498	0	255	0
-6.32875013	6.625	0.267499983	0	255	0
-6.32875013	6.625	0.203562498	0	255	0
-6.34812546	6.62712479	0.182249993	0	255	0
-6.34812546	6.62712479	0.139624998	0	255	0
-6.35200024	6.62659359	0.139624998	0	255	0
-6.34812546	6.62659359	0.139624998	0	255	0
-6.35200024	6.62606239	0.160937488	0	255	0
-6.3442502	6.62659359	0.182249993	0	255	0
-6.3442502	6.62659359	0.160937488	0	255	0
-6.3442502	6.62606239	0.160937488	0	255	0
-6.3442502	6.62712479	0.160937488	0	255	0
-6.3442502	6.62712479	0.182249993	0	255	0
-6.34037495	6.62712479	0.182249993	0	255	0
-6.3442502	6.62659359	0.182249993	0	255	0
-6.3442502	6.62659359	0.160937488	0	255	0
-6.34037495	6.62712479	0.139624998	0	255	0
-6.33650017	6.62712479	0.160937488	0	255	0
-6.33650017	6.62712479	0.139624998	0	255	0
-6.33650017	6.62659359	0.139624998	0	255	0
-6.33650017	6.62659359	0.182249993	0	255	0
-6.34037495	6.62606239	0.182249993	0	255	0
-6.33650017	6.62606239	0.182249993	0	255	0
-6.33650017	6.62606239	0.160937488	0	255	0
-6.34037495	6.62606239	0.160937488	0	255	0
-6.3442502	6.62712479	0.139624998	0	255	0
-6.35200024	6.62712479	0.0970000029	0	255	0
-6.3442502	6.62712479	0.0970000029	0	255	0
-6.34812546	6.62659359	0.0970000029	0	255	0
-6.3442502	6.62712479	0.182249993	0	255	0
-6.3442502	6.62712479	0.160937488	0	255	0
-6.33650017	6.62712479	0.160937488	0	255	0
-6.35200024	6.625	0.267499983	0	255	0
-6.3442502	6.62606239	0.160937488	0	255	0
-6.33650017	6.62606239	0.160937488	0	255	0
-6.33650017	6.62606239	0.182249993	0	255	0
-6.35200024	6.62606239	0.1183125	0	255	0
-6.3442502	6.62606239	0.1183125	0	255	0
-6.34812546	6.6255312	0.139624998	0	255	0
-6.35200024	6.625	0.1183125	0	255	0
-6.3442502	6.625	0.1183125	0	255	0
-6.3442502	6.6255312	0.160937488	0	255	0
-6.3442502	6.6255312	0.182249993	0	255	0
-6.34037495	6.6255312	0.139624998	0	255	0
-6.34037495	6.6255312	0.139624998	0	255	0
-6.34037495	6.625	0.182249993	0	255	0
-6.3442502	6.625	0.160937488	0	255	0
-6.33650017	6.6255312	0.160937488	0	255	0
-6.33650017	6.6255312	0.139624998	0	255	0
-6.33650017	6.625	0.160937488	0	255	0
-6.33650017	6.625	0.139624998	0	255	0
-6.34037495	6.625	0.139624998	0	255	0
-6.34812546	6.6255312	0.0970000029	0	255	0
-6.3442502	6.625	0.0970000029	0	255	0
-6.3442502	6.62606239	0.1183125	0	255	0
-6.34037495	6.62606239	0.1183125	0	255	0
-6.34037495	6.62606239	0.0970000029	0	255	0
-6.3442502	6.6255312	0.0970000029	0	255	0
-6.3442502	6.6255312	0.139624998	0	255	0
-6.34037495	6.6255312	0.0970000029	0	255	0
-6.34037495	6.6255312	0.0970000029	0	255	0
-6.34037495	6.625	0.139624998	0	255	0
-6.34037495	6.625	0.1183125	0	255	0
-6.3442502	6.625	0.1183125	0	255	0
-6.33650017	6.62712479	0.160937488	0	255	0
-6.33262539	6.62712479	0.182249993	0	255	0
-6.33262539	6.62712479	0.160937488	0	255	0
-6.33650017	6.62659359	0.182249993	0	255	0
-6.33262539	6.62659359	0.139624998	0	255	0
-6.33262539	6.62659359	0.160937488	0	255	0
-6.33650017	6.62659359	0.160937488	0	255	0
-6.33650017	6.6255312	0.1183125	0	255	0
-6.33650017	6.6255312	0.0970000029	0	255	0
-6.33262539	6.6255312	0.139624998	0	255	0
-6.33262539	6.6255312	0.1183125	0	255	0
-6.33262539	6.6255312	0.139624998	0	255	0
-6.33262539	6.625	0.0970000029	0	255	0
-6.33262539	6.625	0.1183125	0	255	0
-6.33650017	6.625	0.1183125	0	255	0
