8.73799992	68602	0.241999999	0	255	0
8.96712494	68602	0.241999999	0	255	0
8.96712494	68534.4375	0.241999999	0	255	0
8.96712494	68534.4375	0.106749997	0	255	0
8.85256195	68534.4375	0.106749997	0	255	0
8.85256195	68466.875	0.241999999	0	255	0
8.85256195	68466.875	0.106749997	0	255	0
8.96712494	68534.4375	0.106749997	0	255	0
8.73799992	68602	-0.0285000056	0	255	0
8.96712494	68602	-0.0285000056	0	255	0
8.96712494	68534.4375	-0.0285000056	0	255	0
8.85256195	68534.4375	-0.0285000056	0	255	0
8.85256195	68466.875	0.106749997	0	255	0
8.85256195	68466.875	-0.0285000056	0	255	0
8.73799992	68466.875	-0.0285000056	0	255	0
8.73799992	68466.875	0.0391249955	0	255	0
8.85256195	68466.875	-0.0285000056	0	255	0
8.85256195	68466.875	0.0391249955	0	255	0
8.85256195	68399.3125	0.106749997	0	255	0
8.85256195	68331.75	-0.0285000056	0	255	0
8.85256195	68331.75	0.0391249955	0	255	0
8.73799992	68331.75	0.0391249955	0	255	0
8.73799992	68466.875	0.0391249955	0	255	0
8.85256195	68466.875	0.106749997	0	255	0
8.85256195	68466.875	0.0391249955	0	255	0
8.85256195	68399.3125	-0.0285000056	0	255	0
8.85256195	68331.75	0.106749997	0	255	0
8.73799992	68399.3125	-0.0285000056	0	255	0
8.73799992	68331.75	0.106749997	0	255	0
8.85256195	68331.75	-0.0285000056	0	255	0
8.73799992	68399.3125	-0.231375009	0	255	0
8.73799992	68399.3125	-0.299000025	0	255	0
8.85256195	68399.3125	-0.163750008	0	255	0
8.85256195	68399.3125	-0.231375009	0	255	0
8.85256195	68399.3125	-0.163750008	0	255	0
8.85256195	68331.75	-0.299000025	0	255	0
8.85256195	68331.75	-0.231375009	0	255	0
8.73799992	68331.75	-0.231375009	0	255	0
8.73799992	68331.75	-0.231375024	0	255	0
8.73799992	68331.75	0.241999999	0	255	0
8.85256195	68331.75	-0.299000025	0	255	0
8.85256195	68331.75	-0.231375024	0	255	0
8.85256195	68264.1875	-0.163750023	0	255	0
8.73799992	68196.625	-0.231375024	0	255	0
8.96712494	68264.1875	-0.299000025	0	255	0
8.96712494	68264.1875	-0.231375024	0	255	0
8.96712494	68196.625	-0.231375024	0	255	0
8.73799992	68196.625	-0.0961250141	0	255	0
8.73799992	68196.625	-0.299000025	0	255	0
8.73799992	68129.0625	-0.0285000056	0	255	0
8.73799992	68129.0625	-0.0961250141	0	255	0
8.96712494	68196.625	-0.0961250141	0	255	0
8.96712494	68129.0625	-0.0285000056	0	255	0
8.96712494	68129.0625	-0.0961250141	0	255	0
8.73799992	68331.75	-0.0961250067	0	255	0
8.85256195	68331.75	-0.0285000056	0	255	0
8.85256195	68331.75	-0.0961250067	0	255	0
8.85256195	68264.1875	-0.163750008	0	255	0
8.96712494	68264.1875	-0.0285000056	0	255	0
8.96712494	68264.1875	-0.0961250067	0	255	0
8.96712494	68196.625	-0.0961250067	0	255	0
8.73799992	68264.1875	-0.163750008	0	255	0
8.85256195	68196.625	-0.163750008	0	255	0
8.73799992	68196.625	-0.163750008	0	255	0
8.73799992	68196.625	-0.231375009	0	255	0
8.73799992	68129.0625	-0.299000025	0	255	0
8.73799992	68129.0625	-0.231375009	0	255	0
8.96712494	68196.625	-0.231375009	0	255	0
8.85256195	68061.5	-0.299000025	0	255	0
8.96712494	68061.5	-0.231375009	0	255	0
8.85256195	68061.5	-0.231375009	0	255	0
8.96712494	68129.0625	-0.0285000056	0	255	0
9.08168793	68129.0625	-0.163750008	0	255	0
9.08168793	68129.0625	-0.163750008	0	255	0
9.08168793	68061.5	-0.0285000056	0	255	0
8.96712494	68129.0625	-0.163750008	0	255	0
9.08168793	68061.5	-0.163750008	0	255	0
8.85256195	68196.625	-0.231375009	0	255	0
8.85256195	68196.625	-0.163750008	0	255	0
8.96712494	68196.625	-0.163750008	0	255	0
8.96712494	68196.625	-0.231375009	0	255	0
8.85256195	68061.5	-0.163750008	0	255	0
8.96712494	68061.5	-0.231375009	0	255	0
8.85256195	68061.5	-0.231375009	0	255	0
8.96712494	68129.0625	-0.231375009	0	255	0
8.96712494	68129.0625	-0.163750008	0	255	0
9.08168793	68129.0625	-0.299000025	0	255	0
9.08168793	68129.0625	-0.231375009	0	255	0
9.08168793	68129.0625	-0.299000025	0	255	0
9.08168793	68061.5	-0.163750008	0	255	0
9.08168793	68061.5	-0.231375009	0	255	0
8.96712494	68061.5	-0.231375009	0	255	0
8.96712494	68061.5	-0.772374988	0	255	0
8.96712494	68061.5	-0.839999974	0	255	0
8.96712494	67993.9375	-0.839999974	0	255	0
8.96712494	67993.9375	-0.772374988	0	255	0
9.19624996	68061.5	-0.839999974	0	255	0
9.19624996	68061.5	-0.772374988	0	255	0
9.08168793	67926.375	-0.839999974	0	255	0
9.19624996	67926.375	-0.839999974	0	255	0
9.19624996	67926.375	-0.772374988	0	255	0
9.08168793	67926.375	-0.772374988	0	255	0
9.19624996	67993.9375	-0.772374988	0	255	0
9.19624996	67993.9375	-0.839999974	0	255	0
9.310812	67993.9375	-0.704749942	0	255	0
9.310812	67993.9375	-0.772374988	0	255	0
9.310812	67993.9375	-0.704749942	0	255	0
9.310812	67926.375	-0.839999974	0	255	0
9.310812	67926.375	-0.772374988	0	255	0
9.19624996	67926.375	-0.772374988	0	255	0
9.19624996	67926.375	-0.637124956	0	255	0
9.19624996	67926.375	-0.839999974	0	255	0
9.19624996	67858.8125	-0.569499969	0	255	0
9.19624996	67858.8125	-0.637124956	0	255	0
9.42537498	67926.375	-0.569499969	0	255	0
9.42537498	67926.375	-0.637124956	0	255	0
9.42537498	67858.8125	-0.569499969	0	255	0
9.42537498	67858.8125	-0.637124956	0	255	0
9.08168793	67993.9375	-0.366625011	0	255	0
9.08168793	67993.9375	-0.434249997	0	255	0
9.19624996	67993.9375	-0.299000025	0	255	0
9.19624996	67993.9375	-0.366625011	0	255	0
9.08168793	67926.375	-0.299000025	0	255	0
9.19624996	67926.375	-0.299000025	0	255	0
9.19624996	67926.375	-0.366625011	0	255	0
9.08168793	67926.375	-0.366625011	0	255	0
9.19624996	67993.9375	-0.299000025	0	255	0
9.310812	67993.9375	-0.434249997	0	255	0
9.310812	67993.9375	-0.434249997	0	255	0
9.310812	67926.375	-0.299000025	0	255	0
9.19624996	67993.9375	-0.434249997	0	255	0
9.310812	67926.375	-0.434249997	0	255	0
9.19624996	67926.375	-0.434249997	0	255	0
9.19624996	67926.375	-0.501874983	0	255	0
9.19624996	67858.8125	-0.569499969	0	255	0
9.19624996	67858.8125	-0.501874983	0	255	0
9.42537498	67926.375	-0.569499969	0	255	0
9.42537498	67926.375	-0.501874983	0	255	0
9.310812	67791.25	-0.569499969	0	255	0
9.42537498	67791.25	-0.501874983	0	255	0
9.310812	67791.25	-0.501874983	0	255	0
9.42537498	67858.8125	-0.299000025	0	255	0
9.53993797	67858.8125	-0.434249997	0	255	0
9.53993797	67858.8125	-0.434249997	0	255	0
9.53993797	67791.25	-0.299000025	0	255	0
9.42537498	67858.8125	-0.434249997	0	255	0
9.65450001	67858.8125	-0.366625011	0	255	0
9.65450001	67858.8125	-0.434249997	0	255	0
9.65450001	67791.25	-0.366625011	0	255	0
9.310812	67926.375	-0.501874983	0	255	0
9.310812	67926.375	-0.434249997	0	255	0
9.42537498	67926.375	-0.434249997	0	255	0
9.42537498	67926.375	-0.501874983	0	255	0
9.310812	67791.25	-0.434249997	0	255	0
9.19624996	67791.25	-0.434249997	0	255	0
9.42537498	67858.8125	-0.569499969	0	255	0
9.310812	67791.25	-0.569499969	0	255	0
9.42537498	67858.8125	-0.434249997	0	255	0
9.53993797	67858.8125	-0.569499969	0	255	0
9.65450001	67858.8125	-0.434249997	0	255	0
9.65450001	67858.8125	-0.501874983	0	255	0
9.65450001	67791.25	-0.501874983	0	255	0
9.42537498	67858.8125	-0.569499969	0	255	0
9.53993797	67791.25	-0.569499969	0	255	0
9.42537498	67791.25	-0.434249997	0	255	0
9.42537498	67791.25	-0.366625011	0	255	0
9.42537498	67723.6875	-0.366625011	0	255	0
9.42537498	67723.6875	-0.434249997	0	255	0
9.65450001	67791.25	-0.366625011	0	255	0
9.65450001	67791.25	-0.434249997	0	255	0
9.65450001	67723.6875	-0.366625011	0	255	0
9.65450001	67723.6875	-0.434249997	0	255	0
9.42537498	67791.25	-0.299000025	0	255	0
9.42537498	67791.25	-0.366625011	0	255	0
9.65450001	67791.25	-0.366625011	0	255	0
9.42537498	67656.125	-0.366625011	0	255	0
9.65450001	67656.125	-0.366625011	0	255	0
9.65450001	67656.125	-0.299000025	0	255	0
9.42537498	67656.125	-0.434249997	0	255	0
9.53993797	67791.25	-0.637124956	0	255	0
9.53993797	67791.25	-0.569499969	0	255	0
9.65450001	67791.25	-0.637124956	0	255	0
9.53993797	67723.6875	-0.704749942	0	255	0
9.65450001	67723.6875	-0.569499969	0	255	0
9.65450001	67723.6875	-0.637124956	0	255	0
9.53993797	67723.6875	-0.637124956	0	255	0
9.65450001	67791.25	-0.772374988	0	255	0
9.65450001	67791.25	-0.299000025	0	255	0
9.76906204	67791.25	-0.839999974	0	255	0
9.76906204	67791.25	-0.772374988	0	255	0
9.76906204	67723.6875	-0.704749942	0	255	0
9.65450001	67656.125	-0.772374988	0	255	0
9.88362503	67723.6875	-0.839999974	0	255	0
9.88362503	67723.6875	-0.772374988	0	255	0
9.88362503	67656.125	-0.569499969	0	255	0
9.88362503	67656.125	-0.772374988	0	255	0
9.88362503	67723.6875	-0.772374988	0	255	0
9.88362503	67723.6875	-0.839999974	0	255	0
9.99818802	67723.6875	-0.704749942	0	255	0
9.99818802	67723.6875	-0.772374988	0	255	0
9.99818802	67723.6875	-0.704749942	0	255	0
9.99818802	67656.125	-0.839999974	0	255	0
9.99818802	67656.125	-0.772374988	0	255	0
9.88362503	67656.125	-0.772374988	0	255	0
9.65450001	67791.25	-0.637124956	0	255	0
9.65450001	67791.25	-0.569499969	0	255	0
9.76906204	67791.25	-0.569499969	0	255	0
9.76906204	67791.25	-0.637124956	0	255	0
9.76906204	67723.6875	-0.704749942	0	255	0
9.65450001	67656.125	-0.637124956	0	255	0
9.88362503	67723.6875	-0.569499969	0	255	0
9.88362503	67723.6875	-0.637124956	0	255	0
9.88362503	67656.125	-0.637124956	0	255	0
9.88362503	67723.6875	-0.569499969	0	255	0
9.99818802	67723.6875	-0.704749942	0	255	0
10.1127501	67723.6875	-0.569499969	0	255	0
9.88362503	67723.6875	-0.704749942	0	255	0
10.1127501	67723.6875	-0.704749942	0	255	0
9.88362503	67588.5625	-0.569499969	0	255	0
10.1127501	67588.5625	-0.569499969	0	255	0
9.88362503	67588.5625	-0.704749942	0	255	0
10.1127501	67588.5625	-0.704749942	0	255	0
10.1127501	67656.125	-0.772374988	0	255	0
10.1127501	67656.125	-0.569499969	0	255	0
10.1127501	67588.5625	-0.839999974	0	255	0
10.1127501	67588.5625	-0.772374988	0	255	0
10.3418751	67656.125	-0.839999974	0	255	0
10.3418751	67656.125	-0.772374988	0	255	0
10.2273121	67521	-0.839999974	0	255	0
10.3418751	67521	-0.772374988	0	255	0
10.2273121	67521	-0.772374988	0	255	0
10.3418751	67588.5625	-0.569499969	0	255	0
10.4564381	67588.5625	-0.704749942	0	255	0
10.4564381	67588.5625	-0.704749942	0	255	0
10.4564381	67521	-0.569499969	0	255	0
10.3418751	67588.5625	-0.704749942	0	255	0
10.5710001	67588.5625	-0.637124956	0	255	0
10.5710001	67588.5625	-0.704749942	0	255	0
10.5710001	67521	-0.637124956	0	255	0
10.1127501	67656.125	-0.772374988	0	255	0
10.1127501	67656.125	-0.704749942	0	255	0
10.1127501	67588.5625	-0.704749942	0	255	0
10.1127501	67588.5625	-0.772374988	0	255	0
10.3418751	67656.125	-0.704749942	0	255	0
10.3418751	67656.125	-0.772374988	0	255	0
10.2273121	67521	-0.704749942	0	255	0
10.3418751	67521	-0.772374988	0	255	0
10.2273121	67521	-0.772374988	0	255	0
10.3418751	67588.5625	-0.704749942	0	255	0
10.4564381	67588.5625	-0.839999974	0	255	0
10.5710001	67588.5625	-0.704749942	0	255	0
10.3418751	67588.5625	-0.839999974	0	255	0
10.3418751	67521	-0.839999974	0	255	0
10.5710001	67588.5625	-0.839999974	0	255	0
10.5710001	67521	-0.839999974	0	255	0
