-5.86000013	7.0250001	0.205500007	0	255	0
-5.69162512	7.0250001	0.205500007	0	255	0
-5.86000013	7	0.205500007	0	255	0
-5.86000013	7	0.132750005	0	255	0
-5.5232501	7.0250001	0.169125006	0	255	0
-5.5232501	7	0.205500007	0	255	0
-5.69162512	6.97500038	0.205500007	0	255	0
-5.69162512	6.97500038	0.132750005	0	255	0
-5.86000013	7	0.132750005	0	255	0
-5.86000013	7	0.0600000024	0	255	0
-5.5232501	7.0250001	0.0600000024	0	255	0
-5.69162512	6.97500038	0.132750005	0	255	0
-5.69162512	6.97500038	0.0600000024	0	255	0
-5.69162512	6.97500038	0.0963750035	0	255	0
-5.69162512	6.97500038	0.0600000024	0	255	0
-5.5232501	6.97500038	0.0963750035	0	255	0
-5.69162512	6.92500019	0.0600000024	0	255	0
-5.5232501	6.92500019	0.0963750035	0	255	0
-5.69162512	6.92500019	0.0963750035	0	255	0
-5.5232501	6.95000029	0.132750005	0	255	0
-5.5232501	6.95000029	0.169125006	0	255	0
-5.35487509	6.95000029	0.169125006	0	255	0
-5.5232501	6.92500019	0.169125006	0	255	0
-5.35487509	6.92500019	0.169125006	0	255	0
-5.35487509	6.92500019	0.132750005	0	255	0
-5.69162512	6.97500038	0.132750005	0	255	0
-5.69162512	6.97500038	0.0600000024	0	255	0
-5.69162512	6.92500019	0.132750005	0	255	0
-5.5232501	6.92500019	0.0600000024	0	255	0
-5.69162512	6.92500019	0.0600000024	0	255	0
-5.5232501	6.95000029	0.0963750035	0	255	0
-5.5232501	6.95000029	0.132750005	0	255	0
-5.35487509	6.95000029	0.0600000024	0	255	0
-5.35487509	6.95000029	0.0963750035	0	255	0
-5.35487509	6.95000029	0.0600000024	0	255	0
-5.35487509	6.92500019	0.132750005	0	255	0
-5.35487509	6.92500019	0.0963750035	0	255	0
-5.5232501	6.92500019	0.0963750035	0	255	0
-5.5232501	6.92500019	0.169125006	0	255	0
-5.35487509	6.92500019	0.169125006	0	255	0
-5.35487509	6.92500019	0.132750005	0	255	0
-5.5232501	6.9000001	0.169125006	0	255	0
-5.35487509	6.9000001	0.169125006	0	255	0
-5.5232501	6.875	0.0600000024	0	255	0
-5.5232501	6.9000001	0.132750005	0	255	0
-5.69162512	6.92500019	0.132750005	0	255	0
-5.69162512	6.9000001	0.0600000024	0	255	0
-5.5232501	6.9000001	0.132750005	0	255	0
-5.69162512	6.92500019	0.0600000024	0	255	0
-5.5232501	6.92500019	0.0600000024	0	255	0
-5.5232501	6.9000001	0.0600000024	0	255	0
-5.86000013	6.875	0.132750005	0	255	0
-5.5232501	6.92500019	0.205500007	0	255	0
-5.5232501	6.92500019	0.169125006	0	255	0
-5.18650007	6.92500019	0.169125006	0	255	0
-5.86000013	6.82499981	0.351000011	0	255	0
-5.5232501	6.875	0.169125006	0	255	0
-5.18650007	6.875	0.169125006	0	255	0
-5.18650007	6.875	0.205500007	0	255	0
-5.5232501	6.875	0.132750005	0	255	0
-5.86000013	7	0.0600000024	0	255	0
-5.5232501	7.0250001	0.0600000024	0	255	0
-5.5232501	7.0250001	0.0236250013	0	255	0
-5.69162512	7.0250001	-0.0127499998	0	255	0
-5.86000013	7	-0.0127499998	0	255	0
-5.69162512	6.97500038	0.0600000024	0	255	0
-5.5232501	7	-0.0127499998	0	255	0
-5.69162512	6.97500038	-0.0127499998	0	255	0
-5.5232501	7	-0.0127499998	0	255	0
-5.5232501	7	0.0236250013	0	255	0
-5.35487509	7	0.0236250013	0	255	0
-5.5232501	6.97500038	0.0236250013	0	255	0
-5.35487509	6.97500038	0.0236250013	0	255	0
-5.35487509	6.97500038	-0.0127499998	0	255	0
-5.86000013	7.0250001	-0.0491250008	0	255	0
-5.69162512	7.0250001	-0.0127499998	0	255	0
-5.69162512	7.0250001	-0.0491250008	0	255	0
-5.86000013	7	-0.0127499998	0	255	0
-5.86000013	7	-0.0491250008	0	255	0
-5.5232501	7	-0.0127499998	0	255	0
-5.69162512	6.97500038	-0.0127499998	0	255	0
-5.86000013	6.97500038	-0.0127499998	0	255	0
-5.5232501	7	-0.0855000019	0	255	0
-5.69162512	6.97500038	-0.0855000019	0	255	0
-5.69162512	6.97500038	-0.0491250008	0	255	0
-5.69162512	6.97500038	-0.0855000019	0	255	0
-5.5232501	6.97500038	-0.0491250008	0	255	0
-5.69162512	6.92500019	-0.0855000019	0	255	0
-5.5232501	6.92500019	-0.0491250008	0	255	0
-5.69162512	6.92500019	-0.0491250008	0	255	0
-5.5232501	6.97500038	0.0236250013	0	255	0
-5.35487509	6.97500038	0.0236250013	0	255	0
-5.35487509	6.97500038	-0.0127499998	0	255	0
-5.5232501	6.95000029	0.0236250013	0	255	0
-5.35487509	6.95000029	0.0236250013	0	255	0
-5.5232501	6.95000029	-0.0127499998	0	255	0
-5.69162512	6.97500038	-0.0127499998	0	255	0
-5.69162512	6.97500038	-0.0855000019	0	255	0
-5.69162512	6.92500019	-0.0127499998	0	255	0
-5.5232501	6.92500019	-0.0127499998	0	255	0
-5.5232501	6.92500019	-0.0855000019	0	255	0
-5.69162512	6.92500019	-0.0855000019	0	255	0
-5.5232501	6.97500038	-0.0491250008	0	255	0
-5.35487509	6.97500038	-0.0127499998	0	255	0
-5.35487509	6.97500038	-0.0491250008	0	255	0
-5.5232501	6.95000029	-0.0127499998	0	255	0
-5.35487509	6.95000029	-0.0855000019	0	255	0
-5.35487509	6.95000029	-0.0491250008	0	255	0
-5.5232501	6.95000029	-0.0491250008	0	255	0
-5.69162512	6.92500019	-0.194625005	0	255	0
-5.69162512	6.92500019	-0.231000006	0	255	0
-5.5232501	6.92500019	-0.194625005	0	255	0
-5.69162512	6.875	-0.231000006	0	255	0
-5.5232501	6.875	-0.194625005	0	255	0
-5.69162512	6.875	-0.194625005	0	255	0
-5.5232501	6.92500019	-0.194625005	0	255	0
-5.35487509	6.92500019	-0.231000006	0	255	0
-5.35487509	6.92500019	-0.194625005	0	255	0
-5.35487509	6.9000001	-0.158250004	0	255	0
-5.5232501	6.875	-0.194625005	0	255	0
-5.18650007	6.9000001	-0.231000006	0	255	0
-5.18650007	6.9000001	-0.194625005	0	255	0
-5.18650007	6.875	-0.194625005	0	255	0
-5.5232501	6.875	-0.194625005	0	255	0
-5.5232501	6.8499999	-0.231000006	0	255	0
-5.5232501	6.8499999	-0.194625005	0	255	0
-5.18650007	6.875	-0.194625005	0	255	0
-5.18650007	6.8499999	-0.231000006	0	255	0
-5.18650007	6.8499999	-0.194625005	0	255	0
-5.18650007	6.875	-0.0491250008	0	255	0
-5.18650007	6.875	0.0600000024	0	255	0
-5.01812506	6.875	-0.0855000019	0	255	0
-5.01812506	6.875	-0.0491250008	0	255	0
-5.01812506	6.8499999	-0.0127499998	0	255	0
-5.18650007	6.82499981	-0.0491250008	0	255	0
-4.84975004	6.8499999	-0.0855000019	0	255	0
-4.84975004	6.8499999	-0.0491250008	0	255	0
-4.84975004	6.82499981	-0.0491250008	0	255	0
-4.84975004	6.8499999	0.0600000024	0	255	0
-4.68137503	6.8499999	-0.0127499998	0	255	0
-4.68137503	6.8499999	-0.0127499998	0	255	0
-4.68137503	6.82499981	0.0600000024	0	255	0
-4.84975004	6.8499999	-0.0127499998	0	255	0
-4.51300001	6.8499999	0.0236250013	0	255	0
-4.51300001	6.8499999	-0.0127499998	0	255	0
-4.51300001	6.82499981	0.0236250013	0	255	0
-5.18650007	6.875	-0.0127499998	0	255	0
-5.01812506	6.875	-0.0127499998	0	255	0
-5.18650007	6.875	-0.0855000019	0	255	0
-5.01812506	6.875	-0.0855000019	0	255	0
-5.01812506	6.8499999	-0.0855000019	0	255	0
-4.84975004	6.8499999	-0.0127499998	0	255	0
-5.18650007	6.82499981	-0.0855000019	0	255	0
-4.84975004	6.8499999	-0.0855000019	0	255	0
-4.84975004	6.8499999	-0.0127499998	0	255	0
-4.68137503	6.8499999	-0.0855000019	0	255	0
-4.51300001	6.8499999	-0.0127499998	0	255	0
-4.51300001	6.8499999	-0.0491250008	0	255	0
-4.51300001	6.82499981	-0.0491250008	0	255	0
-4.84975004	6.8499999	-0.0855000019	0	255	0
-4.68137503	6.82499981	-0.0855000019	0	255	0
-5.5232501	6.92500019	-0.121875003	0	255	0
-5.5232501	6.92500019	-0.0855000019	0	255	0
-5.35487509	6.92500019	-0.0855000019	0	255	0
-5.35487509	6.92500019	-0.121875003	0	255	0
-5.35487509	6.9000001	-0.158250004	0	255	0
-5.35487509	6.875	-0.0855000019	0	255	0
-5.5232501	6.9000001	-0.158250004	0	255	0
-5.35487509	6.875	-0.158250004	0	255	0
-5.5232501	6.92500019	-0.0855000019	0	255	0
-5.5232501	6.92500019	-0.121875003	0	255	0
-5.18650007	6.92500019	-0.121875003	0	255	0
-5.86000013	6.82499981	0.0600000024	0	255	0
-5.5232501	6.875	-0.121875003	0	255	0
-5.18650007	6.875	-0.121875003	0	255	0
-5.18650007	6.875	-0.0855000019	0	255	0
-5.5232501	6.8499999	-0.0855000019	0	255	0
-5.18650007	6.875	-0.0855000019	0	255	0
-5.18650007	6.8499999	-0.0855000019	0	255	0
-5.5232501	6.8499999	-0.158250004	0	255	0
-5.18650007	6.8499999	-0.158250004	0	255	0
-5.35487509	6.875	-0.158250004	0	255	0
-5.35487509	6.8499999	-0.231000006	0	255	0
-5.18650007	6.8499999	-0.158250004	0	255	0
-5.35487509	6.875	-0.231000006	0	255	0
-5.18650007	6.875	-0.231000006	0	255	0
-5.18650007	6.8499999	-0.231000006	0	255	0
-5.5232501	6.82499981	-0.158250004	0	255	0
-5.18650007	6.875	-0.194625005	0	255	0
-5.18650007	6.875	-0.0855000019	0	255	0
-5.01812506	6.875	-0.231000006	0	255	0
-5.01812506	6.875	-0.194625005	0	255	0
-5.01812506	6.8499999	-0.158250004	0	255	0
-5.18650007	6.82499981	-0.194625005	0	255	0
-4.84975004	6.8499999	-0.231000006	0	255	0
-4.84975004	6.8499999	-0.194625005	0	255	0
-4.84975004	6.82499981	-0.194625005	0	255	0
-4.84975004	6.8499999	-0.0855000019	0	255	0
-4.68137503	6.8499999	-0.158250004	0	255	0
-4.51300001	6.8499999	-0.0855000019	0	255	0
-4.51300001	6.8499999	-0.121875003	0	255	0
-4.51300001	6.82499981	-0.0855000019	0	255	0
-4.51300001	6.82499981	-0.121875003	0	255	0
-4.84975004	6.8499999	-0.158250004	0	255	0
-4.68137503	6.82499981	-0.158250004	0	255	0
-5.18650007	6.875	-0.231000006	0	255	0
-5.18650007	6.875	-0.194625005	0	255	0
-5.01812506	6.875	-0.194625005	0	255	0
-5.01812506	6.875	-0.231000006	0	255	0
-5.18650007	6.82499981	-0.158250004	0	255	0
-5.18650007	6.8499999	-0.231000006	0	255	0
-5.18650007	6.8499999	-0.158250004	0	255	0
-5.01812506	6.8499999	-0.231000006	0	255	0
-5.18650007	6.82499981	-0.194625005	0	255	0
-4.84975004	6.8499999	-0.158250004	0	255	0
-4.84975004	6.8499999	-0.194625005	0	255	0
-4.84975004	6.82499981	-0.194625005	0	255	0
-4.84975004	6.8499999	-0.194625005	0	255	0
-4.84975004	6.8499999	-0.158250004	0	255	0
-4.68137503	6.8499999	-0.231000006	0	255	0
-4.68137503	6.8499999	-0.194625005	0	255	0
-4.68137503	6.8499999	-0.231000006	0	255	0
-4.68137503	6.82499981	-0.158250004	0	255	0
-4.68137503	6.82499981	-0.194625005	0	255	0
-4.84975004	6.82499981	-0.194625005	0	255	0
-3.3343749	6.75	0.278250009	0	255	0
-3.16599989	6.75	0.351000011	0	255	0
-3.3343749	6.7249999	0.351000011	0	255	0
-3.50274992	6.7249999	0.351000011	0	255	0
-3.16599989	6.75	0.278250009	0	255	0
-3.16599989	6.7249999	0.278250009	0	255	0
-3.3343749	6.7249999	0.278250009	0	255	0
-4.17624998	6.77499962	0.0600000024	0	255	0
-4.00787497	6.79999971	0.169125006	0	255	0
-3.83949995	6.79999971	0.169125006	0	255	0
-3.83949995	6.79999971	0.132750005	0	255	0
-4.00787497	6.77499962	0.169125006	0	255	0
-3.83949995	6.77499962	0.169125006	0	255	0
-3.83949995	6.77499962	0.132750005	0	255	0
-4.00787497	6.77499962	0.132750005	0	255	0
-4.17624998	6.82499981	0.205500007	0	255	0
-4.17624998	6.82499981	0.169125006	0	255	0
-3.83949995	6.82499981	0.169125006	0	255	0
-3.83949995	6.82499981	0.0600000024	0	255	0
-4.17624998	6.77499962	0.169125006	0	255	0
-3.83949995	6.77499962	0.169125006	0	255	0
-3.83949995	6.77499962	0.205500007	0	255	0
-4.17624998	6.77499962	0.132750005	0	255	0
-3.83949995	6.82499981	0.351000011	0	255	0
-3.83949995	6.82499981	0.241875008	0	255	0
-3.50274992	6.82499981	0.241875008	0	255	0
-3.50274992	6.82499981	0.205500007	0	255	0
-3.83949995	6.7249999	0.241875008	0	255	0
-3.83949995	6.7249999	0.205500007	0	255	0
-3.16599989	6.77499962	0.241875008	0	255	0
-3.16599989	6.77499962	0.205500007	0	255	0
-3.16599989	6.7249999	0.241875008	0	255	0
-3.16599989	6.7249999	0.351000011	0	255	0
-3.3343749	6.7249999	0.351000011	0	255	0
-3.3343749	6.69999981	0.278250009	0	255	0
-3.16599989	6.69999981	0.351000011	0	255	0
-3.3343749	6.7249999	0.278250009	0	255	0
-3.16599989	6.7249999	0.278250009	0	255	0
-3.16599989	6.69999981	0.278250009	0	255	0
-3.50274992	6.67500019	0.205500007	0	255	0
-3.83949995	6.67500019	0.205500007	0	255	0
-3.67112494	6.69999981	0.169125006	0	255	0
-3.50274992	6.69999981	0.169125006	0	255	0
-3.50274992	6.69999981	0.132750005	0	255	0
-3.67112494	6.67500019	0.169125006	0	255	0
-3.50274992	6.67500019	0.169125006	0	255	0
-3.67112494	6.67500019	0.132750005	0	255	0
-3.3343749	6.7249999	0.205500007	0	255	0
-3.16599989	6.7249999	0.205500007	0	255	0
-3.3343749	6.7249999	0.132750005	0	255	0
-3.16599989	6.7249999	0.132750005	0	255	0
-3.50274992	6.69999981	0.205500007	0	255	0
-3.3343749	6.69999981	0.132750005	0	255	0
-3.16599989	6.67500019	0.205500007	0	255	0
-3.50274992	6.69999981	0.132750005	0	255	0
-3.16599989	6.67500019	0.132750005	0	255	0
-3.83949995	6.67500019	0.132750005	0	255	0
-3.67112494	6.69999981	0.0963750035	0	255	0
-3.50274992	6.69999981	0.0963750035	0	255	0
-3.50274992	6.69999981	0.0600000024	0	255	0
-3.67112494	6.67500019	0.0963750035	0	255	0
-3.50274992	6.67500019	0.0963750035	0	255	0
-3.67112494	6.67500019	0.0600000024	0	255	0
-3.50274992	6.7249999	0.205500007	0	255	0
-3.50274992	6.7249999	0.169125006	0	255	0
-3.16599989	6.7249999	0.169125006	0	255	0
-3.16599989	6.7249999	0.0600000024	0	255	0
-3.50274992	6.67500019	0.169125006	0	255	0
-3.16599989	6.67500019	0.169125006	0	255	0
-3.16599989	6.67500019	0.205500007	0	255	0
-3.67112494	6.67500019	0.0963750035	0	255	0
-3.67112494	6.67500019	0.0600000024	0	255	0
-3.50274992	6.67500019	0.0963750035	0	255	0
-3.67112494	6.6500001	0.132750005	0	255	0
-3.50274992	6.6500001	0.0600000024	0	255	0
-3.50274992	6.6500001	0.0963750035	0	255	0
-3.67112494	6.6500001	0.0963750035	0	255	0
-3.50274992	6.67500019	0.169125006	0	255	0
-3.3343749	6.67500019	0.169125006	0	255	0
-3.3343749	6.67500019	0.132750005	0	255	0
-3.50274992	6.6500001	0.169125006	0	255	0
-3.3343749	6.6500001	0.169125006	0	255	0
-3.50274992	6.625	0.205500007	0	255	0
-3.50274992	6.6500001	0.132750005	0	255	0
-3.67112494	6.67500019	0.132750005	0	255	0
-3.67112494	6.67500019	0.0600000024	0	255	0
-3.83949995	6.6500001	0.132750005	0	255	0
-3.67112494	6.6500001	0.0600000024	0	255	0
-3.50274992	6.625	0.132750005	0	255	0
-3.83949995	6.6500001	0.0600000024	0	255	0
-3.83949995	6.625	0.0600000024	0	255	0
-3.50274992	6.625	0.0600000024	0	255	0
-3.50274992	6.67500019	0.0963750035	0	255	0
-3.3343749	6.67500019	0.132750005	0	255	0
-3.3343749	6.67500019	0.0963750035	0	255	0
-3.50274992	6.6500001	0.132750005	0	255	0
-3.3343749	6.6500001	0.0600000024	0	255	0
-3.3343749	6.6500001	0.0963750035	0	255	0
-3.50274992	6.6500001	0.0963750035	0	255	0
-4.68137503	6.82499981	0.0600000024	0	255	0
-4.68137503	6.79999971	-0.0127499998	0	255	0
-4.51300001	6.79999971	0.0600000024	0	255	0
-4.68137503	6.82499981	-0.0127499998	0	255	0
-4.51300001	6.79999971	-0.0127499998	0	255	0
-4.84975004	6.77499962	-0.0855000019	0	255	0
-4.84975004	6.82499981	-0.121875003	0	255	0
-4.84975004	6.82499981	-0.0127499998	0	255	0
-4.51300001	6.82499981	-0.121875003	0	255	0
-4.84975004	6.77499962	-0.231000006	0	255	0
-4.51300001	6.77499962	-0.0127499998	0	255	0
-4.51300001	6.77499962	-0.121875003	0	255	0
-4.84975004	6.77499962	-0.121875003	0	255	0
-4.84975004	6.82499981	-0.0855000019	0	255	0
-4.84975004	6.82499981	-0.0491250008	0	255	0
-4.51300001	6.82499981	-0.0491250008	0	255	0
-5.86000013	6.625	0.351000011	0	255	0
-4.84975004	6.77499962	-0.0491250008	0	255	0
-4.51300001	6.77499962	-0.0491250008	0	255	0
-4.51300001	6.77499962	-0.0855000019	0	255	0
-5.18650007	6.7249999	-0.0127499998	0	255	0
-4.51300001	6.79999971	0.0600000024	0	255	0
-4.17624998	6.79999971	0.0600000024	0	255	0
-4.51300001	6.79999971	-0.0127499998	0	255	0
-4.17624998	6.79999971	-0.0127499998	0	255	0
-4.00787497	6.82499981	0.0600000024	0	255	0
-4.00787497	6.82499981	-0.0127499998	0	255	0
-4.00787497	6.79999971	-0.0127499998	0	255	0
-3.83949995	6.79999971	0.0600000024	0	255	0
-3.83949995	6.77499962	0.0600000024	0	255	0
-3.83949995	6.79999971	-0.0127499998	0	255	0
-3.83949995	6.77499962	-0.0127499998	0	255	0
-4.51300001	6.79999971	-0.0127499998	0	255	0
-4.17624998	6.79999971	-0.0127499998	0	255	0
-4.51300001	6.79999971	-0.0855000019	0	255	0
-4.17624998	6.82499981	-0.0855000019	0	255	0
-4.17624998	6.79999971	-0.0855000019	0	255	0
-4.17624998	6.82499981	0.0600000024	0	255	0
-4.17624998	6.82499981	0.0236250013	0	255	0
-3.83949995	6.82499981	0.0236250013	0	255	0
-3.83949995	6.82499981	-0.0855000019	0	255	0
-4.17624998	6.77499962	0.0236250013	0	255	0
-3.83949995	6.77499962	0.0236250013	0	255	0
-3.83949995	6.77499962	0.0600000024	0	255	0
-3.83949995	6.79999971	0.0600000024	0	255	0
-3.67112494	6.79999971	-0.0127499998	0	255	0
-3.67112494	6.79999971	-0.0127499998	0	255	0
-3.67112494	6.77499962	0.0600000024	0	255	0
-3.83949995	6.79999971	-0.0127499998	0	255	0
-3.67112494	6.77499962	-0.0127499998	0	255	0
-3.83949995	6.79999971	-0.0127499998	0	255	0
-3.67112494	6.79999971	-0.0855000019	0	255	0
-3.67112494	6.79999971	-0.0855000019	0	255	0
-3.67112494	6.77499962	-0.0127499998	0	255	0
-3.83949995	6.79999971	-0.0855000019	0	255	0
-3.67112494	6.77499962	-0.0855000019	0	255	0
-3.83949995	6.77499962	-0.0855000019	0	255	0
-3.83949995	6.77499962	-0.0491250008	0	255	0
-3.83949995	6.75	-0.0855000019	0	255	0
-3.83949995	6.75	-0.0491250008	0	255	0
-3.50274992	6.77499962	-0.0491250008	0	255	0
-3.50274992	6.75	-0.0855000019	0	255	0
-3.50274992	6.75	-0.0491250008	0	255	0
-3.3343749	6.77499962	0.0600000024	0	255	0
-3.3343749	6.77499962	-0.0127499998	0	255	0
-3.50274992	6.75	-0.0127499998	0	255	0
-3.3343749	6.75	-0.0127499998	0	255	0
-3.50274992	6.7249999	0.0236250013	0	255	0
-3.16599989	6.75	0.0600000024	0	255	0
-3.16599989	6.75	-0.0127499998	0	255	0
-3.16599989	6.7249999	-0.0127499998	0	255	0
-3.3343749	6.7249999	-0.0127499998	0	255	0
-3.67112494	6.77499962	-0.0855000019	0	255	0
-3.67112494	6.77499962	-0.0491250008	0	255	0
-3.50274992	6.77499962	-0.0491250008	0	255	0
-3.83949995	6.7249999	-0.231000006	0	255	0
-3.67112494	6.75	-0.0491250008	0	255	0
-3.50274992	6.75	-0.0491250008	0	255	0
-3.50274992	6.75	-0.0855000019	0	255	0
-3.83949995	6.7249999	-0.0127499998	0	255	0
-3.50274992	6.77499962	-0.0491250008	0	255	0
-3.3343749	6.77499962	-0.0127499998	0	255	0
-3.3343749	6.77499962	-0.0491250008	0	255	0
-3.50274992	6.75	-0.0127499998	0	255	0
-3.3343749	6.75	-0.0855000019	0	255	0
-3.3343749	6.75	-0.0491250008	0	255	0
-3.50274992	6.75	-0.0491250008	0	255	0
-4.51300001	6.82499981	-0.121875003	0	255	0
-4.51300001	6.79999971	-0.0855000019	0	255	0
-4.51300001	6.79999971	-0.121875003	0	255	0
-4.17624998	6.82499981	-0.121875003	0	255	0
-4.17624998	6.79999971	-0.0855000019	0	255	0
-4.17624998	6.79999971	-0.121875003	0	255	0
-4.17624998	6.82499981	-0.121875003	0	255	0
-4.00787497	6.82499981	-0.0855000019	0	255	0
-4.00787497	6.82499981	-0.121875003	0	255	0
-4.00787497	6.79999971	-0.158250004	0	255	0
-3.83949995	6.79999971	-0.0855000019	0	255	0
-3.83949995	6.77499962	-0.0855000019	0	255	0
-4.17624998	6.79999971	-0.158250004	0	255	0
-4.17624998	6.77499962	-0.158250004	0	255	0
-3.83949995	6.79999971	-0.158250004	0	255	0
-3.83949995	6.77499962	-0.158250004	0	255	0
-4.51300001	6.82499981	-0.194625005	0	255	0
-4.51300001	6.82499981	-0.158250004	0	255	0
-4.344625	6.82499981	-0.158250004	0	255	0
-4.344625	6.82499981	-0.194625005	0	255	0
-4.51300001	6.79999971	-0.158250004	0	255	0
-4.344625	6.79999971	-0.231000006	0	255	0
-4.344625	6.79999971	-0.194625005	0	255	0
-4.51300001	6.79999971	-0.194625005	0	255	0
-3.83949995	6.82499981	0.0600000024	0	255	0
-3.83949995	6.82499981	-0.0491250008	0	255	0
-3.50274992	6.82499981	-0.0491250008	0	255	0
-3.50274992	6.82499981	-0.0855000019	0	255	0
-3.83949995	6.77499962	-0.0491250008	0	255	0
-3.50274992	6.77499962	-0.0491250008	0	255	0
-3.83949995	6.7249999	-0.0127499998	0	255	0
-3.83949995	6.77499962	-0.0855000019	0	255	0
-3.67112494	6.69999981	0.0236250013	0	255	0
-3.67112494	6.69999981	-0.0127499998	0	255	0
-3.50274992	6.69999981	0.0600000024	0	255	0
-3.50274992	6.69999981	0.0236250013	0	255	0
-3.67112494	6.67500019	0.0600000024	0	255	0
-3.50274992	6.67500019	0.0236250013	0	255	0
-3.67112494	6.67500019	0.0236250013	0	255	0
-3.3343749	6.7249999	0.0600000024	0	255	0
-3.16599989	6.69999981	0.0600000024	0	255	0
-3.3343749	6.7249999	-0.0127499998	0	255	0
-3.16599989	6.7249999	-0.0127499998	0	255	0
-3.50274992	6.69999981	0.0236250013	0	255	0
-3.50274992	6.69999981	0.0600000024	0	255	0
-3.3343749	6.69999981	-0.0127499998	0	255	0
-3.3343749	6.67500019	0.0600000024	0	255	0
-3.50274992	6.67500019	0.0236250013	0	255	0
-3.16599989	6.67500019	0.0236250013	0	255	0
-3.16599989	6.67500019	-0.0127499998	0	255	0
-3.3343749	6.67500019	-0.0127499998	0	255	0
-3.50274992	6.7249999	0.0600000024	0	255	0
-3.50274992	6.7249999	0.0236250013	0	255	0
-3.16599989	6.7249999	0.0236250013	0	255	0
-3.16599989	6.7249999	-0.0855000019	0	255	0
-3.50274992	6.67500019	0.0236250013	0	255	0
-3.16599989	6.67500019	0.0236250013	0	255	0
-3.16599989	6.67500019	0.0600000024	0	255	0
-3.83949995	6.67500019	-0.0491250008	0	255	0
-3.83949995	6.67500019	0.0600000024	0	255	0
-3.50274992	6.67500019	-0.0491250008	0	255	0
-3.67112494	6.6500001	-0.0127499998	0	255	0
-3.83949995	6.625	-0.0491250008	0	255	0
-3.50274992	6.625	0.0600000024	0	255	0
-3.50274992	6.625	-0.0491250008	0	255	0
-3.67112494	6.67500019	-0.0491250008	0	255	0
-3.67112494	6.67500019	-0.0127499998	0	255	0
-3.50274992	6.67500019	-0.0491250008	0	255	0
-3.83949995	6.6500001	-0.0127499998	0	255	0
-3.67112494	6.6500001	-0.0855000019	0	255	0
-3.50274992	6.625	-0.0127499998	0	255	0
-3.83949995	6.6500001	-0.0855000019	0	255	0
-3.83949995	6.625	-0.0855000019	0	255	0
-3.50274992	6.6500001	-0.0855000019	0	255	0
-3.50274992	6.625	-0.0855000019	0	255	0
-3.67112494	6.6500001	-0.194625005	0	255	0
-3.67112494	6.6500001	-0.158250004	0	255	0
-3.50274992	6.6500001	-0.231000006	0	255	0
-3.50274992	6.6500001	-0.194625005	0	255	0
-3.67112494	6.625	-0.231000006	0	255	0
-3.50274992	6.625	-0.0855000019	0	255	0
-3.50274992	6.625	-0.194625005	0	255	0
-3.67112494	6.625	-0.194625005	0	255	0
