-14.616375	69958	2.25500011	0	255	0
-14.616375	69955.0625	1.91812515	0	255	0
-14.6037502	69955.0625	2.25500011	0	255	0
-14.6289997	69958	1.91812515	0	255	0
-14.6289997	69958	2.08656263	0	255	0
-14.6289997	69955.0625	2.08656263	0	255	0
-14.6289997	69955.0625	1.91812515	0	255	0
-14.616375	69952.125	2.08656263	0	255	0
-14.6037502	69952.125	2.08656263	0	255	0
-14.616375	69952.125	1.91812515	0	255	0
-14.5911255	69958	2.25500011	0	255	0
-14.5911255	69958	1.91812515	0	255	0
-14.5911255	69955.0625	1.91812515	0	255	0
-14.5784998	69955.0625	2.25500011	0	255	0
-14.5784998	69955.0625	1.91812515	0	255	0
-14.616375	69958	1.91812515	0	255	0
-14.6037502	69958	1.74968767	0	255	0
-14.6289997	69958	1.58125007	0	255	0
-14.6289997	69958	1.74968767	0	255	0
-14.616375	69958	1.58125007	0	255	0
-14.6289997	69955.0625	1.74968767	0	255	0
-14.6289997	69955.0625	1.58125007	0	255	0
-14.616375	69952.125	1.91812515	0	255	0
-14.6037502	69955.0625	1.58125007	0	255	0
-14.616375	69952.125	1.58125007	0	255	0
-14.6037502	69958	2.25500011	0	255	0
-14.6037502	69958	2.08656263	0	255	0
-14.5784998	69958	2.08656263	0	255	0
-14.5784998	69958	1.58125007	0	255	0
-14.6037502	69952.125	2.08656263	0	255	0
-14.5784998	69952.125	2.08656263	0	255	0
-14.5784998	69952.125	2.25500011	0	255	0
-14.5911255	69952.125	2.25500011	0	255	0
-14.6037502	69952.125	2.08656263	0	255	0
-14.5911255	69946.25	2.25500011	0	255	0
-14.6037502	69946.25	2.08656263	0	255	0
-14.6037502	69949.1875	1.91812515	0	255	0
-14.6037502	69949.1875	1.58125007	0	255	0
-14.5784998	69952.125	1.58125007	0	255	0
-14.5911255	69946.25	1.91812515	0	255	0
-14.5911255	69946.25	1.58125007	0	255	0
-14.5658741	69955.0625	2.08656263	0	255	0
-14.5658741	69955.0625	1.91812515	0	255	0
-14.5532494	69955.0625	2.25500011	0	255	0
-14.5532494	69955.0625	2.08656263	0	255	0
-14.5658741	69952.125	2.25500011	0	255	0
-14.5532494	69952.125	1.58125007	0	255	0
-14.5532494	69952.125	2.08656263	0	255	0
-14.5658741	69952.125	2.08656263	0	255	0
-14.5784998	69952.125	1.74968767	0	255	0
-14.5784998	69952.125	2.25500011	0	255	0
-14.5658741	69952.125	1.58125007	0	255	0
-14.5658741	69952.125	1.74968767	0	255	0
-14.5658741	69949.1875	1.91812515	0	255	0
-14.5658741	69946.25	1.58125007	0	255	0
-14.5658741	69946.25	1.74968767	0	255	0
-14.5784998	69946.25	1.74968767	0	255	0
-14.5532494	69949.1875	2.08656263	0	255	0
-14.5532494	69949.1875	2.25500011	0	255	0
-14.5406246	69949.1875	1.91812515	0	255	0
-14.5406246	69949.1875	2.08656263	0	255	0
-14.5406246	69949.1875	1.91812515	0	255	0
-14.5406246	69946.25	2.25500011	0	255	0
-14.5406246	69946.25	2.08656263	0	255	0
-14.5532494	69946.25	2.08656263	0	255	0
-14.5784998	69952.125	1.91812515	0	255	0
-14.5532494	69952.125	1.91812515	0	255	0
-14.5532494	69952.125	1.74968767	0	255	0
-14.5784998	69952.125	1.58125007	0	255	0
-14.5658741	69952.125	1.58125007	0	255	0
-14.5658741	69949.1875	1.58125007	0	255	0
-14.5532494	69946.25	1.91812515	0	255	0
-14.5532494	69949.1875	1.58125007	0	255	0
-14.5532494	69946.25	1.58125007	0	255	0
-14.616375	69958	1.58125007	0	255	0
-14.6289997	69958	1.41281247	0	255	0
-14.6289997	69955.0625	1.41281247	0	255	0
-14.6289997	69955.0625	1.24437499	0	255	0
-14.616375	69952.125	1.58125007	0	255	0
-14.616375	69952.125	1.24437499	0	255	0
-14.5911255	69958	1.58125007	0	255	0
-14.5911255	69958	1.24437499	0	255	0
-14.5911255	69955.0625	1.24437499	0	255	0
-14.5784998	69955.0625	1.58125007	0	255	0
-14.5784998	69955.0625	1.24437499	0	255	0
-14.6289997	69958	1.07593751	0	255	0
-14.6289997	69955.0625	1.24437499	0	255	0
-14.6289997	69955.0625	1.07593751	0	255	0
-14.616375	69958	0.907500029	0	255	0
-14.6037502	69958	0.907500029	0	255	0
-14.616375	69952.125	1.24437499	0	255	0
-14.616375	69952.125	0.907500029	0	255	0
-14.6037502	69958	1.58125007	0	255	0
-14.6037502	69958	1.41281247	0	255	0
-14.5784998	69958	1.41281247	0	255	0
-14.5784998	69958	0.907500029	0	255	0
-14.6037502	69952.125	1.41281247	0	255	0
-14.5784998	69952.125	1.41281247	0	255	0
-14.5784998	69952.125	1.58125007	0	255	0
-14.6037502	69949.1875	1.24437499	0	255	0
-14.5911255	69949.1875	1.24437499	0	255	0
-14.6037502	69946.25	1.41281247	0	255	0
-14.5911255	69946.25	1.24437499	0	255	0
-14.616375	69952.125	1.07593751	0	255	0
-14.616375	69952.125	1.24437499	0	255	0
-14.6037502	69952.125	1.07593751	0	255	0
-14.616375	69949.1875	0.907500029	0	255	0
-14.6037502	69949.1875	1.24437499	0	255	0
-14.6037502	69949.1875	1.07593751	0	255	0
-14.616375	69949.1875	1.07593751	0	255	0
-14.6037502	69949.1875	1.24437499	0	255	0
-14.5784998	69952.125	0.907500029	0	255	0
-14.5911255	69946.25	1.24437499	0	255	0
-14.6037502	69946.25	1.07593751	0	255	0
-14.6037502	69946.25	0.907500029	0	255	0
-14.5784998	69958	2.25500011	0	255	0
-14.5784998	69958	1.74968767	0	255	0
-14.5532494	69958	1.74968767	0	255	0
-14.5532494	69958	1.58125007	0	255	0
-14.5784998	69946.25	1.74968767	0	255	0
-14.5532494	69946.25	1.74968767	0	255	0
-14.5532494	69946.25	1.58125007	0	255	0
-14.5911255	69946.25	1.07593751	0	255	0
-14.5911255	69946.25	0.907500029	0	255	0
-14.5784998	69946.25	1.07593751	0	255	0
-14.5911255	69943.3125	1.24437499	0	255	0
-14.5784998	69943.3125	0.907500029	0	255	0
-14.5784998	69943.3125	1.07593751	0	255	0
-14.5911255	69943.3125	1.07593751	0	255	0
-14.5784998	69943.3125	2.25500011	0	255	0
-14.5532494	69946.25	2.25500011	0	255	0
-14.5532494	69946.25	2.08656263	0	255	0
-14.5658741	69946.25	1.91812515	0	255	0
-14.5658741	69940.375	2.25500011	0	255	0
-14.5784998	69940.375	2.08656263	0	255	0
-14.5532494	69943.3125	1.91812515	0	255	0
-14.5532494	69946.25	2.08656263	0	255	0
-14.5406246	69946.25	2.08656263	0	255	0
-14.5406246	69946.25	1.91812515	0	255	0
-14.5532494	69943.3125	2.25500011	0	255	0
-14.5406246	69943.3125	1.91812515	0	255	0
-14.5279999	69943.3125	2.25500011	0	255	0
-14.5279999	69943.3125	2.08656263	0	255	0
-14.5279999	69940.375	2.08656263	0	255	0
-14.5406246	69940.375	1.91812515	0	255	0
-14.5532494	69946.25	1.58125007	0	255	0
-14.5658741	69943.3125	1.58125007	0	255	0
-14.5532494	69946.25	2.25500011	0	255	0
-14.5532494	69946.25	2.08656263	0	255	0
-14.5279999	69946.25	2.08656263	0	255	0
-14.5279999	69946.25	1.58125007	0	255	0
-14.5532494	69940.375	2.08656263	0	255	0
-14.5279999	69940.375	2.08656263	0	255	0
-14.5279999	69940.375	2.25500011	0	255	0
-14.5784998	69940.375	1.74968767	0	255	0
-14.5784998	69937.4375	1.58125007	0	255	0
-14.5784998	69937.4375	1.74968767	0	255	0
-14.5532494	69940.375	1.74968767	0	255	0
-14.5658741	69934.5	1.58125007	0	255	0
-14.5532494	69934.5	1.74968767	0	255	0
-14.5658741	69934.5	1.74968767	0	255	0
-14.5279999	69940.375	2.08656263	0	255	0
-14.5406246	69940.375	1.91812515	0	255	0
-14.5406246	69937.4375	1.91812515	0	255	0
-14.5279999	69937.4375	1.91812515	0	255	0
-14.5784998	69937.4375	1.91812515	0	255	0
-14.5784998	69937.4375	1.58125007	0	255	0
-14.5658741	69934.5	1.91812515	0	255	0
-14.5658741	69934.5	1.58125007	0	255	0
-14.5279999	69940.375	1.91812515	0	255	0
-14.5279999	69940.375	1.58125007	0	255	0
-14.5406246	69937.4375	1.58125007	0	255	0
-14.5911255	69946.25	1.58125007	0	255	0
-14.5911255	69943.3125	1.24437499	0	255	0
-14.5784998	69943.3125	1.58125007	0	255	0
-14.6037502	69946.25	1.24437499	0	255	0
-14.6037502	69946.25	1.41281247	0	255	0
-14.6037502	69943.3125	1.41281247	0	255	0
-14.6037502	69943.3125	1.24437499	0	255	0
-14.5784998	69946.25	1.24437499	0	255	0
-14.5911255	69940.375	1.41281247	0	255	0
-14.5784998	69940.375	1.41281247	0	255	0
-14.5784998	69940.375	1.24437499	0	255	0
-14.5911255	69940.375	1.24437499	0	255	0
-14.6037502	69946.25	1.58125007	0	255	0
-14.6037502	69946.25	1.41281247	0	255	0
-14.5784998	69946.25	1.41281247	0	255	0
-14.6037502	69940.375	1.41281247	0	255	0
-14.5784998	69940.375	1.41281247	0	255	0
-14.5784998	69940.375	1.58125007	0	255	0
-14.6037502	69940.375	1.24437499	0	255	0
-14.5532494	69946.25	1.58125007	0	255	0
-14.5658741	69943.3125	1.24437499	0	255	0
-14.5532494	69943.3125	1.41281247	0	255	0
-14.5532494	69943.3125	1.58125007	0	255	0
-14.5406246	69943.3125	1.24437499	0	255	0
-14.5406246	69943.3125	1.41281247	0	255	0
-14.5406246	69943.3125	1.24437499	0	255	0
-14.5406246	69940.375	1.58125007	0	255	0
-14.5406246	69940.375	1.41281247	0	255	0
-14.5532494	69940.375	1.41281247	0	255	0
-14.5532494	69946.25	0.907500029	0	255	0
-14.5658741	69943.3125	0.907500029	0	255	0
-14.5532494	69946.25	1.58125007	0	255	0
-14.5532494	69946.25	1.41281247	0	255	0
-14.5279999	69946.25	1.41281247	0	255	0
-14.5279999	69946.25	0.907500029	0	255	0
-14.5532494	69940.375	1.41281247	0	255	0
-14.5279999	69940.375	1.41281247	0	255	0
-14.5279999	69940.375	1.58125007	0	255	0
-14.5658741	69940.375	1.07593751	0	255	0
-14.5658741	69940.375	0.907500029	0	255	0
-14.5532494	69940.375	1.07593751	0	255	0
-14.5658741	69934.5	0.907500029	0	255	0
-14.5532494	69934.5	1.07593751	0	255	0
-14.5658741	69934.5	1.07593751	0	255	0
-14.5406246	69940.375	1.58125007	0	255	0
-14.5279999	69940.375	1.41281247	0	255	0
-14.5279999	69940.375	1.24437499	0	255	0
-14.5406246	69937.4375	1.24437499	0	255	0
-14.5279999	69937.4375	1.58125007	0	255	0
-14.5658741	69940.375	1.24437499	0	255	0
-14.5784998	69940.375	1.07593751	0	255	0
-14.5784998	69937.4375	1.07593751	0	255	0
-14.5784998	69937.4375	0.907500029	0	255	0
-14.5658741	69934.5	1.24437499	0	255	0
-14.5658741	69934.5	0.907500029	0	255	0
-14.5406246	69940.375	1.24437499	0	255	0
-14.5279999	69940.375	1.07593751	0	255	0
-14.5279999	69940.375	0.907500029	0	255	0
-14.5406246	69937.4375	0.907500029	0	255	0
-14.5279999	69937.4375	1.24437499	0	255	0
-14.5279999	69943.3125	1.07593751	0	255	0
-14.5279999	69943.3125	0.907500029	0	255	0
-14.5153751	69943.3125	1.24437499	0	255	0
-14.5153751	69943.3125	1.07593751	0	255	0
-14.5153751	69943.3125	1.24437499	0	255	0
-14.5153751	69940.375	0.907500029	0	255	0
-14.5153751	69940.375	1.07593751	0	255	0
-14.5279999	69940.375	1.07593751	0	255	0
-14.5279999	69937.4375	1.41281247	0	255	0
-14.5279999	69937.4375	1.58125007	0	255	0
-14.5153751	69937.4375	1.24437499	0	255	0
-14.5153751	69937.4375	1.41281247	0	255	0
-14.5153751	69937.4375	1.24437499	0	255	0
-14.5153751	69934.5	1.58125007	0	255	0
-14.5153751	69934.5	1.41281247	0	255	0
-14.5279999	69934.5	1.41281247	0	255	0
-14.5279999	69937.4375	0.907500029	0	255	0
-14.5279999	69937.4375	1.07593751	0	255	0
-14.5153751	69937.4375	1.07593751	0	255	0
-14.5279999	69934.5	1.24437499	0	255	0
-14.5279999	69934.5	1.07593751	0	255	0
-14.5153751	69934.5	1.07593751	0	255	0
-14.5153751	69934.5	0.907500029	0	255	0
-14.6289997	69958	0.907500029	0	255	0
-14.6289997	69955.0625	0.907500029	0	255	0
-14.6289997	69955.0625	0.570625007	0	255	0
-14.616375	69952.125	0.907500029	0	255	0
-14.616375	69952.125	0.570625007	0	255	0
-14.5784998	69958	0.907500029	0	255	0
-14.5784998	69958	0.570625007	0	255	0
-14.5911255	69955.0625	0.570625007	0	255	0
-14.6289997	69955.0625	0.570625007	0	255	0
-14.6289997	69958	0.233749986	0	255	0
-14.6289997	69955.0625	0.233749986	0	255	0
-14.6037502	69958	0.233749986	0	255	0
-14.616375	69952.125	0.570625007	0	255	0
-14.616375	69952.125	0.233749986	0	255	0
-14.6037502	69958	0.907500029	0	255	0
-14.6037502	69958	0.739062548	0	255	0
-14.5784998	69958	0.739062548	0	255	0
-14.5784998	69958	0.233749986	0	255	0
-14.6037502	69952.125	0.739062548	0	255	0
-14.5784998	69952.125	0.739062548	0	255	0
-14.5784998	69952.125	0.907500029	0	255	0
-14.616375	69952.125	0.402187496	0	255	0
-14.616375	69952.125	0.233749986	0	255	0
-14.6037502	69952.125	0.402187496	0	255	0
-14.616375	69949.1875	0.570625007	0	255	0
-14.6037502	69949.1875	0.233749986	0	255	0
-14.6037502	69949.1875	0.402187496	0	255	0
-14.616375	69949.1875	0.402187496	0	255	0
-14.6037502	69949.1875	0.907500029	0	255	0
-14.6037502	69949.1875	0.570625007	0	255	0
-14.5911255	69946.25	0.907500029	0	255	0
-14.5911255	69946.25	0.570625007	0	255	0
-14.6037502	69949.1875	0.570625007	0	255	0
-14.6037502	69949.1875	0.233749986	0	255	0
-14.5784998	69952.125	0.233749986	0	255	0
-14.5911255	69946.25	0.570625007	0	255	0
-14.5911255	69946.25	0.233749986	0	255	0
-14.5784998	69958	0.570625007	0	255	0
-14.5784998	69958	0.739062548	0	255	0
-14.5658741	69958	0.739062548	0	255	0
-14.5658741	69958	0.570625007	0	255	0
-14.5784998	69952.125	0.739062548	0	255	0
-14.5658741	69952.125	0.739062548	0	255	0
-14.5658741	69952.125	0.570625007	0	255	0
-14.5784998	69955.0625	0.233749986	0	255	0
-14.5784998	69955.0625	0.402187496	0	255	0
-14.5658741	69955.0625	0.402187496	0	255	0
-14.5784998	69952.125	0.402187496	0	255	0
-14.5658741	69952.125	0.402187496	0	255	0
-14.5658741	69952.125	0.233749986	0	255	0
-14.5784998	69952.125	0.402187496	0	255	0
-14.5658741	69952.125	0.233749986	0	255	0
-14.5658741	69952.125	0.402187496	0	255	0
-14.5658741	69949.1875	0.570625007	0	255	0
-14.5784998	69946.25	0.402187496	0	255	0
-14.5532494	69949.1875	0.233749986	0	255	0
-14.5532494	69949.1875	0.402187496	0	255	0
-14.5532494	69946.25	0.907500029	0	255	0
-14.5532494	69946.25	0.402187496	0	255	0
-14.5658741	69952.125	0.570625007	0	255	0
-14.5658741	69952.125	0.233749986	0	255	0
-14.5658741	69949.1875	0.233749986	0	255	0
-14.5532494	69949.1875	0.570625007	0	255	0
-14.5532494	69946.25	0.570625007	0	255	0
-14.5532494	69949.1875	0.233749986	0	255	0
-14.5532494	69946.25	0.233749986	0	255	0
-14.616375	69958	0.233749986	0	255	0
-14.6037502	69958	0.0653124899	0	255	0
-14.6289997	69958	-0.103125006	0	255	0
-14.6289997	69958	0.0653124899	0	255	0
-14.616375	69958	-0.103125006	0	255	0
-14.6289997	69955.0625	0.0653124899	0	255	0
-14.6289997	69952.125	0.233749986	0	255	0
-14.6289997	69955.0625	-0.103125006	0	255	0
-14.616375	69952.125	0.233749986	0	255	0
-14.6037502	69952.125	0.0653124899	0	255	0
-14.616375	69952.125	0.0653124899	0	255	0
-14.6037502	69958	0.0653124899	0	255	0
-14.5911255	69958	0.233749986	0	255	0
-14.5911255	69958	-0.103125006	0	255	0
-14.5784998	69958	0.0653124899	0	255	0
-14.5784998	69958	-0.103125006	0	255	0
-14.5784998	69955.0625	0.0653124899	0	255	0
-14.5784998	69955.0625	-0.103125006	0	255	0
-14.5911255	69955.0625	-0.103125006	0	255	0
-14.5911255	69952.125	0.233749986	0	255	0
-14.5911255	69952.125	0.0653124899	0	255	0
-14.6037502	69952.125	0.0653124899	0	255	0
-14.616375	69958	-0.103125006	0	255	0
-14.6037502	69958	-0.103125006	0	255	0
-14.6037502	69958	-0.271562517	0	255	0
-14.6037502	69955.0625	-0.103125006	0	255	0
-14.6037502	69955.0625	-0.271562517	0	255	0
-14.6289997	69958	-0.439999998	0	255	0
-14.6289997	69958	-0.271562517	0	255	0
-14.616375	69958	-0.439999998	0	255	0
-14.6289997	69955.0625	-0.103125006	0	255	0
-14.616375	69955.0625	-0.439999998	0	255	0
-14.616375	69952.125	-0.103125006	0	255	0
-14.616375	69952.125	-0.439999998	0	255	0
-14.6037502	69958	0.233749986	0	255	0
-14.6037502	69958	0.0653124899	0	255	0
-14.5784998	69958	0.0653124899	0	255	0
-14.5784998	69958	-0.439999998	0	255	0
-14.6037502	69952.125	0.0653124899	0	255	0
-14.5784998	69952.125	0.0653124899	0	255	0
-14.5784998	69952.125	0.233749986	0	255	0
-14.616375	69952.125	-0.271562517	0	255	0
-14.616375	69952.125	-0.439999998	0	255	0
-14.6037502	69952.125	-0.271562517	0	255	0
-14.616375	69949.1875	-0.103125006	0	255	0
-14.6037502	69949.1875	-0.439999998	0	255	0
-14.6037502	69949.1875	-0.271562517	0	255	0
-14.616375	69949.1875	-0.271562517	0	255	0
-14.6037502	69949.1875	0.233749986	0	255	0
-14.5784998	69952.125	0.233749986	0	255	0
-14.5911255	69946.25	0.233749986	0	255	0
-14.6037502	69946.25	0.0653124899	0	255	0
-14.6289997	69949.1875	-0.103125006	0	255	0
-14.6037502	69952.125	-0.271562517	0	255	0
-14.6037502	69949.1875	-0.103125006	0	255	0
-14.616375	69952.125	-0.439999998	0	255	0
-14.6289997	69949.1875	-0.439999998	0	255	0
-14.6037502	69949.1875	-0.439999998	0	255	0
-14.616375	69946.25	-0.271562517	0	255	0
-14.6037502	69946.25	-0.271562517	0	255	0
-14.616375	69946.25	-0.439999998	0	255	0
-14.6289997	69946.25	0.233749986	0	255	0
-14.5784998	69952.125	-0.439999998	0	255	0
-14.5911255	69949.1875	-0.439999998	0	255	0
-14.5784998	69958	0.907500029	0	255	0
-14.5784998	69958	0.402187496	0	255	0
-14.5532494	69958	0.402187496	0	255	0
-14.5532494	69958	0.233749986	0	255	0
-14.5784998	69946.25	0.402187496	0	255	0
-14.5279999	69952.125	0.402187496	0	255	0
-14.5279999	69952.125	0.233749986	0	255	0
-14.5279999	69946.25	0.402187496	0	255	0
-14.5279999	69946.25	0.907500029	0	255	0
-14.6037502	69946.25	-0.271562517	0	255	0
-14.6037502	69946.25	-0.439999998	0	255	0
-14.6037502	69943.3125	-0.439999998	0	255	0
-14.6037502	69943.3125	-0.271562517	0	255	0
-14.5784998	69946.25	-0.271562517	0	255	0
-14.5784998	69943.3125	-0.439999998	0	255	0
-14.5784998	69943.3125	-0.271562517	0	255	0
-14.5532494	69946.25	0.907500029	0	255	0
-14.5658741	69943.3125	0.570625007	0	255	0
-14.5532494	69943.3125	0.907500029	0	255	0
-14.5406246	69943.3125	0.570625007	0	255	0
-14.5406246	69943.3125	0.570625007	0	255	0
-14.5406246	69940.375	0.907500029	0	255	0
-14.5532494	69943.3125	0.570625007	0	255	0
-14.5406246	69940.375	0.570625007	0	255	0
-14.5532494	69946.25	0.233749986	0	255	0
-14.5658741	69943.3125	0.233749986	0	255	0
-14.5784998	69940.375	0.233749986	0	255	0
-14.5532494	69946.25	0.907500029	0	255	0
-14.5532494	69946.25	0.739062548	0	255	0
-14.5279999	69946.25	0.739062548	0	255	0
-14.5279999	69946.25	0.233749986	0	255	0
-14.5532494	69940.375	0.739062548	0	255	0
-14.5279999	69940.375	0.739062548	0	255	0
-14.5279999	69940.375	0.907500029	0	255	0
-14.5784998	69940.375	0.402187496	0	255	0
-14.5784998	69937.4375	0.233749986	0	255	0
-14.5784998	69937.4375	0.402187496	0	255	0
-14.5532494	69940.375	0.402187496	0	255	0
-14.5658741	69934.5	0.233749986	0	255	0
-14.5532494	69934.5	0.402187496	0	255	0
-14.5658741	69934.5	0.402187496	0	255	0
-14.5279999	69940.375	0.907500029	0	255	0
-14.5406246	69937.4375	0.570625007	0	255	0
-14.5658741	69940.375	0.570625007	0	255	0
-14.5658741	69940.375	0.233749986	0	255	0
-14.5658741	69934.5	0.570625007	0	255	0
-14.5658741	69934.5	0.233749986	0	255	0
-14.5279999	69940.375	0.233749986	0	255	0
-14.5406246	69937.4375	0.233749986	0	255	0
-14.5911255	69946.25	0.0653124899	0	255	0
-14.5911255	69946.25	0.233749986	0	255	0
-14.5784998	69946.25	0.0653124899	0	255	0
-14.5911255	69943.3125	-0.103125006	0	255	0
-14.5784998	69943.3125	0.233749986	0	255	0
-14.6037502	69940.375	-0.439999998	0	255	0
-14.5784998	69943.3125	-0.103125006	0	255	0
-14.5911255	69940.375	0.0653124899	0	255	0
-14.5784998	69940.375	0.0653124899	0	255	0
-14.5911255	69940.375	-0.103125006	0	255	0
-14.616375	69946.25	-0.271562517	0	255	0
-14.616375	69946.25	-0.103125006	0	255	0
-14.6037502	69946.25	-0.103125006	0	255	0
-14.6037502	69946.25	-0.271562517	0	255	0
-14.616375	69943.3125	-0.439999998	0	255	0
-14.6037502	69943.3125	-0.103125006	0	255	0
-14.6037502	69943.3125	-0.271562517	0	255	0
-14.616375	69943.3125	-0.271562517	0	255	0
-14.6037502	69946.25	0.233749986	0	255	0
-14.6037502	69946.25	0.0653124899	0	255	0
-14.5784998	69946.25	0.0653124899	0	255	0
-14.6037502	69940.375	0.0653124899	0	255	0
-14.5784998	69940.375	0.0653124899	0	255	0
-14.5784998	69940.375	0.233749986	0	255	0
-14.5911255	69940.375	-0.103125006	0	255	0
-14.5911255	69940.375	0.0653124899	0	255	0
-14.5784998	69940.375	0.0653124899	0	255	0
-14.5911255	69937.4375	0.0653124899	0	255	0
-14.5784998	69937.4375	0.0653124899	0	255	0
-14.5784998	69937.4375	-0.103125006	0	255	0
-14.6037502	69934.5	0.233749986	0	255	0
-14.6037502	69940.375	-0.271562517	0	255	0
-14.6037502	69937.4375	-0.103125006	0	255	0
-14.6037502	69937.4375	-0.271562517	0	255	0
-14.5784998	69937.4375	-0.103125006	0	255	0
-14.5911255	69940.375	-0.439999998	0	255	0
-14.5784998	69940.375	-0.439999998	0	255	0
-14.5784998	69937.4375	-0.439999998	0	255	0
-14.6037502	69934.5	-0.103125006	0	255	0
-14.5532494	69946.25	0.233749986	0	255	0
-14.5658741	69943.3125	-0.103125006	0	255	0
-14.5532494	69946.25	0.0653124899	0	255	0
-14.5279999	69946.25	0.0653124899	0	255	0
-14.5279999	69946.25	-0.103125006	0	255	0
-14.5279999	69943.3125	0.0653124899	0	255	0
-14.5279999	69943.3125	-0.103125006	0	255	0
-14.5532494	69943.3125	0.233749986	0	255	0
-14.5406246	69943.3125	-0.103125006	0	255	0
-14.5406246	69943.3125	-0.103125006	0	255	0
-14.5406246	69940.375	0.233749986	0	255	0
-14.5406246	69940.375	-0.103125006	0	255	0
-14.5658741	69946.25	-0.103125006	0	255	0
-14.5658741	69946.25	-0.439999998	0	255	0
-14.5784998	69943.3125	-0.439999998	0	255	0
-14.5658741	69943.3125	-0.439999998	0	255	0
-14.5784998	69940.375	-0.271562517	0	255	0
-14.5532494	69943.3125	-0.103125006	0	255	0
-14.5532494	69943.3125	-0.271562517	0	255	0
-14.5532494	69940.375	-0.271562517	0	255	0
-14.5784998	69940.375	-0.271562517	0	255	0
-14.5784998	69937.4375	-0.439999998	0	255	0
-14.5784998	69937.4375	-0.271562517	0	255	0
-14.5532494	69940.375	-0.271562517	0	255	0
-14.5658741	69934.5	-0.439999998	0	255	0
-14.5532494	69934.5	-0.271562517	0	255	0
-14.5658741	69934.5	-0.271562517	0	255	0
-14.5406246	69940.375	0.233749986	0	255	0
-14.5279999	69940.375	0.0653124899	0	255	0
-14.5279999	69940.375	-0.103125006	0	255	0
-14.5406246	69937.4375	-0.103125006	0	255	0
-14.5279999	69937.4375	0.233749986	0	255	0
-14.5279999	69934.5	-0.103125006	0	255	0
-14.5784998	69937.4375	-0.103125006	0	255	0
-14.5532494	69937.4375	-0.103125006	0	255	0
-14.5784998	69940.375	-0.439999998	0	255	0
-14.5784998	69937.4375	-0.439999998	0	255	0
-14.5532494	69937.4375	-0.439999998	0	255	0
-14.5406246	69940.375	-0.103125006	0	255	0
-14.5532494	69937.4375	-0.439999998	0	255	0
-14.5279999	69940.375	-0.271562517	0	255	0
-14.5279999	69940.375	-0.439999998	0	255	0
-14.5279999	69937.4375	-0.271562517	0	255	0
-14.5279999	69937.4375	-0.439999998	0	255	0
-14.5406246	69937.4375	-0.439999998	0	255	0
-14.5406246	69934.5	-0.103125006	0	255	0
-14.5406246	69934.5	-0.271562517	0	255	0
-14.5532494	69934.5	-0.271562517	0	255	0
-14.5279999	69940.375	0.907500029	0	255	0
-14.5279999	69940.375	1.07593751	0	255	0
-14.5027504	69940.375	1.07593751	0	255	0
-14.5279999	69934.5	1.24437499	0	255	0
-14.5279999	69934.5	1.07593751	0	255	0
-14.5027504	69934.5	1.07593751	0	255	0
-14.5027504	69934.5	0.907500029	0	255	0
-14.5532494	69934.5	-0.271562487	0	255	0
-14.5532494	69934.5	-0.439999998	0	255	0
-14.5532494	69931.5625	-0.439999998	0	255	0
-14.5532494	69931.5625	-0.271562487	0	255	0
-14.5279999	69934.5	-0.271562487	0	255	0
-14.5406246	69928.625	-0.439999998	0	255	0
-14.5279999	69928.625	-0.271562487	0	255	0
-14.5406246	69928.625	-0.271562487	0	255	0
-14.5406246	69928.625	-0.271562487	0	255	0
-14.5406246	69928.625	-0.439999998	0	255	0
-14.5279999	69928.625	-0.271562487	0	255	0
-14.5406246	69925.6875	-0.103124976	0	255	0
-14.5279999	69925.6875	-0.439999998	0	255	0
-14.5279999	69925.6875	-0.271562487	0	255	0
-14.5406246	69925.6875	-0.271562487	0	255	0
-14.5027504	69934.5	2.08656263	0	255	0
-14.5027504	69931.5625	2.25500011	0	255	0
-14.5153751	69934.5	1.91812515	0	255	0
-14.5153751	69931.5625	1.91812515	0	255	0
-14.5153751	69928.625	2.25500011	0	255	0
-14.5027504	69931.5625	1.91812515	0	255	0
-14.5027504	69928.625	2.08656263	0	255	0
-14.5027504	69934.5	2.08656263	0	255	0
-14.4901257	69934.5	2.25500011	0	255	0
-14.4901257	69934.5	2.08656263	0	255	0
-14.5027504	69931.5625	2.25500011	0	255	0
-14.4901257	69931.5625	1.91812515	0	255	0
-14.4901257	69931.5625	2.08656263	0	255	0
-14.5027504	69931.5625	2.08656263	0	255	0
-14.5153751	69934.5	1.91812515	0	255	0
-14.5027504	69934.5	1.74968767	0	255	0
-14.5027504	69934.5	1.58125007	0	255	0
-14.5153751	69931.5625	1.58125007	0	255	0
-14.5153751	69928.625	1.91812515	0	255	0
-14.5027504	69928.625	1.74968767	0	255	0
-14.5279999	69928.625	1.74968767	0	255	0
-14.5279999	69925.6875	1.58125007	0	255	0
-14.5279999	69925.6875	1.74968767	0	255	0
-14.5027504	69928.625	1.58125007	0	255	0
-14.5027504	69928.625	1.74968767	0	255	0
-14.5027504	69925.6875	1.58125007	0	255	0
-14.5027504	69925.6875	1.74968767	0	255	0
-14.5027504	69928.625	2.08656263	0	255	0
-14.4901257	69928.625	2.08656263	0	255	0
-14.4901257	69928.625	1.91812515	0	255	0
-14.5027504	69925.6875	2.08656263	0	255	0
-14.4901257	69925.6875	2.08656263	0	255	0
-14.5027504	69922.75	2.25500011	0	255	0
-14.5027504	69925.6875	1.91812515	0	255	0
-14.5153751	69928.625	1.91812515	0	255	0
-14.5153751	69925.6875	1.58125007	0	255	0
-14.5027504	69925.6875	1.91812515	0	255	0
-14.5279999	69928.625	1.74968767	0	255	0
-14.5279999	69925.6875	1.74968767	0	255	0
-14.5279999	69925.6875	1.58125007	0	255	0
-14.5027504	69925.6875	1.58125007	0	255	0
-14.5027504	69928.625	1.74968767	0	255	0
-14.4901257	69928.625	1.74968767	0	255	0
-14.4901257	69928.625	1.58125007	0	255	0
-14.5027504	69925.6875	1.74968767	0	255	0
-14.4901257	69925.6875	1.74968767	0	255	0
-14.5027504	69922.75	1.91812515	0	255	0
-14.5027504	69925.6875	1.58125007	0	255	0
-14.5153751	69934.5	1.58125007	0	255	0
-14.5279999	69934.5	1.24437499	0	255	0
-14.5153751	69934.5	1.24437499	0	255	0
-14.5153751	69931.5625	1.24437499	0	255	0
-14.5027504	69931.5625	1.58125007	0	255	0
-14.5027504	69931.5625	1.24437499	0	255	0
-14.5279999	69934.5	1.07593751	0	255	0
-14.5027504	69934.5	1.07593751	0	255	0
-14.5027504	69934.5	0.907500029	0	255	0
-14.5279999	69931.5625	1.24437499	0	255	0
-14.5153751	69931.5625	0.907500029	0	255	0
-14.5027504	69931.5625	1.24437499	0	255	0
-14.5027504	69934.5	1.58125007	0	255	0
-14.5027504	69934.5	1.41281247	0	255	0
-14.4775	69934.5	1.41281247	0	255	0
-14.4775	69934.5	0.907500029	0	255	0
-14.5027504	69928.625	1.41281247	0	255	0
-14.4775	69928.625	1.41281247	0	255	0
-14.4775	69928.625	1.58125007	0	255	0
-14.5279999	69928.625	1.07593751	0	255	0
-14.5027504	69928.625	1.07593751	0	255	0
-14.5153751	69925.6875	1.24437499	0	255	0
-14.5279999	69922.75	1.07593751	0	255	0
-14.5027504	69922.75	1.07593751	0	255	0
-14.4775	69928.625	1.58125007	0	255	0
-14.4775	69925.6875	1.58125007	0	255	0
-14.4775	69925.6875	1.24437499	0	255	0
-14.4901257	69925.6875	1.24437499	0	255	0
-14.4901257	69922.75	1.58125007	0	255	0
-14.4901257	69922.75	1.24437499	0	255	0
-14.5279999	69925.6875	0.907500029	0	255	0
-14.5153751	69925.6875	0.907500029	0	255	0
-14.5279999	69922.75	1.07593751	0	255	0
-14.5153751	69922.75	0.907500029	0	255	0
-14.4775	69928.625	0.907500029	0	255	0
-14.4901257	69925.6875	0.907500029	0	255	0
-14.4775	69922.75	1.24437499	0	255	0
-14.4775	69928.625	1.58125007	0	255	0
-14.4775	69928.625	1.74968767	0	255	0
-14.4522495	69928.625	1.74968767	0	255	0
-14.4775	69922.75	1.91812515	0	255	0
-14.4775	69922.75	1.74968767	0	255	0
-14.4522495	69922.75	1.74968767	0	255	0
-14.4522495	69922.75	1.58125007	0	255	0
-14.5153751	69922.75	1.07593751	0	255	0
-14.5153751	69922.75	0.907500029	0	255	0
-14.5027504	69922.75	1.07593751	0	255	0
-14.5153751	69919.8125	1.24437499	0	255	0
-14.5027504	69919.8125	0.907500029	0	255	0
-14.5027504	69919.8125	1.07593751	0	255	0
-14.5153751	69919.8125	1.07593751	0	255	0
-14.5027504	69922.75	1.07593751	0	255	0
-14.4775	69922.75	0.907500029	0	255	0
-14.4775	69922.75	1.07593751	0	255	0
-14.4901257	69919.8125	1.24437499	0	255	0
-14.5027504	69916.875	1.07593751	0	255	0
-14.4775	69916.875	1.07593751	0	255	0
-14.5279999	69913.9375	1.41281247	0	255	0
-14.5279999	69913.9375	1.58125007	0	255	0
-14.5153751	69913.9375	1.24437499	0	255	0
-14.5153751	69913.9375	1.41281247	0	255	0
-14.5153751	69913.9375	1.24437499	0	255	0
-14.5153751	69911	1.58125007	0	255	0
-14.5153751	69911	1.41281247	0	255	0
-14.5279999	69911	1.41281247	0	255	0
-14.5027504	69916.875	1.07593751	0	255	0
-14.5027504	69916.875	1.58125007	0	255	0
-14.4775	69916.875	1.07593751	0	255	0
-14.4901257	69913.9375	1.24437499	0	255	0
-14.5027504	69911	1.07593751	0	255	0
-14.4775	69911	1.07593751	0	255	0
-14.4775	69922.75	1.91812515	0	255	0
-14.4775	69922.75	2.08656263	0	255	0
-14.4648743	69922.75	2.08656263	0	255	0
-14.4648743	69922.75	1.91812515	0	255	0
-14.4775	69916.875	2.08656263	0	255	0
-14.4648743	69916.875	2.08656263	0	255	0
-14.4648743	69916.875	1.91812515	0	255	0
-14.4775	69919.8125	1.58125007	0	255	0
-14.4775	69919.8125	1.74968767	0	255	0
-14.4648743	69919.8125	1.74968767	0	255	0
-14.4775	69916.875	1.74968767	0	255	0
-14.4648743	69916.875	1.74968767	0	255	0
-14.4648743	69916.875	1.58125007	0	255	0
-14.4775	69916.875	1.58125007	0	255	0
-14.4775	69916.875	1.74968767	0	255	0
-14.4522495	69916.875	1.58125007	0	255	0
-14.4522495	69916.875	1.74968767	0	255	0
-14.4648743	69913.9375	1.91812515	0	255	0
-14.4775	69911	1.74968767	0	255	0
-14.4522495	69911	1.74968767	0	255	0
-14.4522495	69913.9375	1.91812515	0	255	0
-14.4522495	69913.9375	2.08656263	0	255	0
-14.4396248	69913.9375	2.08656263	0	255	0
-14.4522495	69911	2.08656263	0	255	0
-14.4396248	69911	2.08656263	0	255	0
-14.4396248	69911	1.91812515	0	255	0
-14.4775	69916.875	1.74968767	0	255	0
-14.4648743	69916.875	1.91812515	0	255	0
-14.4648743	69916.875	1.58125007	0	255	0
-14.4522495	69916.875	1.74968767	0	255	0
-14.4522495	69913.9375	1.58125007	0	255	0
-14.4648743	69913.9375	1.58125007	0	255	0
-14.4522495	69913.9375	1.91812515	0	255	0
-14.4522495	69911	1.74968767	0	255	0
-14.4775	69913.9375	1.58125007	0	255	0
-14.4648743	69911	1.58125007	0	255	0
-14.4522495	69913.9375	1.58125007	0	255	0
-14.4522495	69913.9375	1.74968767	0	255	0
-14.4396248	69913.9375	1.74968767	0	255	0
-14.4522495	69911	1.74968767	0	255	0
-14.4396248	69911	1.74968767	0	255	0
-14.4396248	69911	1.58125007	0	255	0
-14.4522495	69911	1.58125007	0	255	0
-14.5153751	69922.75	1.24437499	0	255	0
-14.5153751	69922.75	1.41281247	0	255	0
-14.5027504	69922.75	1.41281247	0	255	0
-14.5153751	69919.8125	1.24437499	0	255	0
-14.5027504	69919.8125	1.58125007	0	255	0
-14.5153751	69916.875	1.58125007	0	255	0
-14.5153751	69916.875	1.24437499	0	255	0
-14.5027504	69922.75	1.58125007	0	255	0
-14.4775	69922.75	1.24437499	0	255	0
-14.4901257	69919.8125	1.24437499	0	255	0
-14.5153751	69922.75	1.24437499	0	255	0
-14.5153751	69922.75	0.907500029	0	255	0
-14.5027504	69922.75	0.907500029	0	255	0
-14.5027504	69919.8125	0.907500029	0	255	0
-14.5279999	69916.875	1.24437499	0	255	0
-14.5153751	69916.875	1.24437499	0	255	0
-14.5027504	69916.875	1.07593751	0	255	0
-14.5153751	69916.875	1.07593751	0	255	0
-14.5027504	69922.75	1.58125007	0	255	0
-14.5027504	69922.75	1.41281247	0	255	0
-14.4775	69922.75	1.41281247	0	255	0
-14.5027504	69916.875	1.41281247	0	255	0
-14.4775	69916.875	1.41281247	0	255	0
-14.4775	69916.875	1.58125007	0	255	0
-14.4901257	69916.875	1.58125007	0	255	0
-14.4901257	69916.875	1.24437499	0	255	0
-14.5027504	69913.9375	1.41281247	0	255	0
-14.5027504	69913.9375	1.58125007	0	255	0
-14.4901257	69913.9375	1.24437499	0	255	0
-14.5027504	69911	1.41281247	0	255	0
-14.4901257	69911	1.24437499	0	255	0
-14.4901257	69916.875	1.24437499	0	255	0
-14.4901257	69916.875	0.907500029	0	255	0
-14.4775	69916.875	0.907500029	0	255	0
-14.4775	69913.9375	0.907500029	0	255	0
-14.5027504	69913.9375	1.24437499	0	255	0
-14.4901257	69913.9375	0.907500029	0	255	0
-14.4775	69911	1.07593751	0	255	0
-14.5027504	69913.9375	0.907500029	0	255	0
-14.4901257	69911	0.907500029	0	255	0
-14.5027504	69911	0.907500029	0	255	0
-14.4648743	69922.75	1.58125007	0	255	0
-14.4648743	69922.75	1.24437499	0	255	0
-14.4775	69919.8125	1.24437499	0	255	0
-14.4648743	69919.8125	1.24437499	0	255	0
-14.4648743	69916.875	1.58125007	0	255	0
-14.4775	69916.875	1.41281247	0	255	0
-14.4522495	69919.8125	1.41281247	0	255	0
-14.4522495	69919.8125	1.24437499	0	255	0
-14.4522495	69916.875	1.41281247	0	255	0
-14.4648743	69916.875	1.24437499	0	255	0
-14.4648743	69922.75	1.24437499	0	255	0
-14.4648743	69922.75	0.907500029	0	255	0
-14.4648743	69919.8125	0.907500029	0	255	0
-14.4648743	69916.875	1.24437499	0	255	0
-14.4522495	69919.8125	1.07593751	0	255	0
-14.4522495	69919.8125	0.907500029	0	255	0
-14.4522495	69916.875	1.07593751	0	255	0
-14.4775	69916.875	1.07593751	0	255	0
-14.4522495	69916.875	0.907500029	0	255	0
-14.4522495	69916.875	1.07593751	0	255	0
-14.4648743	69913.9375	1.24437499	0	255	0
-14.4775	69911	1.07593751	0	255	0
-14.4522495	69911	1.58125007	0	255	0
-14.4522495	69911	1.07593751	0	255	0
-14.4522495	69913.9375	1.41281247	0	255	0
-14.4522495	69913.9375	1.58125007	0	255	0
-14.4396248	69913.9375	1.24437499	0	255	0
-14.4396248	69913.9375	1.41281247	0	255	0
-14.4396248	69913.9375	1.24437499	0	255	0
-14.4396248	69911	1.58125007	0	255	0
-14.4396248	69911	1.41281247	0	255	0
-14.4522495	69911	1.41281247	0	255	0
-14.4648743	69913.9375	0.907500029	0	255	0
-14.4775	69911	0.907500029	0	255	0
-14.4522495	69913.9375	0.907500029	0	255	0
-14.4522495	69913.9375	1.07593751	0	255	0
-14.4522495	69911	1.07593751	0	255	0
-14.427	69913.9375	1.07593751	0	255	0
-14.427	69913.9375	0.907500029	0	255	0
-14.427	69911	1.07593751	0	255	0
-14.427	69911	0.907500029	0	255	0
-14.5406246	69934.5	0.907500029	0	255	0
-14.5406246	69931.5625	0.570625007	0	255	0
-14.5279999	69931.5625	0.907500029	0	255	0
-14.5532494	69934.5	0.570625007	0	255	0
-14.5532494	69934.5	0.739062548	0	255	0
-14.5532494	69931.5625	0.739062548	0	255	0
-14.5532494	69931.5625	0.570625007	0	255	0
-14.5406246	69928.625	0.739062548	0	255	0
-14.5279999	69928.625	0.739062548	0	255	0
-14.5406246	69928.625	0.570625007	0	255	0
-14.5658741	69934.5	0.233749986	0	255	0
-14.5658741	69934.5	0.402187496	0	255	0
-14.5532494	69934.5	0.402187496	0	255	0
-14.5532494	69934.5	0.233749986	0	255	0
-14.5658741	69931.5625	0.402187496	0	255	0
-14.5532494	69931.5625	0.402187496	0	255	0
-14.5532494	69931.5625	0.233749986	0	255	0
-14.5784998	69928.625	0.570625007	0	255	0
-14.5532494	69934.5	0.0653125048	0	255	0
-14.5532494	69934.5	0.570625007	0	255	0
-14.5279999	69934.5	0.0653125048	0	255	0
-14.5532494	69928.625	-0.439999998	0	255	0
-14.5279999	69928.625	0.570625007	0	255	0
-14.5279999	69928.625	0.0653125048	0	255	0
-14.5532494	69928.625	0.0653125048	0	255	0
-14.5532494	69928.625	0.570625007	0	255	0
-14.5532494	69928.625	0.739062548	0	255	0
-14.5406246	69928.625	0.739062548	0	255	0
-14.5406246	69928.625	0.570625007	0	255	0
-14.5532494	69925.6875	0.739062548	0	255	0
-14.5406246	69925.6875	0.739062548	0	255	0
-14.5532494	69922.75	0.907500029	0	255	0
-14.5532494	69925.6875	0.570625007	0	255	0
-14.5406246	69928.625	0.570625007	0	255	0
-14.5406246	69925.6875	0.233749986	0	255	0
-14.5279999	69925.6875	0.570625007	0	255	0
-14.5406246	69928.625	0.233749986	0	255	0
-14.5279999	69928.625	0.233749986	0	255	0
-14.5406246	69922.75	0.402187496	0	255	0
-14.5279999	69922.75	0.402187496	0	255	0
-14.5406246	69922.75	0.233749986	0	255	0
-14.5784998	69934.5	0.907500029	0	255	0
-14.5784998	69934.5	0.402187496	0	255	0
-14.5532494	69934.5	0.402187496	0	255	0
-14.5532494	69934.5	0.233749986	0	255	0
-14.5784998	69922.75	0.402187496	0	255	0
-14.5784998	69922.75	0.233749986	0	255	0
-14.5279999	69928.625	0.402187496	0	255	0
-14.5279999	69928.625	0.233749986	0	255	0
-14.5279999	69922.75	0.402187496	0	255	0
-14.5279999	69922.75	0.907500029	0	255	0
-14.5406246	69922.75	0.233749986	0	255	0
-14.5406246	69919.8125	-0.103125006	0	255	0
-14.5279999	69919.8125	0.233749986	0	255	0
-14.5532494	69922.75	-0.103125006	0	255	0
-14.5532494	69922.75	0.0653124899	0	255	0
-14.5279999	69922.75	-0.103125006	0	255	0
-14.5279999	69919.8125	-0.103125006	0	255	0
-14.5532494	69916.875	0.0653124899	0	255	0
-14.5406246	69916.875	0.0653124899	0	255	0
-14.5406246	69916.875	-0.103125006	0	255	0
-14.5532494	69916.875	-0.103125006	0	255	0
-14.5153751	69931.5625	0.570625007	0	255	0
-14.5027504	69934.5	0.739062548	0	255	0
-14.4901257	69934.5	0.907500029	0	255	0
-14.4901257	69934.5	0.739062548	0	255	0
-14.4901257	69931.5625	0.570625007	0	255	0
-14.4901257	69928.625	0.907500029	0	255	0
-14.5027504	69931.5625	0.570625007	0	255	0
-14.4901257	69928.625	0.570625007	0	255	0
-14.5027504	69934.5	0.402187496	0	255	0
-14.5279999	69934.5	0.233749986	0	255	0
-14.5153751	69934.5	0.233749986	0	255	0
-14.5153751	69931.5625	0.233749986	0	255	0
-14.5027504	69928.625	0.402187496	0	255	0
-14.5153751	69928.625	0.233749986	0	255	0
-14.5027504	69934.5	0.907500029	0	255	0
-14.5027504	69934.5	0.739062548	0	255	0
-14.4775	69934.5	0.739062548	0	255	0
-14.4775	69934.5	0.233749986	0	255	0
-14.5027504	69928.625	0.739062548	0	255	0
-14.4775	69928.625	0.739062548	0	255	0
-14.4775	69928.625	0.907500029	0	255	0
-14.5279999	69928.625	0.402187496	0	255	0
-14.5027504	69928.625	0.402187496	0	255	0
-14.5153751	69925.6875	0.570625007	0	255	0
-14.5279999	69922.75	0.402187496	0	255	0
-14.5027504	69922.75	0.402187496	0	255	0
-14.4775	69928.625	0.907500029	0	255	0
-14.4775	69928.625	0.739062548	0	255	0
-14.4901257	69928.625	0.570625007	0	255	0
-14.4901257	69925.6875	0.570625007	0	255	0
-14.4775	69922.75	0.739062548	0	255	0
-14.4901257	69922.75	0.570625007	0	255	0
-14.5153751	69928.625	0.570625007	0	255	0
-14.5153751	69928.625	0.233749986	0	255	0
-14.5153751	69925.6875	0.233749986	0	255	0
-14.5027504	69925.6875	0.570625007	0	255	0
-14.5027504	69925.6875	0.233749986	0	255	0
-14.5027504	69928.625	0.402187496	0	255	0
-14.4901257	69928.625	0.570625007	0	255	0
-14.4901257	69928.625	0.402187496	0	255	0
-14.4901257	69925.6875	0.233749986	0	255	0
-14.4901257	69922.75	0.570625007	0	255	0
-14.5027504	69925.6875	0.233749986	0	255	0
-14.4775	69925.6875	0.402187496	0	255	0
-14.4775	69925.6875	0.233749986	0	255	0
-14.4775	69922.75	0.402187496	0	255	0
-14.4775	69925.6875	0.402187496	0	255	0
-14.4775	69925.6875	0.233749986	0	255	0
-14.4648743	69925.6875	0.570625007	0	255	0
-14.4648743	69925.6875	0.402187496	0	255	0
-14.4648743	69925.6875	0.570625007	0	255	0
-14.4648743	69922.75	0.233749986	0	255	0
-14.4648743	69922.75	0.402187496	0	255	0
-14.4775	69922.75	0.402187496	0	255	0
-14.5279999	69925.6875	-0.271562517	0	255	0
-14.5279999	69925.6875	-0.439999998	0	255	0
-14.5153751	69925.6875	-0.103125006	0	255	0
-14.5279999	69922.75	-0.271562517	0	255	0
-14.5027504	69925.6875	-0.439999998	0	255	0
-14.5027504	69925.6875	-0.271562517	0	255	0
-14.5027504	69922.75	0.233749986	0	255	0
-14.5027504	69922.75	-0.271562517	0	255	0
-14.5027504	69925.6875	0.0653124899	0	255	0
-14.5027504	69925.6875	0.233749986	0	255	0
-14.4901257	69925.6875	-0.103125006	0	255	0
-14.4901257	69925.6875	0.0653124899	0	255	0
-14.4901257	69925.6875	-0.103125006	0	255	0
-14.4901257	69922.75	0.233749986	0	255	0
-14.4901257	69922.75	0.0653124899	0	255	0
-14.5027504	69922.75	0.0653124899	0	255	0
-14.5279999	69922.75	-0.271562517	0	255	0
-14.5279999	69922.75	0.907500029	0	255	0
-14.5027504	69922.75	-0.271562517	0	255	0
-14.5153751	69919.8125	-0.103125006	0	255	0
-14.5279999	69916.875	-0.271562517	0	255	0
-14.5027504	69916.875	-0.271562517	0	255	0
-14.5027504	69922.75	-0.271562517	0	255	0
-14.4775	69922.75	-0.271562517	0	255	0
-14.4901257	69919.8125	-0.103125006	0	255	0
-14.5027504	69916.875	-0.271562517	0	255	0
-14.4775	69916.875	-0.271562517	0	255	0
-14.5153751	69916.875	0.0653124899	0	255	0
-14.5153751	69916.875	0.233749986	0	255	0
-14.5027504	69916.875	0.0653124899	0	255	0
-14.5153751	69911	0.233749986	0	255	0
-14.5027504	69911	-0.439999998	0	255	0
-14.5027504	69911	0.0653124899	0	255	0
-14.5153751	69911	0.0653124899	0	255	0
-14.5027504	69916.875	-0.271562517	0	255	0
-14.4775	69916.875	-0.271562517	0	255	0
-14.4901257	69913.9375	-0.103125006	0	255	0
-14.5027504	69911	-0.271562517	0	255	0
-14.4775	69911	0.907500029	0	255	0
-14.4775	69911	-0.271562517	0	255	0
-14.4775	69922.75	0.739062548	0	255	0
-14.4648743	69922.75	0.907500029	0	255	0
-14.4648743	69922.75	0.739062548	0	255	0
-14.4648743	69919.8125	0.570625007	0	255	0
-14.4648743	69916.875	0.907500029	0	255	0
-14.4648743	69916.875	0.739062548	0	255	0
-14.4775	69916.875	0.739062548	0	255	0
-14.4775	69922.75	0.570625007	0	255	0
-14.4648743	69922.75	0.570625007	0	255	0
-14.4775	69919.8125	0.570625007	0	255	0
-14.4648743	69919.8125	0.233749986	0	255	0
-14.4648743	69922.75	0.233749986	0	255	0
-14.4775	69916.875	0.402187496	0	255	0
-14.4648743	69916.875	0.402187496	0	255	0
-14.4648743	69916.875	0.233749986	0	255	0
-14.4775	69913.9375	0.402187496	0	255	0
-14.4775	69913.9375	0.233749986	0	255	0
-14.4648743	69913.9375	0.570625007	0	255	0
-14.4775	69911	0.402187496	0	255	0
-14.4522495	69913.9375	0.233749986	0	255	0
-14.4522495	69913.9375	0.402187496	0	255	0
-14.4522495	69911	0.402187496	0	255	0
-14.4522495	69913.9375	0.907500029	0	255	0
-14.4396248	69913.9375	0.570625007	0	255	0
-14.4396248	69913.9375	0.570625007	0	255	0
-14.4396248	69911	0.907500029	0	255	0
-14.4522495	69913.9375	0.570625007	0	255	0
-14.4522495	69911	0.570625007	0	255	0
-14.427	69913.9375	0.739062548	0	255	0
-14.427	69913.9375	0.570625007	0	255	0
-14.427	69911	0.739062548	0	255	0
-14.427	69911	0.570625007	0	255	0
-14.4648743	69916.875	0.570625007	0	255	0
-14.4648743	69916.875	0.233749986	0	255	0
-14.4648743	69913.9375	0.233749986	0	255	0
-14.4648743	69911	0.570625007	0	255	0
-14.4648743	69911	0.233749986	0	255	0
-14.5279999	69922.75	-0.103125006	0	255	0
-14.5279999	69919.8125	-0.103125006	0	255	0
-14.5027504	69922.75	-0.103125006	0	255	0
-14.5027504	69919.8125	-0.103125006	0	255	0
-14.5153751	69919.8125	-0.103125006	0	255	0
-14.5279999	69916.875	0.0653124899	0	255	0
-14.5027504	69916.875	0.0653124899	0	255	0
-14.5027504	69922.75	0.0653124899	0	255	0
-14.4901257	69922.75	0.233749986	0	255	0
-14.4901257	69922.75	0.0653124899	0	255	0
-14.4901257	69919.8125	-0.103125006	0	255	0
-14.5027504	69916.875	0.0653124899	0	255	0
-14.4775	69919.8125	0.233749986	0	255	0
-14.4775	69919.8125	0.0653124899	0	255	0
-14.4775	69916.875	0.0653124899	0	255	0
-14.5279999	69916.875	-0.271562517	0	255	0
-14.5279999	69913.9375	-0.439999998	0	255	0
-14.5279999	69913.9375	-0.271562517	0	255	0
-14.5027504	69916.875	-0.271562517	0	255	0
-14.5153751	69911	-0.439999998	0	255	0
-14.5027504	69911	-0.271562517	0	255	0
-14.5153751	69911	-0.271562517	0	255	0
-14.4901257	69916.875	0.233749986	0	255	0
-14.5027504	69916.875	-0.103125006	0	255	0
-14.5027504	69916.875	0.0653124899	0	255	0
-14.4775	69916.875	-0.103125006	0	255	0
-14.5027504	69913.9375	0.233749986	0	255	0
-14.4901257	69913.9375	-0.103125006	0	255	0
-14.5027504	69911	-0.103125006	0	255	0
-14.4775	69911	-0.103125006	0	255	0
-14.4648743	69916.875	-0.271562517	0	255	0
-14.4648743	69916.875	-0.439999998	0	255	0
-14.4522495	69916.875	-0.439999998	0	255	0
-14.4522495	69916.875	-0.271562517	0	255	0
-14.4775	69913.9375	-0.271562517	0	255	0
-14.4775	69913.9375	-0.439999998	0	255	0
-14.4648743	69913.9375	-0.103125006	0	255	0
-14.4775	69911	-0.271562517	0	255	0
-14.4522495	69911	0.233749986	0	255	0
-14.4522495	69911	-0.271562517	0	255	0
