-0.504079998	0.0222789999	-1.04760003	150	109	52
-0.502499998	0.0222939998	-1.04830003	150	109	52
-0.502910018	0.0233490001	-1.04920006	150	109	52
-0.503319979	0.0244050007	-1.04999995	150	109	52
-0.504899979	0.0243880004	-1.04929996	150	109	52
-0.504899979	0.0233529992	-1.04939997	150	109	52
-0.504079998	0.0253790002	-1.04750001	150	109	52
-0.504490018	0.0264420006	-1.04840004	150	109	52
-0.504490018	0.0274899993	-1.04830003	150	109	52
-0.502499998	0.027485	-1.04809999	150	109	52
-0.502910018	0.0264599994	-1.04910004	150	109	52
-0.502499998	0.0253960006	-1.04820001	150	109	52
-0.500919998	0.0254139993	-1.04890001	150	109	52
-0.500919998	0.026455	-1.04890001	150	109	52
-0.500509977	0.0274800006	-1.04789996	150	109	52
-0.49970001	0.0284700003	-1.04610002	150	109	52
-0.49812001	0.0284889992	-1.04680002	150	109	52
-0.498519987	0.0264270008	-1.04779994	150	109	52
-0.498930007	0.0254079998	-1.04869998	150	109	52
-0.500100017	0.0243360009	-1.04709995	150	109	52
-0.49970001	0.0232829992	-1.04620004	150	109	52
-0.498519987	0.0222849995	-1.04779994	150	109	52
-0.496939987	0.0222999994	-1.04849994	150	109	52
-0.49454999	0.0222759992	-1.0474	150	109	52
-0.493369997	0.0223099999	-1.04900002	150	109	52
-0.49138999	0.0223050006	-1.04879999	150	109	52
-0.491789997	0.0233609993	-1.04970002	150	109	52
-0.490200013	0.0233759992	-1.05040002	150	109	52
-0.48980999	0.0243909992	-1.04939997	150	109	52
-0.488220006	0.0244069993	-1.05009997	150	109	52
-0.488220006	0.0233709998	-1.05009997	150	109	52
-0.488220006	0.0223350003	-1.05019999	150	109	52
-0.485850006	0.0243800003	-1.04900002	150	109	52
-0.485060006	0.0253699999	-1.04709995	150	109	52
-0.483480006	0.0243529994	-1.04779994	150	109	52
-0.483480006	0.0233190004	-1.04779994	150	109	52
-0.485060006	0.0233040005	-1.04709995	150	109	52
-0.485850006	0.0253090002	-1.04460001	150	109	52
-0.487819999	0.0253149997	-1.04480004	150	109	52
-0.488220006	0.0263749994	-1.04569995	150	109	52
-0.489399999	0.0252979994	-1.04410005	150	109	52
-0.490969986	0.0252819993	-1.04349995	150	109	52
-0.491369992	0.0242740009	-1.04439998	150	109	52
-0.492949992	0.0242570005	-1.04369998	150	109	52
-0.492949992	0.0232280008	-1.04369998	150	109	52
-0.494520009	0.0232120007	-1.04299998	150	109	52
-0.494520009	0.0242410004	-1.04299998	150	109	52
-0.496089995	0.0231970008	-1.04229999	150	109	52
-0.496899992	0.0242679995	-1.04410005	150	109	52
-0.495730013	0.0253369994	-1.04569995	150	109	52
-0.494919986	0.0263289995	-1.04390001	150	109	52
-0.496499985	0.0273540001	-1.04320002	150	109	52
-0.494120002	0.0283589996	-1.04200006	150	109	52
-0.493710011	0.0293610003	-1.04100001	150	109	52
-0.494120002	0.030429	-1.04190004	150	109	52
-0.495689988	0.0293669999	-1.04130006	150	109	52
-0.496089995	0.0304349996	-1.04219997	150	109	52
-0.498070002	0.0304409992	-1.0424	150	109	52
-0.498479992	0.0294250008	-1.04330003	150	109	52
-0.498479992	0.0325740017	-1.04320002	150	109	52
-0.497310013	0.0326239988	-1.04480004	150	109	52
-0.495730013	0.0326460004	-1.04550004	150	109	52
-0.49612999	0.031622	-1.04649997	150	109	52
-0.494150013	0.0316150002	-1.04630005	150	109	52
-0.494150013	0.0326679982	-1.04620004	150	109	52
-0.494150013	0.0305560008	-1.04630005	150	109	52
-0.492570013	0.030576	-1.04700005	150	109	52
-0.490590006	0.0305690002	-1.0467	150	109	52
-0.489010006	0.0295419991	-1.04750001	150	109	52
-0.488620013	0.0284839999	-1.04659998	150	109	52
-0.487040013	0.0285020005	-1.04729998	150	109	52
-0.487430006	0.0295609999	-1.04809999	150	109	52
-0.48545	0.0285209995	-1.04789996	150	109	52
-0.48387	0.0274979994	-1.04859996	150	109	52
-0.483090013	0.0284889992	-1.04680002	150	109	52
-0.484270006	0.0294770002	-1.04519999	150	109	52
-0.483880013	0.0304949991	-1.04419994	150	109	52
-0.483880013	0.0315520018	-1.04419994	150	109	52
-0.48545	0.0315320008	-1.04349995	150	109	52
-0.485850006	0.0305020008	-1.04439998	150	109	52
-0.487029999	0.0315110013	-1.04279995	150	109	52
-0.488999993	0.0315180011	-1.0431	150	109	52
-0.488599986	0.0325389989	-1.04209995	150	109	52
-0.490570009	0.0325459987	-1.04229999	150	109	52
-0.490969986	0.0315250009	-1.04330003	150	109	52
-0.492949992	0.0336249992	-1.04340005	150	109	52
-0.494520009	0.0346250013	-1.04270005	150	109	52
-0.494520009	0.035627	-1.04270005	150	109	52
-0.494520009	0.036669001	-1.04260004	150	109	52
-0.496089995	0.0366449989	-1.04200006	150	109	52
-0.496089995	0.0356030017	-1.04200006	150	109	52
-0.498070002	0.0346090011	-1.04219997	150	109	52
-0.500050008	0.034616001	-1.04250002	150	109	52
-0.500869989	0.0336529985	-1.04429996	150	109	52
-0.500460029	0.0325810015	-1.04340005	150	109	52
-0.502849996	0.0326149985	-1.04449999	150	109	52
-0.502849996	0.0336599983	-1.04449999	150	109	52
-0.502439976	0.0346539989	-1.04359996	150	109	52
-0.502030015	0.0366670005	-1.04260004	150	109	52
-0.500460029	0.0366920009	-1.04330003	150	109	52
-0.50128001	0.0378409997	-1.04509997	150	109	52
-0.503260016	0.0378490016	-1.04530001	150	109	52
-0.503669977	0.0389479995	-1.04620004	150	109	52
-0.502499998	0.039007999	-1.04779994	150	109	52
-0.502910018	0.0400899984	-1.04859996	150	109	52
-0.502910018	0.0411249995	-1.04859996	150	109	52
-0.502910018	0.042146001	-1.04859996	150	109	52
-0.501730025	0.0422109999	-1.05019999	150	109	52
-0.500949979	0.0423129983	-1.05270004	150	109	52
-0.499769986	0.0423780009	-1.05429995	150	109	52
-0.498169988	0.0424060002	-1.05499995	150	109	52
-0.497770011	0.0434230007	-1.05410004	150	109	52
-0.498169988	0.0445430018	-1.05490005	150	109	52
-0.496580005	0.0445719995	-1.05560005	150	109	52
-0.496179998	0.0434519984	-1.05480003	150	109	52
-0.496580005	0.0424339995	-1.05569994	150	109	52
-0.494580001	0.0424249992	-1.05550003	150	109	52
-0.494179994	0.0434430018	-1.0546	150	109	52
-0.493779987	0.0413249992	-1.05369997	150	109	52
-0.494569987	0.0412259996	-1.05120003	150	109	52
-0.49417001	0.0401539989	-1.0503	150	109	52
-0.495759994	0.0401270017	-1.04960001	150	109	52
-0.495359987	0.041127	-1.04869998	150	109	52
-0.49654001	0.0410640016	-1.04709995	150	109	52
-0.498930007	0.041108001	-1.04820001	150	109	52
-0.500509977	0.0410810001	-1.04750001	150	109	52
-0.500100017	0.0400119983	-1.04659998	150	109	52
-0.500919998	0.0390340015	-1.04849994	150	109	52
-0.499330014	0.0390600003	-1.04920006	150	109	52
-0.499740005	0.0401440002	-1.05009997	150	109	52
-0.497750014	0.0401359983	-1.04980004	150	109	52
-0.497350007	0.0390519984	-1.04900002	150	109	52
-0.49454999	0.0389759988	-1.04690003	150	109	52
-0.504079998	0.041060999	-1.04700005	150	109	52
-0.504899979	0.0400980003	-1.04890001	150	109	52
-0.492190003	0.0401449986	-1.05009997	150	109	52
-0.490200013	0.0401370004	-1.04990005	150	109	52
-0.490200013	0.0411729999	-1.04980004	150	109	52
-0.48980999	0.0421580002	-1.04890001	150	109	52
-0.488620013	0.042222999	-1.05050004	150	109	52
-0.489010006	0.0433109999	-1.05130005	150	109	52
-0.487419993	0.0433389992	-1.05200005	150	109	52
-0.487819999	0.0423239991	-1.05299997	150	109	52
-0.486229986	0.042351	-1.05369997	150	109	52
-0.485830009	0.0433669984	-1.05270004	150	109	52
-0.484239995	0.0433950014	-1.05340004	150	109	52
-0.484629989	0.0423780009	-1.05429995	150	109	52
-0.483040005	0.0424060002	-1.05499995	150	109	52
-0.483040005	0.0434600003	-1.05499995	150	109	52
-0.483819991	0.0446199998	-1.05680001	150	109	52
-0.484210014	0.0457359999	-1.05760002	150	109	52
-0.485419989	0.0456670001	-1.05610001	150	109	52
-0.485419989	0.0445909984	-1.05610001	150	109	52
-0.487399995	0.0446010008	-1.05630004	150	109	52
-0.487800002	0.0457179993	-1.05719995	150	109	52
-0.487800002	0.0467879996	-1.05719995	150	109	52
-0.486200005	0.0468179993	-1.05780005	150	109	52
-0.486979991	0.0479860008	-1.0596	150	109	52
-0.484990001	0.047975	-1.05939996	150	109	52
-0.485760003	0.0491599999	-1.06120002	150	109	52
-0.484160006	0.0491920002	-1.06190002	150	109	52
-0.484160006	0.0480890013	-1.06190002	150	109	52
-0.484160006	0.0469999984	-1.06200004	150	109	52
-0.482549995	0.0470299982	-1.06260002	150	109	52
-0.482930005	0.048161	-1.06350005	150	109	52
-0.482930005	0.0492659993	-1.06350005	150	109	52
-0.481319994	0.0481919982	-1.06420004	150	109	52
-0.479330003	0.048179999	-1.06389999	150	109	52
-0.477340013	0.0481689982	-1.06369996	150	109	52
-0.476110011	0.0493469983	-1.06519997	150	109	52
-0.475730002	0.0503919981	-1.06420004	150	109	52
-0.473740011	0.050379999	-1.06400001	150	109	52
-0.471749991	0.0503670014	-1.06369996	150	109	52
-0.472979993	0.0492059998	-1.06219995	150	109	52
-0.474590003	0.0480730012	-1.06159997	150	109	52
-0.472220004	0.0480189994	-1.06040001	150	109	52
-0.471850008	0.0468910001	-1.05949998	150	109	52
-0.473450005	0.0468619987	-1.05879998	150	109	52
-0.475050002	0.0468330011	-1.0582	150	109	52
-0.474669993	0.0457209982	-1.05729997	150	109	52
-0.472689986	0.0457100011	-1.05700004	150	109	52
-0.472310007	0.0445929989	-1.05610001	150	109	52
-0.471929997	0.0434719995	-1.0553	150	109	52
-0.471929997	0.042417001	-1.0553	150	109	52
-0.473529994	0.0423909985	-1.05470002	150	109	52
-0.473529994	0.0434449986	-1.0546	150	109	52
-0.475120008	0.0434180014	-1.05400002	150	109	52
-0.474739999	0.0423270017	-1.05309999	150	109	52
-0.476709992	0.0423379987	-1.05330002	150	109	52
-0.476330012	0.0412760004	-1.05250001	150	109	52
-0.478300005	0.0412859991	-1.05270004	150	109	52
-0.478689998	0.0423480012	-1.05359995	150	109	52
-0.478300005	0.0433639996	-1.05260003	150	109	52
-0.476330012	0.0433529988	-1.05239999	150	109	52
-0.475939989	0.0443929993	-1.05139995	150	109	52
-0.474350005	0.0444209985	-1.05209994	150	109	52
-0.472380012	0.0444100015	-1.05180001	150	109	52
-0.472000003	0.0412189998	-1.051	150	109	52
-0.47003001	0.041207999	-1.05069995	150	109	52
-0.46965	0.0401359983	-1.04980004	150	109	52
-0.471240014	0.0401110016	-1.04920006	150	109	52
-0.472820014	0.0400860012	-1.04849994	150	109	52
-0.473210007	0.0411569998	-1.04939997	150	109	52
-0.474790007	0.0400959998	-1.04879999	150	109	52
-0.475989997	0.0400360003	-1.04719996	150	109	52
-0.477180004	0.0367779993	-1.04579997	150	109	52
-0.477180004	0.0357329994	-1.04579997	150	109	52
-0.478760004	0.0347069986	-1.04519999	150	109	52
-0.480340004	0.0346839987	-1.04449999	150	109	52
-0.482300013	0.0336689986	-1.04480004	150	109	52
-0.48269999	0.0347229987	-1.04569995	150	109	52
-0.484270006	0.0347010009	-1.04499996	150	109	52
-0.484270006	0.0357050002	-1.04499996	150	109	52
-0.484670013	0.0367810018	-1.04579997	150	109	52
-0.48624	0.0367569998	-1.04519999	150	109	52
-0.48624	0.0357129984	-1.04519999	150	109	52
-0.485850006	0.034678001	-1.04429996	150	109	52
-0.487419993	0.0346559994	-1.04359996	150	109	52
-0.489399999	0.0346640013	-1.04390001	150	109	52
-0.490969986	0.0356430002	-1.0431	150	109	52
-0.492949992	0.03565	-1.04340005	150	109	52
-0.492949992	0.0366929993	-1.04330003	150	109	52
-0.492540002	0.0377440006	-1.0424	150	109	52
-0.490570009	0.0377350003	-1.04219997	150	109	52
-0.491369992	0.0388659984	-1.04400003	150	109	52
-0.489800006	0.0388909988	-1.04460001	150	109	52
-0.490189999	0.0378599986	-1.04560006	150	109	52
-0.490189999	0.0367739983	-1.04560006	150	109	52
-0.490590006	0.0357600003	-1.04659998	150	109	52
-0.489410013	0.0358150005	-1.04820001	150	109	52
-0.488620013	0.0367980003	-1.04630005	150	109	52
-0.489010006	0.0379180014	-1.04719996	150	109	52
-0.487430006	0.0390099995	-1.04779994	150	109	52
-0.487830013	0.040093001	-1.04869998	150	109	52
-0.487830013	0.041127	-1.04869998	150	109	52
-0.485850006	0.0411179997	-1.04840004	150	109	52
-0.485060006	0.0400130004	-1.04659998	150	109	52
-0.483480006	0.0400389992	-1.04729998	150	109	52
-0.481510013	0.0389829986	-1.04709995	150	109	52
-0.481510013	0.0379160009	-1.04709995	150	109	52
-0.48111999	0.0367959999	-1.04630005	150	109	52
-0.478760004	0.0367549993	-1.04509997	150	109	52
-0.477979988	0.0356479995	-1.04330003	150	109	52
-0.476410002	0.0346670002	-1.04400003	150	109	52
-0.474830002	0.035693001	-1.04460001	150	109	52
-0.474830002	0.0367369987	-1.04460001	150	109	52
-0.473250002	0.0357149988	-1.04530001	150	109	52
-0.472059995	0.0357690006	-1.04680002	150	109	52
-0.470479995	0.0357909985	-1.04750001	150	109	52
-0.468140006	0.0357500017	-1.04630005	150	109	52
-0.467379987	0.0346839987	-1.04449999	150	109	52
-0.468950003	0.0346629992	-1.0438	150	109	52
-0.470530003	0.0346410014	-1.04320002	150	109	52
-0.47014001	0.0335890017	-1.04229999	150	109	52
-0.47209999	0.0335969999	-1.04260004	150	109	52
-0.47209999	0.0346189998	-1.04250002	150	109	52
-0.47172001	0.0366300009	-1.04149997	150	109	52
-0.469760001	0.0366210006	-1.04130006	150	109	52
-0.469379991	0.0376689993	-1.04030001	150	109	52
-0.470950007	0.037645001	-1.03970003	150	109	52
-0.47251001	0.0376209989	-1.03900003	150	109	52
-0.474860013	0.0376639999	-1.0402	150	109	52
-0.476020008	0.0388269983	-1.04289997	150	109	52
-0.477589995	0.0388020016	-1.04229999	150	109	52
-0.477979988	0.0377740003	-1.04320002	150	109	52
-0.478769988	0.0355620012	-1.04079998	150	109	52
-0.480729997	0.0355710015	-1.04100001	150	109	52
-0.481519997	0.0366760008	-1.04279995	150	109	52
-0.483090013	0.0335879996	-1.04229999	150	109	52
-0.48269999	0.032517001	-1.04139996	150	109	52
-0.48466	0.0325240009	-1.04159999	150	109	52
-0.484270006	0.0335359983	-1.04069996	150	109	52
-0.485839993	0.0335149989	-1.03999996	150	109	52
-0.486229986	0.0325030014	-1.04100001	150	109	52
-0.487399995	0.033493001	-1.03929996	150	109	52
-0.489769995	0.0335300006	-1.04050004	150	109	52
-0.490170002	0.0345799997	-1.04139996	150	109	52
-0.492139995	0.0345880017	-1.04159999	150	109	52
-0.495279998	0.0345420018	-1.0402	150	109	52
-0.496439993	0.0354860015	-1.03859997	150	109	52
-0.498829991	0.0355239995	-1.03970003	150	109	52
-0.500800014	0.0355309993	-1.03989995	150	109	52
-0.498070002	0.0366519988	-1.04219997	150	109	52
-0.496899992	0.0377929993	-1.04369998	150	109	52
-0.497260004	0.0376680009	-1.04030001	150	109	52
-0.493710011	0.0376860015	-1.04079998	150	109	52
-0.491769999	0.03675	-1.04489994	150	109	52
-0.48190999	0.0325950012	-1.04390001	150	109	52
-0.48269999	0.0315999985	-1.04579997	150	109	52
-0.482300013	0.030514	-1.04489994	150	109	52
-0.480729997	0.0305339992	-1.04550004	150	109	52
-0.480340004	0.0294630006	-1.04470003	150	109	52
-0.480729997	0.0284579992	-1.04560006	150	109	52
-0.48111999	0.0274429992	-1.04659998	150	109	52
-0.481510013	0.0264209993	-1.04750001	150	109	52
-0.481900007	0.0254030004	-1.04840004	150	109	52
-0.480699986	0.0254410002	-1.04999995	150	109	52
-0.479119986	0.0254570004	-1.05069995	150	109	52
-0.47953999	0.0233079996	-1.04729998	150	109	52
-0.477569997	0.023302	-1.04709995	150	109	52
-0.475989997	0.0233169999	-1.04770005	150	109	52
-0.474409997	0.0233319998	-1.04840004	150	109	52
-0.474409997	0.0243660007	-1.04840004	150	109	52
-0.474020004	0.025378	-1.0474	150	109	52
-0.472440004	0.0253940001	-1.04809999	150	109	52
-0.470860004	0.025409	-1.04869998	150	109	52
-0.470479995	0.0264279991	-1.04779994	150	109	52
-0.470479995	0.0274749994	-1.04779994	150	109	52
-0.469269991	0.027516	-1.04929996	150	109	52
-0.467689991	0.0275330003	-1.04999995	150	109	52
-0.465730011	0.0285679996	-1.04970002	150	109	52
-0.465350002	0.0275010001	-1.04879999	150	109	52
-0.464980006	0.0264299996	-1.04789996	150	109	52
-0.465350002	0.0254120007	-1.04879999	150	109	52
-0.464980006	0.0243560001	-1.04789996	150	109	52
-0.465350002	0.0233420003	-1.04890001	150	109	52
-0.466560006	0.0253740009	-1.04729998	150	109	52
-0.466930002	0.0264369994	-1.04820001	150	109	52
-0.468519986	0.0264209993	-1.04750001	150	109	52
-0.468140006	0.0253580008	-1.04659998	150	109	52
-0.468140006	0.0284829997	-1.04649997	150	109	52
-0.468140006	0.0295150001	-1.04649997	150	109	52
-0.470099986	0.0295230001	-1.04680002	150	109	52
-0.469330013	0.0284400005	-1.04499996	150	109	52
-0.470910013	0.0284219999	-1.04429996	150	109	52
-0.472869992	0.0284289997	-1.04460001	150	109	52
-0.472479999	0.0273679998	-1.04369998	150	109	52
-0.47209999	0.0263010003	-1.04279995	150	109	52
-0.474059999	0.0263080001	-1.04299998	150	109	52
-0.474059999	0.0273509994	-1.04299998	150	109	52
-0.476020008	0.0273579992	-1.04330003	150	109	52
-0.476020008	0.0283930004	-1.04330003	150	109	52
-0.474830002	0.0284369998	-1.04480004	150	109	52
-0.476410002	0.0263379999	-1.04419994	150	109	52
-0.477979988	0.0273640007	-1.04349995	150	109	52
-0.478760004	0.0284509994	-1.04540002	150	109	52
-0.478760004	0.0294819996	-1.04530001	150	109	52
-0.479149997	0.0305540003	-1.04620004	150	109	52
-0.479149997	0.0316129997	-1.04620004	150	109	52
-0.47953999	0.0326940008	-1.04709995	150	109	52
-0.479930013	0.0337710008	-1.04799998	150	109	52
-0.481900007	0.033778999	-1.04820001	150	109	52
-0.48111999	0.0326730013	-1.04639995	150	109	52
-0.48111999	0.0316199996	-1.04639995	150	109	52
-0.477959991	0.0327150002	-1.04770005	150	109	52
-0.477959991	0.0337629989	-1.04770005	150	109	52
-0.475600004	0.0337250009	-1.04649997	150	109	52
-0.475219995	0.0326489992	-1.04560006	150	109	52
-0.473250002	0.032641001	-1.04540002	150	109	52
-0.472479999	0.0315329991	-1.04359996	150	109	52
-0.474440008	0.0315419994	-1.0438	150	109	52
-0.476790011	0.0315769985	-1.04499996	150	109	52
-0.477180004	0.0305460002	-1.046	150	109	52
-0.477180004	0.0295010004	-1.046	150	109	52
-0.475989997	0.0295449998	-1.04760003	150	109	52
-0.475989997	0.0305920001	-1.04750001	150	109	52
-0.474020004	0.029538	-1.04729998	150	109	52
-0.473639995	0.0305579994	-1.04639995	150	109	52
-0.472440004	0.0295560006	-1.04799998	150	109	52
-0.471679986	0.0274330005	-1.04620004	150	109	52
-0.471289992	0.0263640005	-1.04530001	150	109	52
-0.470910013	0.0304959994	-1.04419994	150	109	52
-0.470910013	0.0326040015	-1.04419994	150	109	52
-0.468950003	0.0325950012	-1.04390001	150	109	52
-0.467000008	0.0325869992	-1.04359996	150	109	52
-0.466619998	0.0315090008	-1.04270005	150	109	52
-0.467000008	0.0304799993	-1.04369998	150	109	52
-0.468569994	0.0304610003	-1.04299998	150	109	52
-0.468190014	0.0314889997	-1.04209995	150	109	52
-0.469379991	0.0314420015	-1.04050004	150	109	52
-0.467429996	0.0335199982	-1.0402	150	109	52
-0.466239989	0.0335710011	-1.04170001	150	109	52
-0.465039998	0.0336209983	-1.04330003	150	109	52
-0.465039998	0.0346440002	-1.04330003	150	109	52
-0.464670002	0.0356139988	-1.04229999	150	109	52
-0.464670002	0.0366559997	-1.04229999	150	109	52
-0.465860009	0.0366009995	-1.04069996	150	109	52
-0.467429996	0.0365779996	-1.04009998	150	109	52
-0.468569994	0.0377589986	-1.04279995	150	109	52
-0.467000008	0.0377819985	-1.04349995	150	109	52
-0.466179997	0.0378729999	-1.04589999	150	109	52
-0.468140006	0.0389490016	-1.04620004	150	109	52
-0.469330013	0.0388900004	-1.04460001	150	109	52
-0.470910013	0.0388659984	-1.04400003	150	109	52
-0.472869992	0.0388760008	-1.04419994	150	109	52
-0.474440008	0.0388519987	-1.04359996	150	109	52
-0.466930002	0.0390070006	-1.04779994	150	109	52
-0.465730011	0.0390660018	-1.04929996	150	109	52
-0.465350002	0.0379629992	-1.04840004	150	109	52
-0.463770002	0.0379859991	-1.04910004	150	109	52
-0.463770002	0.039055001	-1.04900002	150	109	52
-0.461809993	0.0390440002	-1.04879999	150	109	52
-0.462179989	0.0380089991	-1.04970002	150	109	52
-0.460970014	0.0401879996	-1.05120003	150	109	52
-0.46329999	0.0402339995	-1.05239999	150	109	52
-0.46329999	0.0412730016	-1.05239999	150	109	52
-0.46329999	0.0422980003	-1.05229998	150	109	52
-0.462080002	0.0423609987	-1.0539	150	109	52
-0.462449998	0.0413709991	-1.05490005	150	109	52
-0.462449998	0.0434530005	-1.05480003	150	109	52
-0.464049995	0.0434259996	-1.05420005	150	109	52
-0.466019988	0.0434379987	-1.05439997	150	109	52
-0.467610002	0.0434110016	-1.05379999	150	109	52
-0.469960004	0.0434609987	-1.05499995	150	109	52
-0.470340014	0.0424429998	-1.05599999	150	109	52
-0.471089989	0.0446599983	-1.05770004	150	109	52
-0.471089989	0.0457380004	-1.05770004	150	109	52
-0.469489992	0.0446880013	-1.05840003	150	109	52
-0.467510015	0.0446759984	-1.05809999	150	109	52
-0.467139989	0.0457139984	-1.05710006	150	109	52
-0.465539992	0.0457420014	-1.05780005	150	109	52
-0.465169996	0.0446249992	-1.05690002	150	109	52
-0.467139989	0.0424959995	-1.05729997	150	109	52
-0.468360007	0.0456460007	-1.05560005	150	109	52
-0.464679986	0.0458500013	-1.06029999	150	109	52
-0.464679986	0.0469230004	-1.06019998	150	109	52
-0.465050012	0.0480520017	-1.06110001	150	109	52
-0.466289997	0.0468950011	-1.0596	150	109	52
-0.467409998	0.0481069982	-1.06229997	150	109	52
-0.467409998	0.0492100008	-1.06229997	150	109	52
-0.46864	0.049137	-1.06070006	150	109	52
-0.469009995	0.0480780005	-1.06169999	150	109	52
-0.469390005	0.0470299982	-1.06260002	150	109	52
-0.470999986	0.0470010005	-1.06200004	150	109	52
-0.470239997	0.0491070002	-1.05999994	150	109	52
-0.469870001	0.0479650013	-1.05920005	150	109	52
-0.463079989	0.0469520018	-1.06089997	150	109	52
-0.462709993	0.045837	-1.05999994	150	109	52
-0.461840004	0.0470210016	-1.06239998	150	109	52
-0.461840004	0.0481100008	-1.06239998	150	109	52
-0.460229993	0.0481389984	-1.06299996	150	109	52
-0.459500015	0.0469669998	-1.06120002	150	109	52
-0.459129989	0.0458520018	-1.06029999	150	109	52
-0.458400011	0.0446930006	-1.05850005	150	109	52
-0.456800014	0.0447200015	-1.05910003	150	109	52
-0.455559999	0.0447850004	-1.06070006	150	109	52
-0.453229994	0.0447329991	-1.05949998	150	109	52
-0.452870011	0.0457720011	-1.05850005	150	109	52
-0.452509999	0.0468030013	-1.0575	150	109	52
-0.452509999	0.0478870012	-1.05739999	150	109	52
-0.451270014	0.0479569994	-1.05900002	150	109	52
-0.450910002	0.0468299985	-1.05809999	150	109	52
-0.451270014	0.0457989983	-1.05910003	150	109	52
-0.451990008	0.0447980016	-1.06099999	150	109	52
-0.449299991	0.0468569994	-1.05869997	150	109	52
-0.449660003	0.0479849987	-1.0596	150	109	52
-0.450019985	0.0491290018	-1.06050003	150	109	52
-0.448419988	0.0491570011	-1.06110001	150	109	52
-0.446810007	0.0491850004	-1.06169999	150	109	52
-0.446099997	0.0479979999	-1.05990005	150	109	52
-0.447699994	0.047970999	-1.05929995	150	109	52
-0.447699994	0.0468840003	-1.05929995	150	109	52
-0.446630001	0.0456909984	-1.05659997	150	109	52
-0.446630001	0.0446139984	-1.05659997	150	109	52
-0.446269989	0.0434920006	-1.05569994	150	109	52
-0.446269989	0.042436	-1.05579996	150	109	52
-0.444319993	0.0424229987	-1.05550003	150	109	52
-0.444319993	0.0445609987	-1.05540001	150	109	52
-0.445030004	0.045717001	-1.05719995	150	109	52
-0.445030004	0.0467870012	-1.05719995	150	109	52
-0.443789989	0.046856001	-1.05869997	150	109	52
-0.443789989	0.0457840003	-1.05869997	150	109	52
-0.441830009	0.0457689986	-1.05840003	150	109	52
-0.44253999	0.0469239987	-1.06019998	150	109	52
-0.440930009	0.0458760001	-1.06089997	150	109	52
-0.438980013	0.0458620004	-1.06050003	150	109	52
-0.436329991	0.0457659997	-1.05830002	150	109	52
-0.434379995	0.0457510017	-1.05799997	150	109	52
-0.432779998	0.0457759984	-1.05859995	150	109	52
-0.430839986	0.0457610004	-1.0582	150	109	52
-0.43118	0.0468740016	-1.05910003	150	109	52
-0.429580003	0.0468989983	-1.05970001	150	109	52
-0.429580003	0.0458259992	-1.05970001	150	109	52
-0.429580003	0.0447469987	-1.05980003	150	109	52
-0.429919988	0.0436980017	-1.06079996	150	109	52
-0.427980006	0.0447710007	-1.06040001	150	109	52
-0.42603001	0.044755999	-1.05999994	150	109	52
-0.426369995	0.0458760001	-1.06089997	150	109	52
-0.425099999	0.045942001	-1.06239998	150	109	52
-0.425440013	0.0470589995	-1.06330001	150	109	52
-0.427040011	0.0470339991	-1.06270003	150	109	52
-0.428310007	0.0469669998	-1.06120002	150	109	52
-0.428649992	0.0459330007	-1.06219995	150	109	52
-0.427379996	0.0492709987	-1.06359994	150	109	52
-0.426109999	0.0493410006	-1.06509995	150	109	52
-0.424160004	0.0504130013	-1.06470001	150	109	52
-0.423830003	0.049279999	-1.06379998	150	109	52
-0.422210008	0.0493060015	-1.06429994	150	109	52
-0.422549993	0.0504399985	-1.06519997	150	109	52
-0.420599997	0.0504220016	-1.06480002	150	109	52
-0.420599997	0.0493329987	-1.06490004	150	109	52
-0.420599997	0.048227001	-1.06490004	150	109	52
-0.419319987	0.0494019985	-1.06640005	150	109	52
-0.419649988	0.0483379997	-1.06739998	150	109	52
-0.417699993	0.0483199991	-1.06700003	150	109	52
-0.418029994	0.0494720004	-1.06789994	150	109	52
-0.416090012	0.0494539998	-1.0675	150	109	52
-0.414790004	0.0506169982	-1.06900001	150	109	52
-0.414469987	0.0516539998	-1.06799996	150	109	52
-0.414790004	0.052742999	-1.06889999	150	109	52
-0.416409999	0.0527149998	-1.06830001	150	109	52
-0.418359995	0.0527339987	-1.06869996	150	109	52
-0.41997999	0.0527070016	-1.06809998	150	109	52
-0.420929998	0.0515459999	-1.06570005	150	109	52
-0.418989986	0.051527001	-1.0654	150	109	52
-0.417369992	0.0515539981	-1.06589997	150	109	52
-0.423539996	0.0516549982	-1.06799996	150	109	52
-0.42482999	0.0515820011	-1.06649995	150	109	52
-0.427109987	0.0505639985	-1.06780005	150	109	52
-0.427450001	0.0516909994	-1.06869996	150	109	52
-0.429399997	0.0517080016	-1.06910002	150	109	52
-0.429399997	0.0506259985	-1.06920004	150	109	52
-0.430689991	0.0494620018	-1.06770003	150	109	52
-0.431959987	0.0493910015	-1.06620002	150	109	52
-0.434260011	0.049451001	-1.0675	150	109	52
-0.43494001	0.050632	-1.06930006	150	109	52
-0.43494001	0.0517139994	-1.06920004	150	109	52
-0.436560005	0.0516860001	-1.06860006	150	109	52
-0.43818	0.0516569987	-1.06799996	150	109	52
-0.438529998	0.0506200008	-1.06900001	150	109	52
-0.440149993	0.0505920015	-1.06840003	150	109	52
-0.440149993	0.0527159981	-1.06830001	150	109	52
-0.439449996	0.0515829995	-1.06649995	150	109	52
-0.440719992	0.0504299998	-1.06500006	150	109	52
-0.44106999	0.0493840016	-1.06599998	150	109	52
-0.441769987	0.0483620018	-1.06789994	150	109	52
-0.443729997	0.0483769998	-1.06830001	150	109	52
-0.443379998	0.0494429991	-1.06729996	150	109	52
-0.444649994	0.0493719988	-1.06570005	150	109	52
-0.446619987	0.0493870005	-1.0661	150	109	52
-0.447320014	0.050565999	-1.06789994	150	109	52
-0.449290007	0.0505810007	-1.06819999	150	109	52
-0.448940009	0.0516170003	-1.06719995	150	109	52
-0.450560004	0.0515879989	-1.06659997	150	109	52
-0.450910002	0.0526750013	-1.0675	150	109	52
-0.44964999	0.052751001	-1.06900001	150	109	52
-0.448379993	0.0517829992	-1.07060003	150	109	52
-0.451979995	0.0506840013	-1.0704	150	109	52
-0.453599989	0.0506549999	-1.06980002	150	109	52
-0.455229998	0.0506250001	-1.06910002	150	109	52
-0.454149991	0.0515730008	-1.06630003	150	109	52
-0.452170014	0.0515579991	-1.06599998	150	109	52
-0.452890009	0.0526899993	-1.06780005	150	109	52
-0.45539999	0.0514979996	-1.06470001	150	109	52
-0.455040008	0.0503749996	-1.06389999	150	109	52
-0.456279993	0.0503019989	-1.06229997	150	109	52
-0.455920011	0.0491719991	-1.06140006	150	109	52
-0.45431	0.0492010005	-1.06210005	150	109	52
-0.452349991	0.0491859987	-1.06169999	150	109	52
-0.455190003	0.0479849987	-1.0596	150	109	52
-0.456800014	0.046870999	-1.05900002	150	109	52
-0.456070006	0.0457179993	-1.05719995	150	109	52
-0.454470009	0.0457450002	-1.05789995	150	109	52
-0.454470009	0.0468159989	-1.05780005	150	109	52
-0.453740001	0.0435060002	-1.05610001	150	109	52
-0.454239994	0.0433650017	-1.05270004	150	109	52
-0.453880012	0.0422750004	-1.05180001	150	109	52
-0.451920003	0.0422630012	-1.05149996	150	109	52
-0.450340003	0.0412629992	-1.05209994	150	109	52
-0.449970007	0.0422499999	-1.05120003	150	109	52
-0.448390007	0.0422750004	-1.05180001	150	109	52
-0.448749989	0.0412870012	-1.05270004	150	109	52
-0.448390007	0.040213	-1.05190003	150	109	52
-0.446799994	0.040236	-1.05250001	150	109	52
-0.445199996	0.0402589999	-1.05309999	150	109	52
-0.444849998	0.0412620008	-1.05209994	150	109	52
-0.443260014	0.0412850007	-1.05270004	150	109	52
-0.443260014	0.0402470008	-1.05270004	150	109	52
-0.441670001	0.0413089991	-1.05330002	150	109	52
-0.442019999	0.0423730016	-1.05420005	150	109	52
-0.440429986	0.0423969999	-1.05480003	150	109	52
-0.440780014	0.0414059982	-1.05579996	150	109	52
-0.440429986	0.0445329994	-1.05470002	150	109	52
-0.438829988	0.0445579998	-1.0553	150	109	52
-0.438129991	0.0433989987	-1.05350006	150	109	52
-0.436540008	0.0445040017	-1.05400002	150	109	52
-0.434599996	0.044489	-1.05369997	150	109	52
-0.434249997	0.043370001	-1.05280006	150	109	52
-0.435840011	0.043345999	-1.05219996	150	109	52
-0.435140014	0.0422190018	-1.05040002	150	109	52
-0.435140014	0.0411959998	-1.05040002	150	109	52
-0.433560014	0.0422420017	-1.051	150	109	52
-0.432309985	0.0423040017	-1.05250001	150	109	52
-0.43107	0.0423649997	-1.05400002	150	109	52
-0.430379987	0.0412649997	-1.05219996	150	109	52
-0.431620002	0.0412050001	-1.05069995	150	109	52
-0.432859987	0.0411450006	-1.04910004	150	109	52
-0.432509989	0.0400739983	-1.04820001	150	109	52
-0.432509989	0.0390259996	-1.04830003	150	109	52
-0.430929989	0.0390480012	-1.04890001	150	109	52
-0.430929989	0.0400959998	-1.04879999	150	109	52
-0.42899999	0.0400829986	-1.04849994	150	109	52
-0.42899999	0.0390349999	-1.04849994	150	109	52
-0.42741999	0.0390559994	-1.04910004	150	109	52
-0.426739991	0.0400330015	-1.04719996	150	109	52
-0.424809992	0.0400190018	-1.04680002	150	109	52
-0.425150007	0.0410889983	-1.04770005	150	109	52
-0.423229992	0.0410740003	-1.04729998	150	109	52
-0.423229992	0.0400409997	-1.0474	150	109	52
-0.421649992	0.0400630012	-1.04789996	150	109	52
-0.421990007	0.0411339998	-1.04879999	150	109	52
-0.420399994	0.0411560014	-1.04939997	150	109	52
-0.420399994	0.0401199982	-1.04939997	150	109	52
-0.419149995	0.0401780009	-1.05089998	150	109	52
-0.417560011	0.0401990004	-1.05149996	150	109	52
-0.417560011	0.0412370004	-1.05149996	150	109	52
-0.415969998	0.0412589982	-1.05200005	150	109	52
-0.415639997	0.0401839986	-1.05110002	150	109	52
-0.414380014	0.0402420014	-1.05260003	150	109	52
-0.413120002	0.0413389988	-1.05410004	150	109	52
-0.41279	0.0423280001	-1.05309999	150	109	52
-0.414059997	0.0422680005	-1.05159998	150	109	52
-0.415969998	0.0433349982	-1.05190003	150	109	52
-0.418229997	0.0433899984	-1.05330002	150	109	52
-0.420489997	0.0434440002	-1.0546	150	109	52
-0.422419995	0.0434589982	-1.05499995	150	109	52
-0.424349993	0.0434749983	-1.0553	150	109	52
-0.423090011	0.0446209982	-1.05680001	150	109	52
-0.421490014	0.0446450002	-1.05739999	150	109	52
-0.419889987	0.0446689986	-1.05789995	150	109	52
-0.418289989	0.0446919985	-1.05850005	150	109	52
-0.416689992	0.0457950011	-1.05900002	150	109	52
-0.414759994	0.0457779989	-1.05859995	150	109	52
-0.412829995	0.0457610004	-1.0582	150	109	52
-0.410580009	0.0446260013	-1.05690002	150	109	52
-0.410580009	0.0435420014	-1.05700004	150	109	52
-0.410259992	0.0424479991	-1.05610001	150	109	52
-0.408659995	0.0424700007	-1.05659997	150	109	52
-0.409299999	0.0436040014	-1.05850005	150	109	52
-0.408980012	0.0446490012	-1.0575	150	109	52
-0.407380015	0.0446720012	-1.05799997	150	109	52
-0.407700002	0.0436259992	-1.05900002	150	109	52
-0.406100005	0.0436489992	-1.05949998	150	109	52
-0.406100005	0.0447349995	-1.05949998	150	109	52
-0.406100005	0.0458149984	-1.05949998	150	109	52
-0.40417999	0.0457970016	-1.05900002	150	109	52
-0.40417999	0.0468689986	-1.05900002	150	109	52
-0.403860003	0.0479120016	-1.05799997	150	109	52
-0.404819995	0.0478020012	-1.05560005	150	109	52
-0.402889997	0.0469349995	-1.06050003	150	109	52
-0.402889997	0.0458609983	-1.06050003	150	109	52
-0.402579993	0.0447399989	-1.0596	150	109	52
-0.40417999	0.044718001	-1.05910003	150	109	52
-0.40417999	0.0436320007	-1.05910003	150	109	52
-0.405140013	0.042475	-1.05680001	150	109	52
-0.406419992	0.0424150005	-1.0553	150	109	52
-0.402909994	0.0424199998	-1.05540001	150	109	52
-0.400999993	0.0424039997	-1.05499995	150	109	52
-0.400029987	0.0446429998	-1.05729997	150	109	52
-0.398739994	0.0447049998	-1.05879998	150	109	52
-0.397139996	0.0447270013	-1.05929995	150	109	52
-0.39745	0.0469209999	-1.06019998	150	109	52
-0.396160007	0.0469859987	-1.06159997	150	109	52
-0.39647001	0.0459519997	-1.06260002	150	109	52
-0.398070008	0.0459299982	-1.06210005	150	109	52
-0.399370015	0.0469399989	-1.06060004	150	109	52
-0.401289999	0.0469579995	-1.06099999	150	109	52
-0.401289999	0.0458839983	-1.06110001	150	109	52
-0.40031001	0.0459889993	-1.06350005	150	109	52
-0.40031001	0.0481560007	-1.06340003	150	109	52
-0.402539998	0.0482180007	-1.06480002	150	109	52
-0.402859986	0.0493680015	-1.06570005	150	109	52
-0.40316999	0.0505030006	-1.06659997	150	109	52
-0.401239991	0.0493919998	-1.06620002	150	109	52
-0.39963001	0.0483089983	-1.0668	150	109	52
-0.400249988	0.0495049991	-1.06860006	150	109	52
-0.400249988	0.0505979992	-1.06860006	150	109	52
-0.400869995	0.0517719984	-1.0704	150	109	52
-0.398939997	0.0517509989	-1.07000005	150	109	52
-0.399250001	0.050712999	-1.07099998	150	109	52
-0.399250001	0.0496169999	-1.07099998	150	109	52
-0.398629993	0.0484189987	-1.06920004	150	109	52
-0.397320002	0.0484860018	-1.07070005	150	109	52
-0.397009999	0.0495540015	-1.0697	150	109	52
-0.39508	0.0495340005	-1.06920004	150	109	52
-0.395390004	0.0506719984	-1.07009995	150	109	52
-0.393460006	0.0506520011	-1.0697	150	109	52
-0.393460006	0.0517349988	-1.0697	150	109	52
-0.391840011	0.0517599992	-1.07019997	150	109	52
-0.390520006	0.0518309996	-1.07159996	150	109	52
-0.390819997	0.0529239997	-1.07249999	150	109	52
-0.392439991	0.0528980009	-1.07200003	150	109	52
-0.394069999	0.0528730005	-1.07149994	150	109	52
-0.395689994	0.0528470017	-1.07099998	150	109	52
-0.397619992	0.0528680012	-1.07140005	150	109	52
-0.399870008	0.0529359989	-1.07280004	150	109	52
-0.401490003	0.0529100001	-1.07229996	150	109	52
-0.403120011	0.0528840013	-1.07169998	150	109	52
-0.403430015	0.0518839993	-1.07270002	150	109	52
-0.405369997	0.0519040003	-1.07309997	150	109	52
-0.404740006	0.0528570004	-1.07120001	150	109	52
-0.40248999	0.0506630018	-1.06990004	150	109	52
-0.405420005	0.0505670011	-1.06789994	150	109	52
-0.408010006	0.0504259989	-1.06490004	150	109	52
-0.409310013	0.0503560007	-1.06350005	150	109	52
-0.409630001	0.0493119992	-1.06439996	150	109	52
-0.411240011	0.0492860004	-1.06389999	150	109	52
-0.412849993	0.049261	-1.06340003	150	109	52
-0.412519991	0.0481140018	-1.0625	150	109	52
-0.412519991	0.0470240004	-1.0625	150	109	52
-0.412200004	0.0459080003	-1.06159997	150	109	52
-0.410589993	0.0459310003	-1.06219995	150	109	52
-0.409310013	0.0459959991	-1.06359994	150	109	52
-0.407059997	0.0470129997	-1.06229997	150	109	52
-0.407380015	0.0492490008	-1.06309998	150	109	52
-0.405770004	0.0492740013	-1.06359994	150	109	52
-0.405770004	0.0503619984	-1.06359994	150	109	52
-0.403840005	0.0492549986	-1.0632	150	109	52
-0.403210014	0.0480649993	-1.06140006	150	109	52
-0.410589993	0.0480960011	-1.06210005	150	109	52
-0.414130002	0.0469999984	-1.06200004	150	109	52
-0.415410012	0.0469340011	-1.06050003	150	109	52
-0.417670012	0.0469929986	-1.0618	150	109	52
-0.419279993	0.0469679981	-1.06120002	150	109	52
-0.418949991	0.0458520018	-1.06029999	150	109	52
-0.420549989	0.0458279997	-1.05980003	150	109	52
-0.420549989	0.0469009988	-1.05970001	150	109	52
-0.420890003	0.0480300002	-1.06060004	150	109	52
-0.422820002	0.0480469987	-1.06099999	150	109	52
-0.422820002	0.0469590016	-1.06099999	150	109	52
-0.422490001	0.0458439998	-1.06009996	150	109	52
-0.424760014	0.0480640009	-1.06140006	150	109	52
-0.42603001	0.0479959995	-1.05980003	150	109	52
-0.427300006	0.0479269996	-1.05830002	150	109	52
-0.428900003	0.0479010008	-1.05780005	150	109	52
-0.430500001	0.0446429998	-1.05729997	150	109	52
-0.430839986	0.0435970016	-1.05830002	150	109	52
-0.432440013	0.0435729995	-1.05770004	150	109	52
-0.43175	0.0445789993	-1.05579996	150	109	52
-0.432999998	0.0445140004	-1.05429995	150	109	52
-0.432999998	0.0434329994	-1.05429995	150	109	52
-0.427300006	0.0436059982	-1.05850005	150	109	52
-0.414779991	0.0481740013	-1.06379998	150	109	52
-0.414460003	0.0513980016	-1.06270003	150	109	52
-0.411879987	0.0471739992	-1.06589997	150	109	52
-0.410270005	0.0471980013	-1.06640005	150	109	52
-0.411879987	0.0504640006	-1.06570005	150	109	52
-0.407700002	0.0479490012	-1.05879998	150	109	52
-0.40862	0.0518510006	-1.07210004	150	109	52
-0.410250008	0.0518250018	-1.07149994	150	109	52
-0.41218999	0.0528910011	-1.07190001	150	109	52
-0.412510008	0.0518900007	-1.07290006	150	109	52
-0.413819999	0.0518179983	-1.07140005	150	109	52
-0.413819999	0.0528630018	-1.07130003	150	109	52
-0.417389989	0.0507250018	-1.07130003	150	109	52
-0.419990003	0.0508330017	-1.07350004	150	109	52
-0.421950012	0.0508500002	-1.07389998	150	109	52
-0.423579991	0.0529580005	-1.07319999	150	109	52
-0.42554	0.0529760011	-1.07360005	150	109	52
-0.42750001	0.0529940017	-1.074	150	109	52
-0.429459989	0.0530119985	-1.07430005	150	109	52
-0.430750012	0.052937001	-1.07280004	150	109	52
-0.431699991	0.0528159998	-1.07029998	150	109	52
-0.431699991	0.051771	-1.0704	150	109	52
-0.431699991	0.0506870002	-1.07050002	150	109	52
-0.433319986	0.0506590009	-1.06990004	150	109	52
-0.433319986	0.0517430007	-1.06980002	150	109	52
-0.432980001	0.0527409986	-1.06879997	150	109	52
-0.433919996	0.052618999	-1.06640005	150	109	52
-0.435530007	0.0525900014	-1.06579995	150	109	52
-0.437150002	0.052561	-1.06519997	150	109	52
-0.437840015	0.0494400002	-1.06719995	150	109	52
-0.437150002	0.048246	-1.0654	150	109	52
-0.439110011	0.0482620001	-1.06570005	150	109	52
-0.440719992	0.0471430011	-1.06519997	150	109	52
-0.442330003	0.0471160002	-1.06459999	150	109	52
-0.443940014	0.048179999	-1.06389999	150	109	52
-0.443940014	0.0503729992	-1.06379998	150	109	52
-0.444299996	0.0514959991	-1.06470001	150	109	52
-0.442330003	0.0504020005	-1.06439996	150	109	52
-0.441980004	0.0514339991	-1.06340003	150	109	52
-0.444489986	0.0480259992	-1.06050003	150	109	52
-0.438410014	0.0470860004	-1.06389999	150	109	52
-0.438410014	0.0492819995	-1.06379998	150	109	52
-0.43610999	0.0470289998	-1.06260002	150	109	52
-0.434500009	0.0481459983	-1.0632	150	109	52
-0.435189992	0.0493369997	-1.06500006	150	109	52
-0.433820009	0.0469719991	-1.06130004	150	109	52
-0.432209998	0.0480870008	-1.06190002	150	109	52
-0.437249988	0.0506919995	-1.07060003	150	109	52
-0.411839992	0.0531039983	-1.07620001	150	109	52
-0.410530001	0.0531780012	-1.07770002	150	109	52
-0.408569992	0.0531580001	-1.07729995	150	109	52
-0.40794	0.0520149991	-1.07539999	150	109	52
-0.389189988	0.0529490001	-1.07299995	150	109	52
-0.389189988	0.0519019999	-1.07309997	150	109	52
-0.389620006	0.0506099984	-1.06879997	150	109	52
-0.391229987	0.0505860001	-1.06830001	150	109	52
-0.390630007	0.0494050011	-1.06649995	150	109	52
-0.390630007	0.0482980013	-1.06649995	150	109	52
-0.392239988	0.0482739992	-1.06599998	150	109	52
-0.392549992	0.0494249985	-1.06690001	150	109	52
-0.392850012	0.0472650006	-1.06799996	150	109	52
-0.391229987	0.0472880006	-1.06850004	150	109	52
-0.394160002	0.0472000018	-1.06649995	150	109	52
-0.395779997	0.0471770018	-1.06599998	150	109	52
-0.39478001	0.0483799987	-1.06830001	150	109	52
-0.396389991	0.0505580008	-1.06770003	150	109	52
-0.395779997	0.0515469983	-1.06579995	150	109	52
-0.394470006	0.0516179986	-1.06719995	150	109	52
-0.394859999	0.0459749997	-1.0632	150	109	52
-0.392940015	0.0459560007	-1.06270003	150	109	52
-0.391330004	0.0459779985	-1.0632	150	109	52
-0.388110012	0.0471000001	-1.06420004	150	109	52
-0.387809992	0.0481479988	-1.0632	150	109	52
-0.387809992	0.0492519997	-1.0632	150	109	52
-0.385899991	0.0481280014	-1.06280005	150	109	52
-0.385899991	0.0470380001	-1.06280005	150	109	52
-0.38530001	0.0491430014	-1.06079996	150	109	52
-0.387100011	0.0504989997	-1.06649995	150	109	52
-0.393629998	0.0447309986	-1.05939996	150	109	52
-0.394919991	0.0446689986	-1.05789995	150	109	52
-0.391409993	0.0446720012	-1.05799997	150	109	52
-0.391110003	0.0435479991	-1.05710006	150	109	52
-0.391110003	0.0424910001	-1.05719995	150	109	52
-0.389510006	0.0425119996	-1.05770004	150	109	52
-0.39012	0.0436480008	-1.05949998	150	109	52
-0.388209999	0.0457950011	-1.05900002	150	109	52
-0.387609988	0.0435510017	-1.05719995	150	109	52
-0.387300014	0.042456001	-1.05630004	150	109	52
-0.386999995	0.0413900018	-1.05540001	150	109	52
-0.385410011	0.0414090008	-1.05589998	150	109	52
-0.385410011	0.0424380004	-1.05579996	150	109	52
-0.385410011	0.0434929989	-1.05579996	150	109	52
-0.383509994	0.0434749983	-1.0553	150	109	52
-0.383210003	0.0423809998	-1.05439997	150	109	52
-0.383210003	0.0413540006	-1.05449998	150	109	52
-0.383210003	0.0403140001	-1.05449998	150	109	52
-0.383899987	0.0401850007	-1.05110002	150	109	52
-0.383899987	0.0391350016	-1.05120003	150	109	52
-0.383599997	0.0380290002	-1.0503	150	109	52
-0.381709993	0.0380120017	-1.04980004	150	109	52
-0.382010013	0.0391179994	-1.05069995	150	109	52
-0.382609993	0.0359710008	-1.05270004	150	109	52
-0.384799987	0.0360190012	-1.05420005	150	109	52
-0.386700004	0.0360339992	-1.0546	150	109	52
-0.388289988	0.0360170007	-1.05410004	150	109	52
-0.389270008	0.0359340012	-1.0517	150	109	52
-0.388969988	0.0369520001	-1.05069995	150	109	52
-0.390549988	0.0369339995	-1.05019999	150	109	52
-0.390249997	0.0358520001	-1.04929996	150	109	52
-0.391519994	0.0358019993	-1.04779994	150	109	52
-0.391829997	0.0368830003	-1.04869998	150	109	52
-0.389939994	0.0379559994	-1.04820001	150	109	52
-0.390249997	0.0390589982	-1.04920006	150	109	52
-0.388969988	0.0391139984	-1.05060005	150	109	52
-0.389270008	0.0401999988	-1.05149996	150	109	52
-0.387380004	0.0391330011	-1.05110002	150	109	52
-0.387080014	0.0401469991	-1.05009997	150	109	52
-0.38578999	0.0391510017	-1.05159998	150	109	52
-0.38609001	0.0402389988	-1.05250001	150	109	52
-0.388289988	0.041331999	-1.0539	150	109	52
-0.390190005	0.0413499996	-1.05429995	150	109	52
-0.392089993	0.0413670018	-1.05480003	150	109	52
-0.392089993	0.042394001	-1.05470002	150	109	52
-0.392089993	0.0434489995	-1.05470002	150	109	52
-0.393680006	0.0413470007	-1.05429995	150	109	52
-0.39497	0.0412890017	-1.05280006	150	109	52
-0.394659996	0.0422759987	-1.05180001	150	109	52
-0.394349992	0.0432889983	-1.05079997	150	109	52
-0.395929992	0.0432670005	-1.0503	150	109	52
-0.395929992	0.0422170013	-1.0503	150	109	52
-0.39625001	0.0412309989	-1.05130005	150	109	52
-0.397830009	0.0412110016	-1.05079997	150	109	52
-0.397520006	0.0401379988	-1.04990005	150	109	52
-0.399100006	0.0401180014	-1.04939997	150	109	52
-0.399419993	0.0411899984	-1.0503	150	109	52
-0.401010007	0.0411689989	-1.04970002	150	109	52
-0.401010007	0.0401340015	-1.04980004	150	109	52
-0.402909994	0.0401489995	-1.05019999	150	109	52
-0.402909994	0.0411860012	-1.05019999	150	109	52
-0.404819995	0.0412020013	-1.05060005	150	109	52
-0.404819995	0.0401649997	-1.05060005	150	109	52
-0.406080008	0.040107999	-1.04910004	150	109	52
-0.40733999	0.0400520004	-1.04760003	150	109	52
-0.40891999	0.040031001	-1.04709995	150	109	52
-0.409249991	0.0390199982	-1.04809999	150	109	52
-0.411159992	0.0390340015	-1.04849994	150	109	52
-0.41148001	0.0401180014	-1.04939997	150	109	52
-0.40990001	0.0380199999	-1.04999995	150	109	52
-0.407990009	0.0380050018	-1.04960001	150	109	52
-0.408309996	0.0391100012	-1.05050004	150	109	52
-0.406399995	0.0380249992	-1.05019999	150	109	52
-0.40546	0.0391860008	-1.05250001	150	109	52
-0.403869987	0.0392059982	-1.05309999	150	109	52
-0.406729996	0.0412180014	-1.051	150	109	52
-0.409280002	0.0413080007	-1.05330002	150	109	52
-0.411529988	0.0413610004	-1.0546	150	109	52
-0.411850005	0.0424260013	-1.05550003	150	109	52
-0.411850005	0.0445629992	-1.05540001	150	109	52
-0.413120002	0.0445000008	-1.0539	150	109	52
-0.415039986	0.0445169993	-1.05429995	150	109	52
-0.415039986	0.0413540006	-1.05449998	150	109	52
-0.411199987	0.0434029996	-1.05359995	150	109	52
-0.411810011	0.0432640016	-1.05019999	150	109	52
-0.413399994	0.0432410017	-1.04970002	150	109	52
-0.414649993	0.0421320014	-1.04820001	150	109	52
-0.416229993	0.0421090014	-1.04770005	150	109	52
-0.418819994	0.0421999991	-1.04990005	150	109	52
-0.421070009	0.0422529988	-1.05120003	150	109	52
-0.423339993	0.0423059985	-1.05260003	150	109	52
-0.424250007	0.042208001	-1.05009997	150	109	52
-0.427760005	0.0411770009	-1.04990005	150	109	52
-0.428790003	0.0423129983	-1.05270004	150	109	52
-0.42719999	0.0423359983	-1.05330002	150	109	52
-0.420150012	0.0413260013	-1.05369997	150	109	52
-0.408340007	0.0393059999	-1.05579996	150	109	52
-0.403849989	0.0379419997	-1.04789996	150	109	52
-0.402590007	0.0379949994	-1.04929996	150	109	52
-0.400050014	0.0368239991	-1.04709995	150	109	52
-0.39974001	0.0378770009	-1.04610002	150	109	52
-0.39974001	0.0389430001	-1.046	150	109	52
-0.398160011	0.0389630012	-1.04659998	150	109	52
-0.398160011	0.0378959998	-1.04659998	150	109	52
-0.398470014	0.0368430018	-1.04760003	150	109	52
-0.398160011	0.0347580016	-1.0467	150	109	52
-0.396580011	0.0347750001	-1.04719996	150	109	52
-0.395000011	0.0347930007	-1.04779994	150	109	52
-0.393409997	0.0337820016	-1.04830003	150	109	52
-0.391829997	0.0337990001	-1.04879999	150	109	52
-0.391829997	0.0316950008	-1.04890001	150	109	52
-0.391519994	0.0306049995	-1.04799998	150	109	52
-0.38962999	0.0305920001	-1.04750001	150	109	52
-0.389939994	0.0316810012	-1.04849994	150	109	52
-0.388660014	0.031725999	-1.04990005	150	109	52
-0.388969988	0.0328119993	-1.05079997	150	109	52
-0.387080014	0.0317410007	-1.05040002	150	109	52
-0.38677001	0.0306490008	-1.04949999	150	109	52
-0.38646999	0.0295739993	-1.04859996	150	109	52
-0.38519001	0.0296149999	-1.04999995	150	109	52
-0.38549	0.0306919999	-1.051	150	109	52
-0.38549	0.0317559987	-1.05089998	150	109	52
-0.384579986	0.0327240005	-1.04799998	150	109	52
-0.386159986	0.0327089988	-1.04750001	150	109	52
-0.385859996	0.0337250009	-1.04649997	150	109	52
-0.383980006	0.0337110013	-1.04610002	150	109	52
-0.382400006	0.0326800011	-1.04659998	150	109	52
-0.382999986	0.0337879993	-1.04849994	150	109	52
-0.382999986	0.0316849984	-1.04859996	150	109	52
-0.382999986	0.0306230001	-1.04859996	150	109	52
-0.383300006	0.0296020005	-1.04960001	150	109	52
-0.38578999	0.0286309998	-1.05200005	150	109	52
-0.387679994	0.0286430009	-1.05239999	150	109	52
-0.387679994	0.0275979992	-1.05239999	150	109	52
-0.389270008	0.0286289994	-1.05190003	150	109	52
-0.388969988	0.0296400003	-1.05089998	150	109	52
-0.390549988	0.0296250004	-1.05040002	150	109	52
-0.390859991	0.0286149997	-1.05139995	150	109	52
-0.392450005	0.0296379998	-1.05089998	150	109	52
-0.394349992	0.0296500009	-1.05130005	150	109	52
-0.393720001	0.0306449998	-1.04939997	150	109	52
-0.393720001	0.0317079984	-1.04929996	150	109	52
-0.394349992	0.0328230001	-1.05120003	150	109	52
-0.395929992	0.032807	-1.05069995	150	109	52
-0.395929992	0.0338569991	-1.05060005	150	109	52
-0.397830009	0.0338709988	-1.05110002	150	109	52
-0.398149997	0.032850001	-1.05200005	150	109	52
-0.39974001	0.0338849984	-1.05149996	150	109	52
-0.400050014	0.0328629985	-1.05250001	150	109	52
-0.401639998	0.032846	-1.05190003	150	109	52
-0.401639998	0.031787999	-1.05200005	150	109	52
-0.401959985	0.0307500008	-1.05299997	150	109	52
-0.401639998	0.0296710003	-1.05200005	150	109	52
-0.400370002	0.0297129992	-1.05350006	150	109	52
-0.400680006	0.030793	-1.05439997	150	109	52
-0.400680006	0.0318609998	-1.05439997	150	109	52
-0.398779988	0.0307810009	-1.05400002	150	109	52
-0.399399996	0.0297810007	-1.05589998	150	109	52
-0.397810012	0.0297960006	-1.05649996	150	109	52
-0.396560013	0.0307410005	-1.05260003	150	109	52
-0.395929992	0.0317489989	-1.05069995	150	109	52
-0.397520006	0.0317340009	-1.05019999	150	109	52
-0.399419993	0.0285960007	-1.05069995	150	109	52
-0.397830009	0.0275660008	-1.05120003	150	109	52
-0.397520006	0.0264919996	-1.0503	150	109	52
-0.395929992	0.0265050009	-1.05079997	150	109	52
-0.395619988	0.0275299996	-1.04990005	150	109	52
-0.395310014	0.0285470001	-1.04890001	150	109	52
-0.393099993	0.0285090003	-1.04750001	150	109	52
-0.393099993	0.0274689998	-1.04750001	150	109	52
-0.391519994	0.0274829995	-1.04809999	150	109	52
-0.391829997	0.0285490006	-1.04900002	150	109	52
-0.389939994	0.0274960008	-1.04859996	150	109	52
-0.38804999	0.027485	-1.04809999	150	109	52
-0.388359994	0.0306349993	-1.04900002	150	109	52
-0.387739986	0.0337399989	-1.04700005	150	109	52
-0.38804999	0.034798	-1.04789996	150	109	52
-0.38962999	0.0347810015	-1.0474	150	109	52
-0.389319986	0.0337230004	-1.04649997	150	109	52
-0.390899986	0.034731999	-1.04589999	150	109	52
-0.392479986	0.0357189998	-1.04540002	150	109	52
-0.39278999	0.0347470008	-1.04639995	150	109	52
-0.39278999	0.0367980003	-1.04630005	150	109	52
-0.392479986	0.03785	-1.04530001	150	109	52
-0.390899986	0.0378680006	-1.04579997	150	109	52
-0.389979988	0.0388280004	-1.04289997	150	109	52
-0.391550004	0.0388090014	-1.0424	150	109	52
-0.392809987	0.0387540013	-1.04100001	150	109	52
-0.393750012	0.0377970003	-1.04390001	150	109	52
-0.39436999	0.0367790014	-1.04579997	150	109	52
-0.394059986	0.0357020013	-1.04489994	150	109	52
-0.39594999	0.0357160009	-1.04530001	150	109	52
-0.396259993	0.0367939994	-1.04620004	150	109	52
-0.396259993	0.0378810018	-1.04620004	150	109	52
-0.396580011	0.0389820002	-1.04709995	150	109	52
-0.395310014	0.0400849991	-1.04849994	150	109	52
-0.394030005	0.0401410013	-1.04999995	150	109	52
-0.392760009	0.0401969999	-1.05149996	150	109	52
-0.391479999	0.0402529985	-1.05289996	150	109	52
-0.393070012	0.0422969982	-1.05229998	150	109	52
-0.392760009	0.0433100015	-1.05130005	150	109	52
-0.397520006	0.0421960019	-1.04980004	150	109	52
-0.397830009	0.0432850011	-1.05069995	150	109	52
-0.39974001	0.0433019996	-1.05110002	150	109	52
-0.397529989	0.0356980003	-1.04480004	150	109	52
-0.399100006	0.0356810018	-1.04429996	150	109	52
-0.400359988	0.0356299989	-1.04279995	150	109	52
-0.400680006	0.0367060006	-1.04369998	150	109	52
-0.401930004	0.0356119983	-1.04219997	150	109	52
-0.403820008	0.0356260017	-1.04270005	150	109	52
-0.405719995	0.0356400013	-1.0431	150	109	52
-0.407620013	0.0366970003	-1.04340005	150	109	52
-0.408270001	0.0357180014	-1.04540002	150	109	52
-0.408270001	0.0347139984	-1.04540002	150	109	52
-0.406690001	0.034731999	-1.04589999	150	109	52
-0.405110002	0.0347499996	-1.04649997	150	109	52
-0.402889997	0.0347050019	-1.04509997	150	109	52
-0.40132001	0.0347229987	-1.04569995	150	109	52
-0.39974001	0.034740001	-1.04620004	150	109	52
-0.403849989	0.0327240005	-1.04799998	150	109	52
-0.403849989	0.0316700004	-1.04809999	150	109	52
-0.403849989	0.0306080002	-1.04809999	150	109	52
-0.403530002	0.0295340009	-1.04719996	150	109	52
-0.401950002	0.0285160001	-1.04770005	150	109	52
-0.400689989	0.0285560004	-1.04920006	150	109	52
-0.400689989	0.0264650006	-1.04929996	150	109	52
-0.401010007	0.0254459996	-1.05019999	150	109	52
-0.402909994	0.0254560001	-1.05069995	150	109	52
-0.402909994	0.0264999997	-1.05060005	150	109	52
-0.403230011	0.0275749993	-1.05159998	150	109	52
-0.401639998	0.0275880005	-1.05209994	150	109	52
-0.400050014	0.0276020002	-1.05260003	150	109	52
-0.398149997	0.0286359992	-1.05219996	150	109	52
-0.39974001	0.0244440008	-1.0517	150	109	52
-0.398149997	0.0244570002	-1.05229998	150	109	52
-0.396560013	0.0244689994	-1.05280006	150	109	52
-0.39497	0.0244810004	-1.05330002	150	109	52
-0.393379986	0.025533	-1.05379999	150	109	52
-0.391779989	0.0255449992	-1.05429995	150	109	52
-0.391479999	0.0265679993	-1.05340004	150	109	52
-0.389880002	0.0265810005	-1.0539	150	109	52
-0.390190005	0.0255580004	-1.05480003	150	109	52
-0.388289988	0.0265939999	-1.05439997	150	109	52
-0.386700004	0.0276609994	-1.05490005	150	109	52
-0.385410011	0.0266430005	-1.05630004	150	109	52
-0.385710001	0.0277239997	-1.05729997	150	109	52
-0.387300014	0.0266549997	-1.05680001	150	109	52
-0.389200002	0.0256159995	-1.05729997	150	109	52
-0.388209999	0.0256750006	-1.05970001	150	109	52
-0.386009991	0.0256409999	-1.05830002	150	109	52
-0.389120013	0.0246959999	-1.06260002	150	109	52
-0.391330004	0.0247280002	-1.06389999	150	109	52
-0.392329991	0.0246719997	-1.06149995	150	109	52
-0.388110012	0.0247520003	-1.06500006	150	109	52
-0.39271	0.0245709997	-1.05719995	150	109	52
-0.39399001	0.0245370008	-1.05569994	150	109	52
-0.384799987	0.0286960006	-1.05439997	150	109	52
-0.392760009	0.0265309997	-1.05190003	150	109	52
-0.394659996	0.0265420005	-1.05229998	150	109	52
-0.394349992	0.0254740007	-1.05139995	150	109	52
-0.395310014	0.0254149996	-1.04900002	150	109	52
-0.396890014	0.0254030004	-1.04849994	150	109	52
-0.398470014	0.0253899992	-1.04789996	150	109	52
-0.398470014	0.0264309999	-1.04789996	150	109	52
-0.402280003	0.0244980007	-1.05410004	150	109	52
-0.404509991	0.0245299991	-1.05540001	150	109	52
-0.406419992	0.0245389994	-1.05579996	150	109	52
-0.407370001	0.0244830009	-1.05340004	150	109	52
-0.408639997	0.0244479999	-1.05190003	150	109	52
-0.410549998	0.0254960004	-1.05229998	150	109	52
-0.410219997	0.026517	-1.05130005	150	109	52
-0.410219997	0.0275669992	-1.05130005	150	109	52
-0.408960015	0.0276069995	-1.05280006	150	109	52
-0.407050014	0.0275960006	-1.05239999	150	109	52
-0.405140013	0.0275849998	-1.05200005	150	109	52
-0.406399995	0.0264960006	-1.05050004	150	109	52
-0.406399995	0.0254529994	-1.05050004	150	109	52
-0.404819995	0.0254660007	-1.05110002	150	109	52
-0.404500008	0.026486	-1.05009997	150	109	52
-0.404500008	0.0285780001	-1.04999995	150	109	52
-0.406080008	0.0285640005	-1.04949999	150	109	52
-0.407660007	0.0285490006	-1.04900002	150	109	52
-0.409249991	0.0285340007	-1.04840004	150	109	52
-0.410829991	0.0285190009	-1.04789996	150	109	52
-0.410829991	0.0274790004	-1.04789996	150	109	52
-0.412739992	0.0285299998	-1.04830003	150	109	52
-0.413069993	0.0295909997	-1.04920006	150	109	52
-0.413399994	0.0306669995	-1.05009997	150	109	52
-0.413399994	0.0317299999	-1.05009997	150	109	52
-0.414979994	0.0317139998	-1.04949999	150	109	52
-0.414979994	0.0306509994	-1.04949999	150	109	52
-0.414979994	0.0296020005	-1.04960001	150	109	52
-0.416900009	0.0306620002	-1.04990005	150	109	52
-0.418819994	0.0306729991	-1.0503	150	109	52
-0.420740008	0.0306839999	-1.05069995	150	109	52
-0.421070009	0.0296609998	-1.0517	150	109	52
-0.420740008	0.0285979994	-1.05079997	150	109	52
-0.420740008	0.0275539998	-1.05079997	150	109	52
-0.420740008	0.0265040006	-1.05079997	150	109	52
-0.420740008	0.0254609995	-1.05079997	150	109	52
-0.422659993	0.0254699998	-1.05120003	150	109	52
-0.423909992	0.0254330002	-1.04970002	150	109	52
-0.425489992	0.0254190005	-1.04910004	150	109	52
-0.425830007	0.0244059991	-1.05009997	150	109	52
-0.427760005	0.0244149994	-1.05050004	150	109	52
-0.429690003	0.0244229995	-1.05079997	150	109	52
-0.42899999	0.0254139993	-1.04890001	150	109	52
-0.42899999	0.0264560003	-1.04890001	150	109	52
-0.428660005	0.0274790004	-1.04789996	150	109	52
-0.429899991	0.0284790006	-1.04639995	150	109	52
-0.427969992	0.028469	-1.046	150	109	52
-0.426389992	0.0284839999	-1.04659998	150	109	52
-0.426389992	0.0274449997	-1.04659998	150	109	52
-0.426739991	0.0264229998	-1.04760003	150	109	52
-0.427080005	0.0254050009	-1.04859996	150	109	52
-0.424809992	0.0264139995	-1.04719996	150	109	52
-0.424470007	0.0274359994	-1.04630005	150	109	52
-0.422890007	0.0274509992	-1.04680002	150	109	52
-0.422560006	0.0263800006	-1.04589999	150	109	52
-0.420980006	0.0263950005	-1.04649997	150	109	52
-0.421310008	0.0274650007	-1.0474	150	109	52
-0.421649992	0.028531	-1.04830003	150	109	52
-0.421990007	0.0295919999	-1.04920006	150	109	52
-0.422329992	0.0306679998	-1.05009997	150	109	52
-0.421990007	0.031702999	-1.04920006	150	109	52
-0.423570007	0.0316860005	-1.04859996	150	109	52
-0.423229992	0.0327109993	-1.04760003	150	109	52
-0.423570007	0.0337890014	-1.04849994	150	109	52
-0.421990007	0.0338080004	-1.04910004	150	109	52
-0.421649992	0.0348049998	-1.04809999	150	109	52
-0.421990007	0.0358429998	-1.04900002	150	109	52
-0.423570007	0.0358240008	-1.04849994	150	109	52
-0.423229992	0.0368390009	-1.04750001	150	109	52
-0.424809992	0.0357719995	-1.04690003	150	109	52
-0.426050007	0.0357210003	-1.04540002	150	109	52
-0.424129993	0.0347039998	-1.04509997	150	109	52
-0.422219992	0.0346920006	-1.04470003	150	109	52
-0.424129993	0.0367529988	-1.04499996	150	109	52
-0.423790008	0.0378040001	-1.04410005	150	109	52
-0.425709993	0.0378170013	-1.04439998	150	109	52
-0.425029993	0.0366670005	-1.04260004	150	109	52
-0.426939994	0.0366789997	-1.04289997	150	109	52
-0.428860009	0.0366920009	-1.04330003	150	109	52
-0.430779994	0.0367049985	-1.04369998	150	109	52
-0.432700008	0.0367170013	-1.04400003	150	109	52
-0.43235001	0.0356420018	-1.0431	150	109	52
-0.43235001	0.0346399993	-1.0431	150	109	52
-0.432009995	0.0335870013	-1.04219997	150	109	52
-0.430429995	0.0336060002	-1.04279995	150	109	52
-0.43009001	0.0345969982	-1.04190004	150	109	52
-0.43009001	0.0355970003	-1.04180002	150	109	52
-0.427819997	0.0355530009	-1.04050004	150	109	52
-0.427819997	0.0345540009	-1.04059994	150	109	52
-0.426600009	0.0346040018	-1.04209995	150	109	52
-0.426250011	0.0355729982	-1.04110003	150	109	52
-0.425029993	0.0346230008	-1.04270005	150	109	52
-0.425709993	0.0336619988	-1.04460001	150	109	52
-0.427969992	0.0337029994	-1.04589999	150	109	52
-0.430240005	0.0326980017	-1.04719996	150	109	52
-0.430590004	0.0316729993	-1.04820001	150	109	52
-0.430240005	0.0305840001	-1.04729998	150	109	52
-0.428660005	0.0306010004	-1.04779994	150	109	52
-0.42899999	0.0316900015	-1.04869998	150	109	52
-0.429349989	0.0327749997	-1.04970002	150	109	52
-0.42741999	0.032763999	-1.04929996	150	109	52
-0.427080005	0.0316790007	-1.04840004	150	109	52
-0.427080005	0.0306180008	-1.04840004	150	109	52
-0.425489992	0.0306349993	-1.04900002	150	109	52
-0.425150007	0.0316679999	-1.04799998	150	109	52
-0.425150007	0.0327229984	-1.04799998	150	109	52
-0.425830007	0.0338310003	-1.04980004	150	109	52
-0.424589992	0.0307059996	-1.05139995	150	109	52
-0.423570007	0.0285410006	-1.04869998	150	109	52
-0.423229992	0.0295490008	-1.04770005	150	109	52
-0.424809992	0.0295330007	-1.04709995	150	109	52
-0.425150007	0.0285260007	-1.04809999	150	109	52
-0.426050007	0.0294899996	-1.04560006	150	109	52
-0.427280009	0.0294480007	-1.04410005	150	109	52
-0.428860009	0.0294310004	-1.04349995	150	109	52
-0.432859987	0.0317119993	-1.04949999	150	109	52
-0.434450001	0.0316939987	-1.04890001	150	109	52
-0.434100002	0.0306049995	-1.04799998	150	109	52
-0.432509989	0.0295739993	-1.04859996	150	109	52
-0.432859987	0.0285650007	-1.04949999	150	109	52
-0.433209985	0.027547	-1.05050004	150	109	52
-0.431279987	0.0275379997	-1.05019999	150	109	52
-0.43197	0.0265360009	-1.05209994	150	109	52
-0.433899999	0.0265439991	-1.05239999	150	109	52
-0.435490012	0.0265299994	-1.05180001	150	109	52
-0.435140014	0.0275560003	-1.05089998	150	109	52
-0.436729997	0.0275410004	-1.0503	150	109	52
-0.437079996	0.0265149996	-1.05120003	150	109	52
-0.438309997	0.0264759995	-1.04970002	150	109	52
-0.438309997	0.0275250003	-1.04970002	150	109	52
-0.440250009	0.0264849998	-1.04999995	150	109	52
-0.441480011	0.0264459997	-1.04849994	150	109	52
-0.441480011	0.0254050009	-1.04849994	150	109	52
-0.443060011	0.0253899992	-1.04789996	150	109	52
-0.443419993	0.0264539998	-1.04879999	150	109	52
-0.444999993	0.0264389999	-1.04820001	150	109	52
-0.445360005	0.0254209992	-1.04920006	150	109	52
-0.446579993	0.0253829993	-1.04760003	150	109	52
-0.446579993	0.0243500005	-1.04770005	150	109	52
-0.448529989	0.0243570004	-1.04799998	150	109	52
-0.448170006	0.0253679994	-1.04700005	150	109	52
-0.450109988	0.0253759995	-1.0474	150	109	52
-0.450109988	0.0243430007	-1.0474	150	109	52
-0.450470001	0.0264400002	-1.04830003	150	109	52
-0.450470001	0.0274870005	-1.04820001	150	109	52
-0.450109988	0.0285030007	-1.04729998	150	109	52
-0.448529989	0.0285199992	-1.04789996	150	109	52
-0.447310001	0.028562	-1.04939997	150	109	52
-0.447670013	0.0275439993	-1.05040002	150	109	52
-0.445719987	0.0275359992	-1.05009997	150	109	52
-0.446079999	0.0286040008	-1.051	150	109	52
-0.444849998	0.0286459997	-1.05250001	150	109	52
-0.444849998	0.0296839997	-1.05250001	150	109	52
-0.444489986	0.0307090003	-1.05149996	150	109	52
-0.444130003	0.0317450017	-1.05060005	150	109	52
-0.446079999	0.0317550004	-1.05089998	150	109	52
-0.445360005	0.0295880008	-1.04910004	150	109	52
-0.444999993	0.0306090005	-1.04809999	150	109	52
-0.444640011	0.0326960012	-1.04709995	150	109	52
-0.444999993	0.0337730013	-1.04799998	150	109	52
-0.444999993	0.0348000005	-1.04799998	150	109	52
-0.443419993	0.0348200016	-1.04859996	150	109	52
-0.443419993	0.0358280018	-1.04859996	150	109	52
-0.441839993	0.0358479992	-1.04920006	150	109	52
-0.441839993	0.0348399989	-1.04920006	150	109	52
-0.441839993	0.0338120013	-1.04920006	150	109	52
-0.440250009	0.0338310003	-1.04980004	150	109	52
-0.439900011	0.0348289981	-1.04890001	150	109	52
-0.439550012	0.0368519984	-1.04789996	150	109	52
-0.439900011	0.037974	-1.04879999	150	109	52
-0.439900011	0.0390430018	-1.04869998	150	109	52
-0.441480011	0.0390210003	-1.04809999	150	109	52
-0.441480011	0.0379519984	-1.04820001	150	109	52
-0.441480011	0.0368640013	-1.04820001	150	109	52
-0.442710012	0.0368099995	-1.0467	150	109	52
-0.444290012	0.036789	-1.04610002	150	109	52
-0.446220011	0.0357539989	-1.04639995	150	109	52
-0.448170006	0.0357649997	-1.0467	150	109	52
-0.448659986	0.0356490016	-1.04330003	150	109	52
-0.44828999	0.0366589986	-1.0424	150	109	52
-0.449860007	0.0366370007	-1.04170001	150	109	52
-0.449499995	0.0376849994	-1.04079998	150	109	52
-0.447569996	0.0376739986	-1.04050004	150	109	52
-0.446359992	0.0366480015	-1.04200006	150	109	52
-0.445140004	0.0367019996	-1.04359996	150	109	52
-0.445140004	0.0346559994	-1.04369998	150	109	52
-0.444779992	0.0336030014	-1.04279995	150	109	52
-0.445140004	0.0325900018	-1.04369998	150	109	52
-0.446720004	0.0325709991	-1.0431	150	109	52
-0.447079986	0.0315489992	-1.04410005	150	109	52
-0.445859998	0.0315960012	-1.04560006	150	109	52
-0.445859998	0.0294920001	-1.04569995	150	109	52
-0.447079986	0.0294480007	-1.04410005	150	109	52
-0.448659986	0.0294310004	-1.04349995	150	109	52
-0.447930008	0.0304199997	-1.04159999	150	109	52
-0.44828999	0.031502001	-1.04250002	150	109	52
-0.44828999	0.0325510018	-1.04250002	150	109	52
-0.449860007	0.0314840004	-1.04190004	150	109	52
-0.449499995	0.0304019991	-1.04100001	150	109	52
-0.449129999	0.0335140005	-1.03999996	150	109	52
-0.448769987	0.0345030017	-1.03900003	150	109	52
-0.4472	0.0345229991	-1.03960001	150	109	52
-0.447569996	0.0335340016	-1.04059994	150	109	52
-0.44600001	0.0335539989	-1.04120004	150	109	52
-0.445630014	0.0345430002	-1.0402	150	109	52
-0.445270002	0.0376290008	-1.03919995	150	109	52
-0.443699986	0.0376500003	-1.03980005	150	109	52
-0.441780001	0.0376389995	-1.0395	150	109	52
-0.441280007	0.0377620012	-1.04289997	150	109	52
-0.44393	0.0389060006	-1.04499996	150	109	52
-0.446359992	0.0304370001	-1.04219997	150	109	52
-0.445140004	0.0304819997	-1.0438	150	109	52
-0.451070011	0.0345439985	-1.04030001	150	109	52
-0.453370005	0.0345849991	-1.04149997	150	109	52
-0.455309987	0.0355959982	-1.04180002	150	109	52
-0.454109997	0.0366920009	-1.04330003	150	109	52
-0.454479992	0.0356810018	-1.04429996	150	109	52
-0.456050009	0.0346570015	-1.04369998	150	109	52
-0.45521	0.0337140001	-1.04620004	150	109	52
-0.45363	0.0326870009	-1.04680002	150	109	52
-0.453269988	0.0316059999	-1.04589999	150	109	52
-0.452899992	0.0305189993	-1.04499996	150	109	52
-0.451319993	0.0294920001	-1.04569995	150	109	52
-0.45205	0.0285110008	-1.04760003	150	109	52
-0.45205	0.0274710003	-1.04760003	150	109	52
-0.453269988	0.027431	-1.04610002	150	109	52
-0.45521	0.026393	-1.04639995	150	109	52
-0.455579996	0.0274630003	-1.04729998	150	109	52
-0.455949992	0.0285279993	-1.04820001	150	109	52
-0.455949992	0.0295620002	-1.04820001	150	109	52
-0.455579996	0.0305829998	-1.04719996	150	109	52
-0.45521	0.0316150002	-1.04630005	150	109	52
-0.457159996	0.0326769985	-1.04649997	150	109	52
-0.457529992	0.0337539986	-1.0474	150	109	52
-0.455949992	0.032726001	-1.04809999	150	109	52
-0.457529992	0.0316519998	-1.04750001	150	109	52
-0.457529992	0.0305920001	-1.04750001	150	109	52
-0.459479988	0.0295529999	-1.04779994	150	109	52
-0.459479988	0.0285190009	-1.04789996	150	109	52
-0.459479988	0.0274790004	-1.04789996	150	109	52
-0.457529992	0.0274710003	-1.04760003	150	109	52
-0.457899988	0.0285359994	-1.04849994	150	109	52
-0.458270013	0.0295969993	-1.04939997	150	109	52
-0.459850013	0.0306269992	-1.04869998	150	109	52
-0.460229993	0.0317169987	-1.04960001	150	109	52
-0.461809993	0.0316979997	-1.04900002	150	109	52
-0.463389993	0.0316790007	-1.04840004	150	109	52
-0.463389993	0.0306170005	-1.04840004	150	109	52
-0.464599997	0.0305720009	-1.04680002	150	109	52
-0.464599997	0.0295250006	-1.04690003	150	109	52
-0.466179997	0.029507	-1.04620004	150	109	52
-0.465799987	0.0305259991	-1.04530001	150	109	52
-0.465799987	0.0315839984	-1.04519999	150	109	52
-0.465420008	0.0326070003	-1.04429996	150	109	52
-0.463849992	0.0326270014	-1.04489994	150	109	52
-0.463470012	0.0336420015	-1.04400003	150	109	52
-0.462720007	0.0346040018	-1.04209995	150	109	52
-0.463090003	0.0356360003	-1.04299998	150	109	52
-0.463470012	0.0367109999	-1.04390001	150	109	52
-0.462269992	0.0367660001	-1.04540002	150	109	52
-0.461059988	0.0368210003	-1.04700005	150	109	52
-0.459109992	0.0368110016	-1.0467	150	109	52
-0.459479988	0.0379320011	-1.04760003	150	109	52
-0.458739996	0.0389299989	-1.04569995	150	109	52
-0.457159996	0.0389529988	-1.04630005	150	109	52
-0.455949992	0.0400590003	-1.04779994	150	109	52
-0.454369992	0.0400820002	-1.04849994	150	109	52
-0.452419996	0.0400709994	-1.04809999	150	109	52
-0.45205	0.0410679989	-1.04719996	150	109	52
-0.450470001	0.0410929993	-1.04779994	150	109	52
-0.450830013	0.0400939994	-1.04879999	150	109	52
-0.449250013	0.0390690006	-1.04939997	150	109	52
-0.449970007	0.0401890017	-1.05120003	150	109	52
-0.451559991	0.0391150005	-1.05069995	150	109	52
-0.453150004	0.0390920006	-1.04999995	150	109	52
-0.455469996	0.0391380005	-1.05130005	150	109	52
-0.456690013	0.0390800014	-1.04970002	150	109	52
-0.456690013	0.0411650017	-1.04960001	150	109	52
-0.457049996	0.0422249995	-1.05050004	150	109	52
-0.457419991	0.0433139987	-1.05139995	150	109	52
-0.458160013	0.044470001	-1.05320001	150	109	52
-0.459749997	0.0444439985	-1.05260003	150	109	52
-0.460119992	0.0434020013	-1.05359995	150	109	52
-0.459749997	0.0423119999	-1.05270004	150	109	52
-0.461710006	0.0444560014	-1.05289996	150	109	52
-0.456930012	0.0434539989	-1.05480003	150	109	52
-0.4551	0.0422130004	-1.05019999	150	109	52
-0.4551	0.0411899984	-1.0503	150	109	52
-0.458270013	0.0411409996	-1.04900002	150	109	52
-0.457899988	0.040070001	-1.04809999	150	109	52
-0.446940005	0.0390219986	-1.04820001	150	109	52
-0.443780005	0.0390679985	-1.04939997	150	109	52
-0.44095999	0.0401979983	-1.05149996	150	109	52
-0.438309997	0.0401140004	-1.04929996	150	109	52
-0.437959999	0.0390300006	-1.04840004	150	109	52
-0.437959999	0.0379620008	-1.04840004	150	109	52
-0.43761	0.0368399993	-1.04750001	150	109	52
-0.43603	0.0379500017	-1.04809999	150	109	52
-0.435680002	0.0389829986	-1.04709995	150	109	52
-0.43603	0.0400650017	-1.04799998	150	109	52
-0.434100002	0.0400520004	-1.04760003	150	109	52
-0.434450001	0.0390390009	-1.04859996	150	109	52
-0.433750004	0.0379029997	-1.04680002	150	109	52
-0.431820005	0.0378899984	-1.04639995	150	109	52
-0.429549992	0.0378439985	-1.04509997	150	109	52
-0.427969992	0.0378639996	-1.04569995	150	109	52
-0.424470007	0.0389380008	-1.04589999	150	109	52
-0.422560006	0.0389240012	-1.04550004	150	109	52
-0.421880007	0.0377909988	-1.04369998	150	109	52
-0.420300007	0.0388749987	-1.04419994	150	109	52
-0.418390006	0.038860999	-1.0438	150	109	52
-0.419629991	0.0377429985	-1.0424	150	109	52
-0.41771999	0.0377289988	-1.04200006	150	109	52
-0.416480005	0.0377830006	-1.04349995	150	109	52
-0.416150004	0.0388120003	-1.04250002	150	109	52
-0.41523999	0.0389019996	-1.04489994	150	109	52
-0.41523999	0.0378380008	-1.04499996	150	109	52
-0.41523999	0.0367520005	-1.04499996	150	109	52
-0.41365999	0.0367720015	-1.04560006	150	109	52
-0.41207999	0.0367910005	-1.04610002	150	109	52
-0.41207999	0.0357460007	-1.04620004	150	109	52
-0.410180002	0.0357320011	-1.04579997	150	109	52
-0.410180002	0.0367770009	-1.04569995	150	109	52
-0.411749989	0.038908001	-1.04509997	150	109	52
-0.413329989	0.038888	-1.04460001	150	109	52
-0.414319992	0.0379259996	-1.0474	150	109	52
-0.414649993	0.0358240008	-1.04840004	150	109	52
-0.416229993	0.0358050019	-1.04789996	150	109	52
-0.416229993	0.0337710008	-1.04799998	150	109	52
-0.415899992	0.0326929986	-1.04700005	150	109	52
-0.415899992	0.0316400006	-1.04709995	150	109	52
-0.414319992	0.0327109993	-1.04760003	150	109	52
-0.414649993	0.0337890014	-1.04849994	150	109	52
-0.412739992	0.0337760001	-1.04809999	150	109	52
-0.412409991	0.0326980017	-1.04719996	150	109	52
-0.410829991	0.0327159986	-1.04779994	150	109	52
-0.41049999	0.0337329991	-1.04680002	150	109	52
-0.40891999	0.0337509997	-1.04729998	150	109	52
-0.40891999	0.0327030011	-1.0474	150	109	52
-0.407660007	0.0327499993	-1.04879999	150	109	52
-0.407660007	0.0316939987	-1.04890001	150	109	52
-0.409570009	0.0317060016	-1.04929996	150	109	52
-0.410829991	0.0306000002	-1.04779994	150	109	52
-0.41049999	0.0295260008	-1.04690003	150	109	52
-0.40891999	0.0305889994	-1.0474	150	109	52
-0.407020003	0.0305770002	-1.04700005	150	109	52
-0.406690001	0.0295039993	-1.04610002	150	109	52
-0.408270001	0.0294889994	-1.04560006	150	109	52
-0.404790014	0.0294920001	-1.04569995	150	109	52
-0.405440003	0.0305930004	-1.04760003	150	109	52
-0.405440003	0.0316529982	-1.04750001	150	109	52
-0.406080008	0.0327670015	-1.04939997	150	109	52
-0.406080008	0.0338159986	-1.04939997	150	109	52
-0.40733999	0.0337679982	-1.04789996	150	109	52
-0.403230011	0.0328299999	-1.05139995	150	109	52
-0.401959985	0.0339290015	-1.05289996	150	109	52
-0.404190004	0.0339730009	-1.05420005	150	109	52
-0.405779988	0.0339550003	-1.05369997	150	109	52
-0.402590007	0.0317139998	-1.04949999	150	109	52
-0.402909994	0.0306790005	-1.05050004	150	109	52
-0.402590007	0.0296030007	-1.04960001	150	109	52
-0.413989991	0.0284889992	-1.04680002	150	109	52
-0.413399994	0.0275389999	-1.05019999	150	109	52
-0.412140012	0.0254820008	-1.0517	150	109	52
-0.412470013	0.0265510008	-1.05270004	150	109	52
-0.414059997	0.0254919995	-1.05209994	150	109	52
-0.414709985	0.0244980007	-1.05400002	150	109	52
-0.416310012	0.0244849995	-1.05350006	150	109	52
-0.416310012	0.0255239997	-1.05350006	150	109	52
-0.417899996	0.0255110003	-1.05289996	150	109	52
-0.419820011	0.0255200006	-1.05330002	150	109	52
-0.419820011	0.0244810004	-1.05330002	150	109	52
-0.41949001	0.0265420005	-1.05229998	150	109	52
-0.417899996	0.0276079997	-1.05289996	150	109	52
-0.417899996	0.0286539998	-1.05280006	150	109	52
-0.417560011	0.0296659991	-1.05190003	150	109	52
-0.41949001	0.0296769999	-1.05219996	150	109	52
-0.418819994	0.0285870004	-1.05040002	150	109	52
-0.418819994	0.0275439993	-1.05040002	150	109	52
-0.415969998	0.0275979992	-1.05250001	150	109	52
-0.415039986	0.0266079996	-1.05490005	150	109	52
-0.416970015	0.0266180001	-1.0553	150	109	52
-0.418559998	0.0266040005	-1.05480003	150	109	52
-0.418889999	0.0245379992	-1.05579996	150	109	52
-0.413120002	0.0245110001	-1.0546	150	109	52
-0.411199987	0.0245009996	-1.05420005	150	109	52
-0.418150008	0.0316799991	-1.04840004	150	109	52
-0.417820007	0.0327050015	-1.0474	150	109	52
-0.419730008	0.0316630006	-1.04779994	150	109	52
-0.420069993	0.0327470005	-1.04879999	150	109	52
-0.420399994	0.033826001	-1.04970002	150	109	52
-0.420069993	0.0348230004	-1.04869998	150	109	52
-0.420069993	0.0358310007	-1.04859996	150	109	52
-0.419149995	0.0359140001	-1.05110002	150	109	52
-0.417560011	0.0349229984	-1.0517	150	109	52
-0.415969998	0.0349420011	-1.05219996	150	109	52
-0.413399994	0.0348660015	-1.04999995	150	109	52
-0.41148001	0.0348530002	-1.04960001	150	109	52
-0.413399994	0.0380139984	-1.04990005	150	109	52
-0.412140012	0.0380680002	-1.05139995	150	109	52
-0.412140012	0.0317750014	-1.05159998	150	109	52
-0.418819994	0.0338440016	-1.05019999	150	109	52
-0.419820011	0.0349670015	-1.05299997	150	109	52
-0.420980006	0.036793001	-1.04620004	150	109	52
-0.419059992	0.0367790014	-1.04579997	150	109	52
-0.417149991	0.0367660001	-1.04540002	150	109	52
-0.420980006	0.0326699987	-1.04630005	150	109	52
-0.435330003	0.0367950015	-1.04620004	150	109	52
-0.435330003	0.0347450003	-1.04630005	150	109	52
-0.434980005	0.0336889997	-1.04540002	150	109	52
-0.433750004	0.0326909982	-1.04700005	150	109	52
-0.431820005	0.0326800011	-1.04659998	150	109	52
-0.431820005	0.0305669997	-1.0467	150	109	52
-0.436379999	0.0317040011	-1.04920006	150	109	52
-0.436729997	0.0327889994	-1.05009997	150	109	52
-0.43761	0.0327120014	-1.04770005	150	109	52
-0.43761	0.03376	-1.04760003	150	109	52
-0.437260002	0.0347560011	-1.0467	150	109	52
-0.438840002	0.0357410014	-1.046	150	109	52
-0.436199993	0.0356650017	-1.0438	150	109	52
-0.434280008	0.0356540009	-1.04349995	150	109	52
-0.44077	0.0326750018	-1.04649997	150	109	52
-0.44235	0.0326559991	-1.04589999	150	109	52
-0.439550012	0.0327229984	-1.04799998	150	109	52
-0.439550012	0.0316689983	-1.04799998	150	109	52
-0.43761	0.0316580012	-1.04770005	150	109	52
-0.438670009	0.0296289995	-1.05060005	150	109	52
-0.439020008	0.0307069998	-1.05149996	150	109	52
-0.437429994	0.0307240002	-1.05209994	150	109	52
-0.437079996	0.0296459999	-1.05120003	150	109	52
-0.436379999	0.0285580009	-1.04929996	150	109	52
-0.434450001	0.0285490006	-1.04900002	150	109	52
-0.434789985	0.0296100006	-1.04990005	150	109	52
-0.434450001	0.0254170001	-1.04900002	150	109	52
-0.432859987	0.0254309997	-1.04960001	150	109	52
-0.430590004	0.0253999997	-1.04830003	150	109	52
-0.43197	0.0244529992	-1.05209994	150	109	52
-0.43107	0.0234699994	-1.0546	150	109	52
-0.432999998	0.0234779995	-1.05499995	150	109	52
-0.434599996	0.0234650001	-1.05439997	150	109	52
-0.434599996	0.0245050006	-1.05429995	150	109	52
-0.436190009	0.0244910009	-1.05379999	150	109	52
-0.438829988	0.0245430004	-1.05599999	150	109	52
-0.437579989	0.0235350002	-1.0575	150	109	52
-0.439529985	0.023542	-1.05789995	150	109	52
-0.439020008	0.0234040003	-1.05159998	150	109	52
-0.436379999	0.0254250001	-1.04939997	150	109	52
-0.43761	0.0243549999	-1.04789996	150	109	52
-0.437260002	0.0253660008	-1.04690003	150	109	52
-0.438840002	0.0253509991	-1.04630005	150	109	52
-0.438840002	0.0243190005	-1.04639995	150	109	52
-0.43919	0.0233079996	-1.04729998	150	109	52
-0.44005999	0.0232529994	-1.04480004	150	109	52
-0.44005999	0.0242829993	-1.04480004	150	109	52
-0.441989988	0.0242909994	-1.04519999	150	109	52
-0.44235	0.0232810006	-1.04610002	150	109	52
-0.444640011	0.0243420005	-1.04729998	150	109	52
-0.445360005	0.0233510006	-1.04920006	150	109	52
-0.447310001	0.0233580004	-1.04960001	150	109	52
-0.449970007	0.0234060008	-1.0517	150	109	52
-0.451200008	0.0233720001	-1.05019999	150	109	52
-0.453150004	0.0233789999	-1.05050004	150	109	52
-0.4551	0.0233859997	-1.05079997	150	109	52
-0.457049996	0.0233919993	-1.05110002	150	109	52
-0.458640009	0.0233779997	-1.05050004	150	109	52
-0.459850013	0.0233440008	-1.04890001	150	109	52
-0.461059988	0.0233089998	-1.0474	150	109	52
-0.462269992	0.0232740007	-1.04579997	150	109	52
-0.461149991	0.0242410004	-1.04299998	150	109	52
-0.459569991	0.0242560003	-1.04359996	150	109	52
-0.458739996	0.0243139993	-1.04610002	150	109	52
-0.457899988	0.0243720002	-1.04859996	150	109	52
-0.458270013	0.0254280008	-1.04949999	150	109	52
-0.460229993	0.026478	-1.04980004	150	109	52
-0.460599989	0.0254580006	-1.05069995	150	109	52
-0.462179989	0.0254430007	-1.05009997	150	109	52
-0.462179989	0.0264849998	-1.05009997	150	109	52
-0.461809993	0.0275110006	-1.04910004	150	109	52
-0.463770002	0.0264689997	-1.04939997	150	109	52
-0.464139998	0.0275430009	-1.0503	150	109	52
-0.464139998	0.0254500005	-1.05040002	150	109	52
-0.464890003	0.0286359992	-1.05219996	150	109	52
-0.466930002	0.0285250004	-1.04809999	150	109	52
-0.461059988	0.0285020005	-1.04719996	150	109	52
-0.460689992	0.0295090005	-1.04630005	150	109	52
-0.461059988	0.0305819996	-1.04719996	150	109	52
-0.462639987	0.0295170005	-1.04659998	150	109	52
-0.464599997	0.0316310003	-1.04680002	150	109	52
-0.462639987	0.0326760001	-1.04649997	150	109	52
-0.462639987	0.0337219983	-1.04639995	150	109	52
-0.461059988	0.0326960012	-1.04709995	150	109	52
-0.459479988	0.0327150002	-1.04779994	150	109	52
-0.461809993	0.033803001	-1.04890001	150	109	52
-0.460599989	0.0338529982	-1.05050004	150	109	52
-0.458739996	0.0347290002	-1.04579997	150	109	52
-0.460319996	0.0347080007	-1.04519999	150	109	52
-0.461149991	0.0346250013	-1.04270005	150	109	52
-0.460399985	0.0355629995	-1.04079998	150	109	52
-0.458079994	0.0355210006	-1.03960001	150	109	52
-0.456140012	0.0355109982	-1.03929996	150	109	52
-0.453000009	0.0376739986	-1.04050004	150	109	52
-0.451799989	0.0377300009	-1.04200006	150	109	52
-0.452529997	0.0367139988	-1.04390001	150	109	52
-0.452529997	0.0356700011	-1.04400003	150	109	52
-0.450590014	0.0356599987	-1.04359996	150	109	52
-0.452899992	0.0336740017	-1.04499996	150	109	52
-0.451319993	0.0326480009	-1.04560006	150	109	52
-0.456050009	0.0377859995	-1.04359996	150	109	52
-0.45679	0.0367680006	-1.04550004	150	109	52
-0.455949992	0.0243650004	-1.04830003	150	109	52
-0.455579996	0.0253759995	-1.0474	150	109	52
-0.453999996	0.0253909994	-1.04799998	150	109	52
-0.453999996	0.0264320001	-1.04799998	150	109	52
-0.452780008	0.0264710002	-1.04949999	150	109	52
-0.452419996	0.0254059993	-1.04859996	150	109	52
-0.452419996	0.0243720002	-1.04859996	150	109	52
-0.454369992	0.0243790001	-1.04890001	150	109	52
-0.448890001	0.026455	-1.04890001	150	109	52
-0.449970007	0.0275769997	-1.05159998	150	109	52
-0.446220011	0.0263999999	-1.0467	150	109	52
-0.454369992	0.0285449997	-1.04879999	150	109	52
-0.453999996	0.0295540001	-1.04789996	150	109	52
-0.45679	0.0263769999	-1.04579997	150	109	52
-0.436910003	0.0284659993	-1.04589999	150	109	52
-0.440609992	0.0286020003	-1.05089998	150	109	52
-0.442550004	0.0275669992	-1.05130005	150	109	52
-0.444130003	0.0275519993	-1.05069995	150	109	52
-0.443260014	0.0286619999	-1.05309999	150	109	52
-0.443260014	0.0297010001	-1.05309999	150	109	52
-0.442900002	0.0307260007	-1.05209994	150	109	52
-0.44095999	0.0307170004	-1.05180001	150	109	52
-0.441309988	0.0296919998	-1.05280006	150	109	52
-0.441309988	0.0276079997	-1.05280006	150	109	52
-0.442189991	0.0317349993	-1.05019999	150	109	52
-0.443780005	0.0338229984	-1.04960001	150	109	52
-0.445719987	0.0358709991	-1.04980004	150	109	52
-0.437079996	0.0422330014	-1.05069995	150	109	52
-0.438129991	0.0413190015	-1.05359995	150	109	52
-0.42851001	0.0335940011	-1.04250002	150	109	52
-0.421310008	0.0243449993	-1.04750001	150	109	52
-0.419730008	0.0243580006	-1.04799998	150	109	52
-0.423229992	0.0243539996	-1.04779994	150	109	52
-0.407990009	0.0264829993	-1.04999995	150	109	52
-0.407660007	0.0254170001	-1.04900002	150	109	52
-0.405070007	0.0366160013	-1.04110003	150	109	52
-0.402859986	0.0365680009	-1.03980005	150	109	52
-0.401289999	0.0365869999	-1.04030001	150	109	52
-0.388359994	0.037974	-1.04879999	150	109	52
-0.38677001	0.037992999	-1.04929996	150	109	52
-0.387080014	0.036936	-1.0503	150	109	52
-0.384880006	0.0368870012	-1.04890001	150	109	52
-0.384579986	0.0379419997	-1.04789996	150	109	52
-0.382400006	0.0368040018	-1.04649997	150	109	52
-0.380519986	0.0367880017	-1.046	150	109	52
-0.381709993	0.034864001	-1.04990005	150	109	52
-0.383599997	0.0348800011	-1.05040002	150	109	52
-0.38519001	0.0348629989	-1.04990005	150	109	52
-0.38646999	0.0348149985	-1.04840004	150	109	52
-0.393070012	0.032869	-1.05270004	150	109	52
-0.391479999	0.0328850001	-1.05320001	150	109	52
-0.387679994	0.0444130003	-1.05190003	150	109	52
-0.382910013	0.0444759987	-1.05340004	150	109	52
-0.384110004	0.0457150005	-1.05710006	150	109	52
-0.385710001	0.0456929989	-1.05659997	150	109	52
-0.441670001	0.0444680005	-1.05320001	150	109	52
-0.447149992	0.0423370004	-1.05330002	150	109	52
-0.446799994	0.0433520004	-1.05229998	150	109	52
-0.449110001	0.0434029996	-1.05359995	150	109	52
-0.451059997	0.0434160009	-1.0539	150	109	52
-0.448229998	0.0445879996	-1.05599999	150	109	52
-0.448229998	0.0456640013	-1.05599999	150	109	52
-0.447869986	0.0413840003	-1.05519998	150	109	52
-0.445030004	0.043556001	-1.05729997	150	109	52
-0.443430007	0.0435799994	-1.05789995	150	109	52
-0.442189991	0.0436439998	-1.05939996	150	109	52
-0.460000008	0.0457439981	-1.05780005	150	109	52
-0.457529992	0.048041001	-1.06089997	150	109	52
-0.45826	0.0492289998	-1.06270003	150	109	52
-0.457890004	0.0502719991	-1.06169999	150	109	52
-0.458620012	0.0514370017	-1.06350005	150	109	52
-0.457010001	0.0514670014	-1.06410003	150	109	52
-0.460599989	0.0503740013	-1.06379998	150	109	52
-0.461329997	0.0515410006	-1.06560004	150	109	52
-0.463310003	0.0515550002	-1.06589997	150	109	52
-0.463679999	0.0505199991	-1.06690001	150	109	52
-0.461329997	0.0493719988	-1.06579995	150	109	52
-0.464929998	0.0482500009	-1.06550002	150	109	52
-0.46728	0.0494120009	-1.06659997	150	109	52
-0.467649996	0.050547	-1.0675	150	109	52
-0.469639987	0.0505600013	-1.06780005	150	109	52
-0.470889986	0.0504859984	-1.06620002	150	109	52
-0.472880006	0.0515780002	-1.06640005	150	109	52
-0.475250006	0.0516359992	-1.06760001	150	109	52
-0.476859987	0.051603999	-1.06690001	150	109	52
-0.478100002	0.0504480004	-1.0654	150	109	52
-0.47924	0.0516609997	-1.06809998	150	109	52
-0.481240004	0.0516729988	-1.06840003	150	109	52
-0.480859995	0.0505479984	-1.0675	150	109	52
-0.482859999	0.0505600013	-1.06780005	150	109	52
-0.482859999	0.0494679995	-1.06780005	150	109	52
-0.481629997	0.0495419987	-1.06939995	150	109	52
-0.47962001	0.0495299995	-1.06920004	150	109	52
-0.478379995	0.052827999	-1.07060003	150	109	52
-0.47676	0.0528599992	-1.07130003	150	109	52
-0.475129992	0.0528930016	-1.07190001	150	109	52
-0.473509997	0.0529260002	-1.07260001	150	109	52
-0.471509993	0.0529120006	-1.07229996	150	109	52
-0.471509993	0.0518650003	-1.07239997	150	109	52
-0.469880015	0.0529440008	-1.07299995	150	109	52
-0.468250006	0.0519279987	-1.07369995	150	109	52
-0.469139993	0.0518070012	-1.0711	150	109	52
-0.467150003	0.0507090017	-1.07089996	150	109	52
-0.467150003	0.0496140011	-1.07099998	150	109	52
-0.465149999	0.0496009998	-1.07070005	150	109	52
-0.465149999	0.0528250001	-1.07050002	150	109	52
-0.466780007	0.0527929999	-1.06990004	150	109	52
-0.463530004	0.0528559983	-1.07120001	150	109	52
-0.461910009	0.0528879985	-1.07179999	150	109	52
-0.459549993	0.0528270006	-1.07060003	150	109	52
-0.458290011	0.0529039986	-1.07210004	150	109	52
-0.456310004	0.0528890006	-1.07179999	150	109	52
-0.472380012	0.0517439991	-1.06980002	150	109	52
-0.484860003	0.0505720004	-1.06799996	150	109	52
-0.487260014	0.051709	-1.06910002	150	109	52
-0.488099992	0.0515870005	-1.06659997	150	109	52
-0.488099992	0.0526279993	-1.06659997	150	109	52
-0.48932001	0.0525490008	-1.06490004	150	109	52
-0.48932001	0.0515099987	-1.06500006	150	109	52
-0.490539998	0.0514319986	-1.06340003	150	109	52
-0.491329998	0.050441999	-1.06529999	150	109	52
-0.489710003	0.049385	-1.06599998	150	109	52
-0.490539998	0.0481630005	-1.06350005	150	109	52
-0.491360009	0.0469609983	-1.06110001	150	109	52
-0.493369997	0.0469710007	-1.06130004	150	109	52
-0.493369997	0.0458960012	-1.06130004	150	109	52
-0.495370001	0.0469809994	-1.06149995	150	109	52
-0.497370005	0.0459159985	-1.0618	150	109	52
-0.497770011	0.0470310003	-1.06270003	150	109	52
-0.498169988	0.0481619984	-1.06350005	150	109	52
-0.496560007	0.0481939986	-1.06420004	150	109	52
-0.494949996	0.0482259989	-1.06490004	150	109	52
-0.493330002	0.0482570007	-1.06560004	150	109	52
-0.493730009	0.0504969992	-1.06640005	150	109	52
-0.493730009	0.0515770018	-1.06640005	150	109	52
-0.49612999	0.0494589992	-1.06760001	150	109	52
-0.494910002	0.0495340005	-1.06920004	150	109	52
-0.493290007	0.0495660007	-1.06990004	150	109	52
-0.494069993	0.0528779998	-1.07159996	150	109	52
-0.496089995	0.0528890006	-1.07179999	150	109	52
-0.498510003	0.0529449992	-1.07299995	150	109	52
-0.498510003	0.0518979989	-1.07299995	150	109	52
-0.500129998	0.0518639982	-1.07229996	150	109	52
-0.499740005	0.0528660007	-1.07140005	150	109	52
-0.501760006	0.0528759994	-1.07159996	150	109	52
-0.501760006	0.0518300012	-1.07159996	150	109	52
-0.502979994	0.0527959988	-1.06990004	150	109	52
-0.504599988	0.0527609996	-1.06920004	150	109	52
-0.505819976	0.052680999	-1.06760001	150	109	52
-0.507839978	0.0526910014	-1.06780005	150	109	52
-0.507839978	0.0516479984	-1.06789994	150	109	52
-0.507839978	0.0505670011	-1.06789994	150	109	52
-0.509459972	0.0516140014	-1.06710005	150	109	52
-0.509869993	0.0527000017	-1.06799996	150	109	52
-0.510670006	0.0504559986	-1.06560004	150	109	52
-0.508650005	0.0504469983	-1.0654	150	109	52
-0.508239985	0.0493150018	-1.06449997	150	109	52
-0.509029984	0.0491969995	-1.06200004	150	109	52
-0.508629978	0.0480530001	-1.06110001	150	109	52
-0.507809997	0.0468840003	-1.05929995	150	109	52
-0.507399976	0.0457720011	-1.05850005	150	109	52
-0.507399976	0.0446930006	-1.05850005	150	109	52
-0.505800009	0.046875	-1.05910003	150	109	52
-0.505389988	0.0479199998	-1.0582	150	109	52
-0.503390014	0.0479109995	-1.05799997	150	109	52
-0.503790021	0.0468659997	-1.0589	150	109	52
-0.503390014	0.0457540005	-1.05809999	150	109	52
-0.504989982	0.0457240008	-1.05739999	150	109	52
-0.504580021	0.0446080007	-1.05649996	150	109	52
-0.504989982	0.0435619988	-1.05739999	150	109	52
-0.505360007	0.0434199981	-1.05400002	150	109	52
-0.502170026	0.0434780009	-1.05540001	150	109	52
-0.50098002	0.0435450003	-1.05700004	150	109	52
-0.500569999	0.0456660017	-1.05599999	150	109	52
-0.499379992	0.0457359999	-1.05760002	150	109	52
-0.497379988	0.0457269996	-1.05739999	150	109	52
-0.495380014	0.0446400009	-1.05729997	150	109	52
-0.494179994	0.0447079986	-1.0589	150	109	52
-0.49217999	0.0446989983	-1.05859995	150	109	52
-0.490179986	0.0446889997	-1.05840003	150	109	52
-0.489789993	0.0457280017	-1.05739999	150	109	52
-0.501779974	0.0468569994	-1.05869997	150	109	52
-0.502189994	0.0479840003	-1.0596	150	109	52
-0.500580013	0.0480160005	-1.06029999	150	109	52
-0.500580013	0.0469290018	-1.06029999	150	109	52
-0.499379992	0.0469999984	-1.06200004	150	109	52
-0.500580013	0.0482139997	-1.06470001	150	109	52
-0.50098002	0.0493620001	-1.06550002	150	109	52
-0.50098002	0.0504509993	-1.06550002	150	109	52
-0.50098002	0.0515299998	-1.0654	150	109	52
-0.503000021	0.0515399985	-1.06560004	150	109	52
-0.502590001	0.0504180007	-1.06480002	150	109	52
-0.502189994	0.0492860004	-1.06389999	150	109	52
-0.504209995	0.0492959991	-1.06410003	150	109	52
-0.504610002	0.0504279993	-1.06500006	150	109	52
-0.504610002	0.0515060015	-1.06490004	150	109	52
-0.505819976	0.0492630005	-1.06340003	150	109	52
-0.499370009	0.0493940003	-1.06620002	150	109	52
-0.499370009	0.050485	-1.06620002	150	109	52
-0.498149991	0.0505609997	-1.06780005	150	109	52
-0.496930003	0.0506380014	-1.06939995	150	109	52
-0.497350007	0.0493840016	-1.06599998	150	109	52
-0.496160001	0.0459849983	-1.06340003	150	109	52
-0.501359999	0.0444829985	-1.05350006	150	109	52
-0.499359995	0.0444750004	-1.05330002	150	109	52
-0.512709975	0.0517549999	-1.07009995	150	109	52
-0.513930023	0.0529350005	-1.07280004	150	109	52
-0.486930013	0.0470919982	-1.06400001	150	109	52
-0.48653999	0.0503330007	-1.06299996	150	109	52
-0.487760007	0.0502570011	-1.06140006	150	109	52
-0.485320002	0.0504090004	-1.06459999	150	109	52
-0.486409992	0.0518309996	-1.07159996	150	109	52
-0.484400004	0.0518190004	-1.07140005	150	109	52
-0.483539999	0.0529900007	-1.07389998	150	109	52
-0.48190999	0.0530229993	-1.07449996	150	109	52
-0.486319989	0.0530930012	-1.07599998	150	109	52
-0.48833999	0.0531050004	-1.07620001	150	109	52
-0.489969999	0.0530709997	-1.07550001	150	109	52
-0.466479987	0.042245999	-1.05110002	150	109	52
-0.466100007	0.0411860012	-1.05019999	150	109	52
-0.466479987	0.0401850007	-1.05110002	150	109	52
-0.46807	0.0401609987	-1.05050004	150	109	52
-0.46807	0.0411969982	-1.05050004	150	109	52
-0.465270013	0.0412839986	-1.05270004	150	109	52
-0.465270013	0.0402450003	-1.05270004	150	109	52
-0.479149997	0.0263909996	-1.04630005	150	109	52
-0.480340004	0.0242829993	-1.04480004	150	109	52
-0.482300013	0.0253190007	-1.04499996	150	109	52
-0.479550004	0.0232110005	-1.04299998	150	109	52
-0.477589995	0.0242340006	-1.04270005	150	109	52
-0.476020008	0.0242490005	-1.04340005	150	109	52
-0.475219995	0.0243079998	-1.04589999	150	109	52
-0.475219995	0.0253389999	-1.04579997	150	109	52
-0.474440008	0.0346589983	-1.04369998	150	109	52
-0.481519997	0.0294179991	-1.0431	150	109	52
-0.46807	0.0244270004	-1.051	150	109	52
-0.46807	0.0233900007	-1.051	150	109	52
-0.47003001	0.0233960003	-1.05130005	150	109	52
-0.47003001	0.024433	-1.05130005	150	109	52
-0.472000003	0.0244389996	-1.05149996	150	109	52
-0.471619993	0.0233810004	-1.05060005	150	109	52
-0.472820014	0.0233459994	-1.04900002	150	109	52
-0.473589987	0.0244239997	-1.05089998	150	109	52
-0.474739999	0.0224099997	-1.05369997	150	109	52
-0.476709992	0.0224149991	-1.05400002	150	109	52
-0.473910004	0.0224629994	-1.05620003	150	109	52
-0.480320007	0.0400899984	-1.04869998	150	109	52
-0.482679993	0.0401349999	-1.04980004	150	109	52
-0.483069986	0.0412070006	-1.05069995	150	109	52
-0.481869996	0.041269999	-1.05229998	150	109	52
-0.480670005	0.0423579998	-1.0539	150	109	52
-0.480670005	0.0434119999	-1.05379999	150	109	52
-0.481059998	0.0413680002	-1.05480003	150	109	52
-0.479460001	0.0445600003	-1.05540001	150	109	52
-0.482219994	0.0446479991	-1.05739999	150	109	52
-0.482989997	0.0458049998	-1.05920005	150	109	52
-0.481779993	0.0458739996	-1.06079996	150	109	52
-0.480170012	0.045903001	-1.06149995	150	109	52
-0.479790002	0.046937	-1.06050003	150	109	52
-0.477420002	0.0468849987	-1.05939996	150	109	52
-0.47665	0.0457330011	-1.05760002	150	109	52
-0.479510009	0.0401859991	-1.05120003	150	109	52
-0.485049993	0.0412169993	-1.051	150	109	52
-0.484259993	0.0390609987	-1.04920006	150	109	52
-0.484259993	0.0379920006	-1.04920006	150	109	52
-0.48624	0.039069999	-1.04939997	150	109	52
-0.487029999	0.0380670018	-1.05130005	150	109	52
-0.488620013	0.0380420014	-1.05060005	150	109	52
-0.488220006	0.0389170013	-1.04530001	150	109	52
-0.491400003	0.0433580019	-1.05250001	150	109	52
-0.503260016	0.0315920003	-1.04550004	150	109	52
-0.503669977	0.0305599999	-1.04639995	150	109	52
-0.503669977	0.0295139998	-1.04649997	150	109	52
-0.503669977	0.0284819994	-1.04649997	150	109	52
-0.501680017	0.0284759998	-1.04630005	150	109	52
-0.50128001	0.0294829998	-1.04530001	150	109	52
-0.50128001	0.0305269994	-1.04530001	150	109	52
-0.501680017	0.0316129997	-1.04620004	150	109	52
-0.49970001	0.0316069983	-1.046	150	109	52
-0.49812001	0.0316280015	-1.0467	150	109	52
-0.498519987	0.0337570012	-1.04750001	150	109	52
-0.496939987	0.0337800011	-1.04820001	150	109	52
-0.500100017	0.0337349996	-1.04680002	150	109	52
-0.491769999	0.0294780005	-1.04519999	150	109	52
-0.489800006	0.0284400005	-1.04499996	150	109	52
-0.488999993	0.0273550004	-1.04320002	150	109	52
-0.488599986	0.0262889992	-1.04229999	150	109	52
-0.490170002	0.0262720007	-1.04159999	150	109	52
-0.490170002	0.0273129996	-1.04159999	150	109	52
-0.490570009	0.0283720009	-1.04250002	150	109	52
-0.491739988	0.0283279996	-1.04089999	150	109	52
-0.491739988	0.0272950009	-1.04089999	150	109	52
-0.493310004	0.027276	-1.0402	150	109	52
-0.492540002	0.0263	-1.04270005	150	109	52
-0.492949992	0.0252870005	-1.04369998	150	109	52
-0.492139995	0.0293809995	-1.04170001	150	109	52
-0.488220006	0.0305359997	-1.04560006	150	109	52
-0.489410013	0.027493	-1.04840004	150	109	52
-0.487830013	0.0264619999	-1.04910004	150	109	52
-0.487029999	0.0275769997	-1.05159998	150	109	52
-0.487819999	0.0265720002	-1.05350006	150	109	52
-0.486229986	0.0265890006	-1.05420005	150	109	52
-0.489410013	0.0276069995	-1.05280006	150	109	52
-0.49138999	0.0295749996	-1.04859996	150	109	52
-0.490590006	0.0243319999	-1.04690003	150	109	52
-0.492570013	0.0233040005	-1.04719996	150	109	52
-0.500509977	0.0222900007	-1.04809999	150	109	52
