0.705370009	-0.0707179978	-1.41949999	41	16	204
0.702610016	-0.0692889988	-1.42009997	41	16	204
0.699429989	-0.0675520003	-1.41509998	41	16	204
0.701120019	-0.0674450025	-1.41289997	41	16	204
0.701650023	-0.0689729974	-1.41359997	41	16	204
0.702809989	-0.0688230023	-1.41059995	41	16	204
0.70502001	-0.0687550008	-1.40919995	41	16	204
0.70502001	-0.067272	-1.40919995	41	16	204
0.706700027	-0.0644849986	-1.40709996	41	16	204
0.709450006	-0.0644600019	-1.40649998	41	16	204
0.71272999	-0.0644719973	-1.40680003	41	16	204
0.713270009	-0.0658160001	-1.40760005	41	16	204
0.711059988	-0.0658819973	-1.40900004	41	16	204
0.710520029	-0.0672179982	-1.40810001	41	16	204
0.709990025	-0.0686590001	-1.40719998	41	16	204
0.711660028	-0.0685489997	-1.40489995	41	16	204
0.711660028	-0.0670709983	-1.40499997	41	16	204
0.712779999	-0.0655530021	-1.40199995	41	16	204
0.713320017	-0.0642919987	-1.40289998	41	16	204
0.713320017	-0.0629409999	-1.40289998	41	16	204
0.716069996	-0.0629149973	-1.40240002	41	16	204
0.714980006	-0.0641890019	-1.40059996	41	16	204
0.714980006	-0.0668559968	-1.40050006	41	16	204
0.714980006	-0.068328999	-1.40040004	41	16	204
0.712779999	-0.0683979988	-1.40190005	41	16	204
0.711160004	-0.0697109997	-1.39929998	41	16	204
0.707889974	-0.0696970001	-1.39900005	41	16	204
0.70460999	-0.0696830004	-1.3987	41	16	204
0.703490019	-0.0698359981	-1.40180004	41	16	204
0.702889979	-0.0700320005	-1.40569997	41	16	204
0.705089986	-0.0670439973	-1.40450001	41	16	204
0.705089986	-0.0656720027	-1.40450001	41	16	204
0.706759989	-0.0629160032	-1.40240002	41	16	204
0.708959997	-0.0628530011	-1.40100002	41	16	204
0.711160004	-0.0613909997	-1.39960003	41	16	204
0.710080028	-0.0598540008	-1.398	41	16	204
0.709540009	-0.058290001	-1.3973	41	16	204
0.707350016	-0.058348	-1.3987	41	16	204
0.707889974	-0.0599140003	-1.3994	41	16	204
0.707350016	-0.061342001	-1.39849997	41	16	204
0.70460999	-0.0599020012	-1.39919996	41	16	204
0.704079986	-0.0613289997	-1.39820004	41	16	204
0.701879978	-0.0599259995	-1.39970005	41	16	204
0.700810015	-0.0613159984	-1.398	41	16	204
0.698610008	-0.0599129982	-1.3994	41	16	204
0.699679971	-0.0584530011	-1.40120006	41	16	204
0.700219989	-0.0570450015	-1.40209997	41	16	204
0.699150026	-0.055594001	-1.40040004	41	16	204
0.702419996	-0.0556060001	-1.40069997	41	16	204
0.705150008	-0.0555839986	-1.40020001	41	16	204
0.707889974	-0.0555620007	-1.39960003	41	16	204
0.709500015	-0.0570459999	-1.40209997	41	16	204
0.707300007	-0.0571030006	-1.40349996	41	16	204
0.706219971	-0.0584769994	-1.40170002	41	16	204
0.703490019	-0.0584999993	-1.4023	41	16	204
0.704020023	-0.0570910014	-1.40320003	41	16	204
0.704020023	-0.0543520004	-1.40330005	41	16	204
0.704020023	-0.0530159995	-1.40339994	41	16	204
0.705690026	-0.0529309995	-1.40110004	41	16	204
0.707889974	-0.0514659993	-1.39979994	41	16	204
0.708419979	-0.0485670008	-1.40069997	41	16	204
0.708419979	-0.0471669994	-1.40079999	41	16	204
0.706219971	-0.0472140014	-1.40219998	41	16	204
0.706759989	-0.0486450009	-1.403	41	16	204
0.706759989	-0.0444089994	-1.40310001	41	16	204
0.704559982	-0.0430519991	-1.40450001	41	16	204
0.704020023	-0.0416410007	-1.40369999	41	16	204
0.701820016	-0.0416820012	-1.40509999	41	16	204
0.701820016	-0.0389100015	-1.4052	41	16	204
0.704020023	-0.0388710015	-1.40380001	41	16	204
0.706759989	-0.0388559997	-1.40330005	41	16	204
0.710039973	-0.0388629995	-1.40359998	41	16	204
0.710039973	-0.0402479991	-1.40349996	41	16	204
0.70836997	-0.0403119996	-1.40579998	41	16	204
0.706170022	-0.0403530002	-1.40719998	41	16	204
0.703419983	-0.0403690003	-1.40769994	41	16	204
0.701210022	-0.0404089987	-1.40910006	41	16	204
0.700139999	-0.0417490005	-1.40740001	41	16	204
0.697929978	-0.0417900011	-1.40880001	41	16	204
0.697929978	-0.04318	-1.40869999	41	16	204
0.694660008	-0.0417810008	-1.40849996	41	16	204
0.693599999	-0.0431189984	-1.40670002	41	16	204
0.691919982	-0.0431869999	-1.40890002	41	16	204
0.690859973	-0.0417460017	-1.4073	41	16	204
0.690330029	-0.038945999	-1.40649998	41	16	204
0.690859973	-0.0375589989	-1.40740001	41	16	204
0.693069994	-0.0375219993	-1.40600002	41	16	204
0.693599999	-0.0361200012	-1.40690005	41	16	204
0.692009985	-0.038883999	-1.40429997	41	16	204
0.694209993	-0.038846001	-1.40289998	41	16	204
0.693679988	-0.0374169983	-1.40209997	41	16	204
0.69641	-0.0374029987	-1.4016	41	16	204
0.699679971	-0.0374110006	-1.40190005	41	16	204
0.702419996	-0.0373970009	-1.40129995	41	16	204
0.70460999	-0.0373589993	-1.39989996	41	16	204
0.706809998	-0.0373219997	-1.39849997	41	16	204
0.708999991	-0.0372850001	-1.39709997	41	16	204
0.710110009	-0.0372020006	-1.39400005	41	16	204
0.713379979	-0.0372090004	-1.39429998	41	16	204
0.716650009	-0.0386140011	-1.39450002	41	16	204
0.716639996	-0.0387459993	-1.39929998	41	16	204
0.71390003	-0.0359419994	-1.39999998	41	16	204
0.713360012	-0.0331740007	-1.39919996	41	16	204
0.714980006	-0.0318359993	-1.40170002	41	16	204
0.713320017	-0.0332869999	-1.40400004	41	16	204
0.714399993	-0.0346960016	-1.40559995	41	16	204
0.714399993	-0.0319259986	-1.40569997	41	16	204
0.71548003	-0.0305390004	-1.40740001	41	16	204
0.714399993	-0.0290460009	-1.40569997	41	16	204
0.712199986	-0.0290750004	-1.40719998	41	16	204
0.71272999	-0.0305519998	-1.40799999	41	16	204
0.713270009	-0.0319960006	-1.40880001	41	16	204
0.711600006	-0.0320479982	-1.41100001	41	16	204
0.708310008	-0.0306129996	-1.41079998	41	16	204
0.70776999	-0.0320219994	-1.40989995	41	16	204
0.706089973	-0.0320729986	-1.41219997	41	16	204
0.706089973	-0.0291789994	-1.41219997	41	16	204
0.703869998	-0.0292080007	-1.41359997	41	16	204
0.703339994	-0.0306550004	-1.41270006	41	16	204
0.702180028	-0.0307219997	-1.41579998	41	16	204
0.702180028	-0.0292550009	-1.41589999	41	16	204
0.69836998	-0.0292310007	-1.41470003	41	16	204
0.69836998	-0.0306969993	-1.41470003	41	16	204
0.6972	-0.0307640005	-1.41779995	41	16	204
0.6972	-0.0292949993	-1.41779995	41	16	204
0.694450021	-0.0278130006	-1.41840005	41	16	204
0.693920016	-0.0307570007	-1.4174	41	16	204
0.692340016	-0.0292349998	-1.41489995	41	16	204
0.692340016	-0.0263810009	-1.41499996	41	16	204
0.695089996	-0.0277360007	-1.41439998	41	16	204
0.69562	-0.0250749998	-1.41530001	41	16	204
0.69562	-0.0223719999	-1.41540003	41	16	204
0.693920016	-0.0224079993	-1.41760004	41	16	204
0.693390012	-0.0208069999	-1.41680002	41	16	204
0.691690028	-0.0208400004	-1.41900003	41	16	204
0.691690028	-0.0181469992	-1.41900003	41	16	204
0.692870021	-0.0181070007	-1.41600001	41	16	204
0.695089996	-0.0180900004	-1.41460001	41	16	204
0.6972	-0.0166340005	-1.41799998	41	16	204
0.699429989	-0.0166180003	-1.41659999	41	16	204
0.700489998	-0.0181370005	-1.41830003	41	16	204
0.697730005	-0.0194000006	-1.4188	41	16	204
0.697730005	-0.0208369996	-1.4188	41	16	204
0.699429989	-0.0208039992	-1.41659999	41	16	204
0.70006001	-0.0236319993	-1.41260004	41	16	204
0.699000001	-0.0223019999	-1.4109	41	16	204
0.696780026	-0.0223239996	-1.41229999	41	16	204
0.695720017	-0.0249899998	-1.41059995	41	16	204
0.696250021	-0.0263129994	-1.41139996	41	16	204
0.695720017	-0.0276590008	-1.41050005	41	16	204
0.698459983	-0.027648	-1.40999997	41	16	204
0.697929978	-0.0262720007	-1.40910006	41	16	204
0.697929978	-0.0249649994	-1.40919995	41	16	204
0.694660008	-0.0235699993	-1.40890002	41	16	204
0.692979991	-0.0236079991	-1.41110003	41	16	204
0.693499982	-0.026323	-1.41190004	41	16	204
0.693499982	-0.0320650004	-1.41180003	41	16	204
0.691290021	-0.0335050002	-1.4131	41	16	204
0.690230012	-0.0320569985	-1.41149998	41	16	204
0.689069986	-0.0321270004	-1.4145	41	16	204
0.686320007	-0.0335500017	-1.41499996	41	16	204
0.686839998	-0.0349479988	-1.41579998	41	16	204
0.686839998	-0.0363489985	-1.41579998	41	16	204
0.686839998	-0.0377819985	-1.41579998	41	16	204
0.685800016	-0.0391540006	-1.41400003	41	16	204
0.685270011	-0.0405239984	-1.4131	41	16	204
0.684220016	-0.0418680012	-1.41139996	41	16	204
0.686439991	-0.0418270007	-1.40999997	41	16	204
0.685909986	-0.0445979983	-1.40910006	41	16	204
0.685909986	-0.0460250005	-1.40910006	41	16	204
0.684220016	-0.0460969992	-1.41129994	41	16	204
0.684750021	-0.0475479998	-1.41209996	41	16	204
0.682529986	-0.0490060002	-1.41340005	41	16	204
0.683049977	-0.0504870005	-1.41419995	41	16	204
0.683049977	-0.0519939996	-1.41410005	41	16	204
0.684099972	-0.0534849986	-1.41579998	41	16	204
0.683570027	-0.0547990017	-1.41489995	41	16	204
0.682529986	-0.0560979992	-1.4131	41	16	204
0.682009995	-0.0574579984	-1.41219997	41	16	204
0.683700025	-0.0573679991	-1.40999997	41	16	204
0.685909986	-0.0573120005	-1.40859997	41	16	204
0.689180017	-0.0573260002	-1.40900004	41	16	204
0.690230012	-0.0560030006	-1.41069996	41	16	204
0.692449987	-0.0559480004	-1.40929997	41	16	204
0.694130003	-0.0558600016	-1.40709996	41	16	204
0.694130003	-0.0545010008	-1.40719998	41	16	204
0.693599999	-0.0517110005	-1.40639997	41	16	204
0.69253999	-0.0530660003	-1.40470004	41	16	204
0.689809978	-0.0530849993	-1.4052	41	16	204
0.688750029	-0.0543569997	-1.40349996	41	16	204
0.687600017	-0.0544760004	-1.40649998	41	16	204
0.687600017	-0.0531370007	-1.4066	41	16	204
0.684859991	-0.0531570017	-1.40709996	41	16	204
0.684859991	-0.0517369993	-1.40719998	41	16	204
0.684859991	-0.0487940013	-1.4073	41	16	204
0.68265003	-0.0488409996	-1.40859997	41	16	204
0.68147999	-0.0475360006	-1.41170001	41	16	204
0.680440009	-0.0460579991	-1.41009998	41	16	204
0.68265003	-0.0431829989	-1.40880001	41	16	204
0.684859991	-0.043141	-1.40740001	41	16	204
0.687070012	-0.0417109989	-1.40610003	41	16	204
0.686020017	-0.0430469997	-1.40439999	41	16	204
0.686540008	-0.0458969995	-1.40509999	41	16	204
0.689279974	-0.045880001	-1.40460002	41	16	204
0.688750029	-0.047265999	-1.40369999	41	16	204
0.689809978	-0.0487280004	-1.40540004	41	16	204
0.688650012	-0.0474269986	-1.40849996	41	16	204
0.688130021	-0.044555001	-1.40769994	41	16	204
0.688019991	-0.0475590006	-1.41240001	41	16	204
0.689069986	-0.0504800007	-1.41400003	41	16	204
0.687370002	-0.0520690009	-1.41620004	41	16	204
0.686320007	-0.053433001	-1.41439998	41	16	204
0.684750021	-0.0546809994	-1.41180003	41	16	204
0.685270011	-0.0560780019	-1.41260004	41	16	204
0.685270011	-0.0589249991	-1.41250002	41	16	204
0.687489986	-0.0588679984	-1.41110003	41	16	204
0.690230012	-0.058846999	-1.41059995	41	16	204
0.690760016	-0.0604260005	-1.41139996	41	16	204
0.691810012	-0.061976999	-1.41299999	41	16	204
0.690760016	-0.0633139983	-1.41129994	41	16	204
0.688019991	-0.0633369982	-1.41180003	41	16	204
0.689069986	-0.061999999	-1.41349995	41	16	204
0.690119982	-0.0605939999	-1.41530001	41	16	204
0.688939989	-0.0607249998	-1.41840005	41	16	204
0.68945998	-0.0622470006	-1.41919994	41	16	204
0.688279986	-0.0623820014	-1.42219996	41	16	204
0.689840019	-0.0639180019	-1.42470002	41	16	204
0.688120008	-0.0625910014	-1.42700005	41	16	204
0.693130016	-0.065305002	-1.42499995	41	16	204
0.693799973	-0.0651250035	-1.42110002	41	16	204
0.694980025	-0.0662989989	-1.41789997	41	16	204
0.694450021	-0.0649449974	-1.41709995	41	16	204
0.693499982	-0.0659570023	-1.41059995	41	16	204
0.692449987	-0.0645710006	-1.40900004	41	16	204
0.691919982	-0.0631759986	-1.40820003	41	16	204
0.690859973	-0.0616939999	-1.4066	41	16	204
0.690859973	-0.0602219999	-1.4066	41	16	204
0.693069994	-0.0616329983	-1.4052	41	16	204
0.693069994	-0.063037999	-1.40509999	41	16	204
0.694130003	-0.0644690022	-1.40680003	41	16	204
0.694660008	-0.0658129975	-1.40750003	41	16	204
0.695280015	-0.0656299964	-1.40359998	41	16	204
0.695280015	-0.0629760027	-1.40369999	41	16	204
0.694750011	-0.0615359992	-1.403	41	16	204
0.694750011	-0.0600670017	-1.403	41	16	204
0.696950018	-0.0600080006	-1.4016	41	16	204
0.696950018	-0.0614750013	-1.4016	41	16	204
0.697480023	-0.0585110001	-1.40250003	41	16	204
0.698549986	-0.0557500012	-1.40439999	41	16	204
0.69581002	-0.0557719991	-1.40489995	41	16	204
0.695280015	-0.0543820001	-1.40409994	41	16	204
0.69581002	-0.0530770011	-1.40499997	41	16	204
0.697399974	-0.0517529994	-1.40760005	41	16	204
0.700139999	-0.0517329983	-1.40699995	41	16	204
0.700139999	-0.0531530008	-1.40699995	41	16	204
0.700139999	-0.0544920005	-1.40690005	41	16	204
0.700139999	-0.0572389998	-1.40680003	41	16	204
0.698459983	-0.0587799996	-1.40900004	41	16	204
0.696250021	-0.0588379987	-1.41040003	41	16	204
0.695720017	-0.0603439994	-1.4095	41	16	204
0.697309971	-0.0574549995	-1.41219997	41	16	204
0.69562	-0.0575460009	-1.41439998	41	16	204
0.695089996	-0.0589659996	-1.41349995	41	16	204
0.70006001	-0.0574330017	-1.41159999	41	16	204
0.703960001	-0.0531960018	-1.40810001	41	16	204
0.701740026	-0.0503240004	-1.40960002	41	16	204
0.703339994	-0.0489660017	-1.41219997	41	16	204
0.701650023	-0.0490440018	-1.4145	41	16	204
0.702180028	-0.0505249985	-1.41530001	41	16	204
0.697839975	-0.0504539981	-1.41330004	41	16	204
0.696780026	-0.0446829982	-1.41180003	41	16	204
0.692979991	-0.0446459986	-1.41059995	41	16	204
0.694660008	-0.0460009985	-1.40830004	41	16	204
0.694660008	-0.048827	-1.40820003	41	16	204
0.694750011	-0.0458460003	-1.40359998	41	16	204
0.694750011	-0.0444240011	-1.40359998	41	16	204
0.695879996	-0.0443269983	-1.40050006	41	16	204
0.694819987	-0.0456900001	-1.39880002	41	16	204
0.697009981	-0.0442299992	-1.39750004	41	16	204
0.699150026	-0.0457549989	-1.40079999	41	16	204
0.70134002	-0.0457100011	-1.3994	41	16	204
0.701879978	-0.0471480004	-1.40020001	41	16	204
0.701879978	-0.0443190001	-1.40030003	41	16	204
0.704079986	-0.0456920005	-1.39880002	41	16	204
0.706269979	-0.0456460007	-1.39740002	41	16	204
0.708459973	-0.0427940004	-1.39610004	41	16	204
0.708999991	-0.041441001	-1.39699996	41	16	204
0.711730003	-0.0428030007	-1.39639997	41	16	204
0.713919997	-0.0469679981	-1.39489996	41	16	204
0.713379979	-0.0483330004	-1.39400005	41	16	204
0.712830007	-0.0497330017	-1.39310002	41	16	204
0.716109991	-0.0483129993	-1.39339995	41	16	204
0.716109991	-0.0469200015	-1.39339995	41	16	204
0.718289971	-0.0468720011	-1.39199996	41	16	204
0.718840003	-0.0482929982	-1.39279997	41	16	204
0.719380021	-0.0497520007	-1.39359999	41	16	204
0.719929993	-0.0512680002	-1.3944	41	16	204
0.721019983	-0.0527379997	-1.39600003	41	16	204
0.723209977	-0.0526840016	-1.39460003	41	16	204
0.724309981	-0.0513379984	-1.39629996	41	16	204
0.724849999	-0.0511929989	-1.39240003	41	16	204
0.726480007	-0.0511099994	-1.3901	41	16	204
0.726480007	-0.0482020006	-1.39020002	41	16	204
0.727580011	-0.0468689986	-1.39189994	41	16	204
0.725399971	-0.0469169989	-1.39330006	41	16	204
0.724849999	-0.0454859994	-1.39260006	41	16	204
0.725399971	-0.0441030003	-1.39339995	41	16	204
0.723209977	-0.0455599986	-1.39479995	41	16	204
0.721570015	-0.0456340015	-1.39709997	41	16	204
0.719380021	-0.0456809998	-1.39849997	41	16	204
0.720459998	-0.0443180017	-1.40020001	41	16	204
0.721010029	-0.0429470018	-1.40110004	41	16	204
0.722100019	-0.0416139998	-1.40279996	41	16	204
0.71934998	-0.0402470008	-1.40349996	41	16	204
0.718810022	-0.0416069999	-1.40260005	41	16	204
0.717719972	-0.0429389998	-1.40090001	41	16	204
0.717719972	-0.0457549989	-1.40079999	41	16	204
0.714439988	-0.0457459986	-1.40050006	41	16	204
0.714439988	-0.0471570008	-1.40050006	41	16	204
0.712239981	-0.0472050011	-1.40190005	41	16	204
0.712779999	-0.0458200015	-1.40279996	41	16	204
0.713859975	-0.0444529988	-1.40450001	41	16	204
0.716069996	-0.0416239984	-1.40320003	41	16	204
0.714399993	-0.0403040014	-1.40550005	41	16	204
0.717149973	-0.0389019996	-1.40489995	41	16	204
0.716019988	-0.0389869995	-1.40799999	41	16	204
0.71272999	-0.0361439995	-1.40779996	41	16	204
0.709450006	-0.0361369997	-1.40760005	41	16	204
0.708909988	-0.0347240008	-1.40680003	41	16	204
0.70836997	-0.0333339982	-1.4059	41	16	204
0.710579991	-0.0346679986	-1.40450001	41	16	204
0.709500015	-0.0332610011	-1.40289998	41	16	204
0.712779999	-0.0360210016	-1.40310001	41	16	204
0.717149973	-0.0346809998	-1.40499997	41	16	204
0.719900012	-0.0346670002	-1.40450001	41	16	204
0.719900012	-0.0333000012	-1.40450001	41	16	204
0.721549988	-0.0346110016	-1.40219998	41	16	204
0.720459998	-0.0359550007	-1.40050006	41	16	204
0.722660005	-0.0359180011	-1.39900005	41	16	204
0.723209977	-0.0345549993	-1.39989996	41	16	204
0.725950003	-0.0345400013	-1.39929998	41	16	204
0.727039993	-0.0373860002	-1.40090001	41	16	204
0.727039993	-0.0387899987	-1.40090001	41	16	204
0.725950003	-0.0401239991	-1.39919996	41	16	204
0.725950003	-0.0415039994	-1.39909995	41	16	204
0.724849999	-0.0428339988	-1.39740002	41	16	204
0.724849999	-0.0442270003	-1.39740002	41	16	204
0.723209977	-0.0429029986	-1.39970005	41	16	204
0.722109973	-0.0414719991	-1.39810002	41	16	204
0.722660005	-0.0401169993	-1.39890003	41	16	204
0.721570015	-0.0386900008	-1.3973	41	16	204
0.720459998	-0.0401579998	-1.40040004	41	16	204
0.722100019	-0.0374399982	-1.403	41	16	204
0.725390017	-0.0374459997	-1.40320003	41	16	204
0.723730028	-0.033326	-1.40559995	41	16	204
0.722069979	-0.0319759995	-1.40789998	41	16	204
0.718770027	-0.030545	-1.40769994	41	16	204
0.718230009	-0.0290680006	-1.40680003	41	16	204
0.718770027	-0.0276040006	-1.40769994	41	16	204
0.719319999	-0.026261	-1.40859997	41	16	204
0.718770027	-0.0249409992	-1.40779996	41	16	204
0.719319999	-0.0235660002	-1.40859997	41	16	204
0.717639983	-0.0223019999	-1.4109	41	16	204
0.718720019	-0.0207460001	-1.41260004	41	16	204
0.718180001	-0.0193039998	-1.41180003	41	16	204
0.71596998	-0.0193240009	-1.41320002	41	16	204
0.714890003	-0.0180510003	-1.41159999	41	16	204
0.714890003	-0.02073	-1.41149998	41	16	204
0.71596998	-0.0223379992	-1.41320002	41	16	204
0.714890003	-0.0236140005	-1.41149998	41	16	204
0.71596998	-0.0250359997	-1.4131	41	16	204
0.71596998	-0.0263459999	-1.4131	41	16	204
0.716499984	-0.0277260002	-1.41390002	41	16	204
0.714280009	-0.0277529992	-1.41530001	41	16	204
0.712059975	-0.0277810004	-1.41680002	41	16	204
0.713750005	-0.0250610001	-1.41460001	41	16	204
0.712670028	-0.0236380007	-1.41289997	41	16	204
0.710990012	-0.0236750003	-1.41509998	41	16	204
0.710449994	-0.0250560008	-1.41429996	41	16	204
0.709379971	-0.0263359994	-1.41260004	41	16	204
0.711600006	-0.0263090003	-1.41120005	41	16	204
0.708840013	-0.0291680004	-1.41170001	41	16	204
0.709990025	-0.029104	-1.40859997	41	16	204
0.706629992	-0.0263459999	-1.4131	41	16	204
0.707700014	-0.0250659995	-1.41480005	41	16	204
0.708760023	-0.0236990005	-1.41659999	41	16	204
0.706539989	-0.0237220004	-1.41799998	41	16	204
0.706009984	-0.0264190007	-1.41709995	41	16	204
0.706009984	-0.0277869999	-1.41700006	41	16	204
0.707700014	-0.0277430005	-1.41480005	41	16	204
0.707700014	-0.0306979995	-1.41470003	41	16	204
0.707069993	-0.0322199985	-1.41859996	41	16	204
0.70431	-0.0322329998	-1.41919994	41	16	204
0.700489998	-0.032207001	-1.41799998	41	16	204
0.699429989	-0.0335800014	-1.41630006	41	16	204
0.699959993	-0.0349799991	-1.41709995	41	16	204
0.702180028	-0.034945	-1.41569996	41	16	204
0.701120019	-0.0335270017	-1.41410005	41	16	204
0.702809989	-0.0348480009	-1.41180003	41	16	204
0.701740026	-0.0362010002	-1.41009998	41	16	204
0.698459983	-0.0361929983	-1.40980005	41	16	204
0.699609995	-0.0333539993	-1.40680003	41	16	204
0.702889979	-0.0333609991	-1.40709996	41	16	204
0.705089986	-0.0333269984	-1.40569997	41	16	204
0.706170022	-0.0347380005	-1.4073	41	16	204
0.707239985	-0.0361730009	-1.40900004	41	16	204
0.705560029	-0.0362300016	-1.41120005	41	16	204
0.70502001	-0.0348140001	-1.41040003	41	16	204
0.70006001	-0.0404970013	-1.41219997	41	16	204
0.697839975	-0.0405369997	-1.41359997	41	16	204
0.696680009	-0.0406249985	-1.41670001	41	16	204
0.692340016	-0.0405669995	-1.41470003	41	16	204
0.688539982	-0.0405340008	-1.41349995	41	16	204
0.688019991	-0.0391159989	-1.41270006	41	16	204
0.689069986	-0.0377449989	-1.41439998	41	16	204
0.688539982	-0.0362920016	-1.41359997	41	16	204
0.690230012	-0.0376630016	-1.41129994	41	16	204
0.690230012	-0.0390780009	-1.41129994	41	16	204
0.691810012	-0.0362999998	-1.41390002	41	16	204
0.690119982	-0.0349560007	-1.41620004	41	16	204
0.695089996	-0.0363080017	-1.41419995	41	16	204
0.696680009	-0.033592999	-1.41690004	41	16	204
0.694980025	-0.0350270011	-1.41910005	41	16	204
0.698260009	-0.0350349993	-1.41939998	41	16	204
0.694320023	-0.0308800004	-1.42309999	41	16	204
0.692080021	-0.0323520005	-1.42439997	41	16	204
0.68945998	-0.0308170002	-1.42019999	41	16	204
0.689989984	-0.0278670006	-1.42110002	41	16	204
0.691039979	-0.0252080001	-1.42289996	41	16	204
0.69155997	-0.0238189995	-1.42369998	41	16	204
0.694320023	-0.0224970002	-1.42320001	41	16	204
0.694850028	-0.0238249991	-1.42410004	41	16	204
0.694320023	-0.0265330002	-1.42320001	41	16	204
0.693799973	-0.0278900005	-1.42229998	41	16	204
0.697610021	-0.0252190009	-1.42349994	41	16	204
0.696420014	-0.0252739992	-1.42659998	41	16	204
0.694850028	-0.0194729995	-1.42410004	41	16	204
0.694850028	-0.0167059992	-1.42420006	41	16	204
0.694320023	-0.0152620003	-1.42330003	41	16	204
0.693799973	-0.0139239999	-1.42250001	41	16	204
0.696030021	-0.0139100002	-1.42110002	41	16	204
0.696560025	-0.0152479997	-1.42200005	41	16	204
0.697080016	-0.0166900009	-1.42279994	41	16	204
0.699320018	-0.0152420001	-1.42139995	41	16	204
0.700900018	-0.0139380004	-1.42400002	41	16	204
0.703670025	-0.0152629996	-1.42340004	41	16	204
0.704729974	-0.0139490003	-1.42509997	41	16	204
0.704729974	-0.0123439999	-1.42509997	41	16	204
0.701960027	-0.0109050004	-1.42569995	41	16	204
0.702489972	-0.00964859966	-1.42659998	41	16	204
0.701960027	-0.00813649967	-1.42569995	41	16	204
0.699720025	-0.00814440008	-1.42709994	41	16	204
0.699720025	-0.00671799993	-1.42709994	41	16	204
0.700240016	-0.00965800043	-1.42789996	41	16	204
0.699720025	-0.0109160002	-1.42709994	41	16	204
0.698000014	-0.00966740027	-1.42929995	41	16	204
0.696280003	-0.0096824998	-1.43159997	41	16	204
0.697319984	-0.0109630004	-1.43330002	41	16	204
0.696799994	-0.0124070002	-1.43239999	41	16	204
0.694549978	-0.0124190003	-1.43379998	41	16	204
0.69611001	-0.0109860003	-1.43640006	41	16	204
0.695070028	-0.00818760041	-1.43470001	41	16	204
0.693499982	-0.0096861003	-1.43210006	41	16	204
0.695230007	-0.00816029962	-1.42990005	41	16	204
0.696420014	-0.00814270042	-1.42680001	41	16	204
0.694850028	-0.00670460006	-1.42429996	41	16	204
0.692080021	-0.00670700008	-1.42480004	41	16	204
0.690890014	-0.00672149984	-1.42789996	41	16	204
0.691410005	-0.00381750008	-1.42869997	41	16	204
0.692460001	-0.00526669994	-1.43040001	41	16	204
0.693660021	-0.00381379994	-1.42729998	41	16	204
0.692979991	-0.00111519999	-1.43130004	41	16	204
0.695070028	-0.00239949999	-1.43470001	41	16	204
0.69836998	-0.00111810002	-1.43499994	41	16	204
0.70115	-0.00383289997	-1.43449998	41	16	204
0.700630009	-0.00527840015	-1.43359995	41	16	204
0.701300025	-0.00526389992	-1.42970002	41	16	204
0.704069972	-0.0052618999	-1.42910004	41	16	204
0.703540027	-0.00672349986	-1.42830002	41	16	204
0.705259979	-0.00813820027	-1.426	41	16	204
0.707499981	-0.00813020021	-1.42460001	41	16	204
0.709089994	-0.0109160002	-1.42709994	41	16	204
0.711329997	-0.0109050004	-1.42569995	41	16	204
0.70855999	-0.0139610004	-1.42630005	41	16	204
0.707499981	-0.0152749997	-1.42460001	41	16	204
0.70867002	-0.0152420001	-1.42149997	41	16	204
0.708140016	-0.0166640002	-1.42060006	41	16	204
0.707599998	-0.0181549992	-1.41970003	41	16	204
0.708140016	-0.0194240008	-1.42060006	41	16	204
0.709200025	-0.0208870005	-1.42219996	41	16	204
0.710900009	-0.020854	-1.41999996	41	16	204
0.711440027	-0.0194279999	-1.42079997	41	16	204
0.710370004	-0.0181479994	-1.41919994	41	16	204
0.710900009	-0.0166580006	-1.41999996	41	16	204
0.711969972	-0.0152449999	-1.4217	41	16	204
0.713129997	-0.0166410003	-1.41859996	41	16	204
0.712599993	-0.0181300007	-1.41779995	41	16	204
0.712599993	-0.0193860009	-1.41770005	41	16	204
0.712599993	-0.0208209995	-1.41770005	41	16	204
0.714280009	-0.0193550009	-1.41550004	41	16	204
0.713750005	-0.0180900004	-1.41470003	41	16	204
0.711600006	-0.0207260009	-1.41120005	41	16	204
0.709379971	-0.0223290008	-1.41260004	41	16	204
0.70502001	-0.0222980008	-1.41069996	41	16	204
0.702279985	-0.0223069992	-1.41120005	41	16	204
0.703869998	-0.0250460003	-1.41369998	41	16	204
0.709450006	-0.0222529992	-1.40779996	41	16	204
0.714940012	-0.0235339999	-1.40670002	41	16	204
0.72043997	-0.0222169999	-1.40550005	41	16	204
0.720979989	-0.0249150004	-1.40629995	41	16	204
0.720979989	-0.0262189992	-1.40629995	41	16	204
0.722069979	-0.027609	-1.40799999	41	16	204
0.724820018	-0.0262390003	-1.40740001	41	16	204
0.723730028	-0.0249049999	-1.40579998	41	16	204
0.724820018	-0.0235469993	-1.40750003	41	16	204
0.726480007	-0.020637	-1.4052	41	16	204
0.72645998	-0.0207080003	-1.40999997	41	16	204
0.726999998	-0.0223009996	-1.41079998	41	16	204
0.725329995	-0.0236409996	-1.4131	41	16	204
0.725870013	-0.0207659993	-1.41400003	41	16	204
0.723649979	-0.0193540007	-1.41540003	41	16	204
0.720879972	-0.0181079991	-1.41600001	41	16	204
0.721480012	-0.0207380001	-1.41199994	41	16	204
0.721480012	-0.0223190002	-1.41199994	41	16	204
0.718180001	-0.0250100009	-1.41170001	41	16	204
0.719259977	-0.0263509993	-1.41340005	41	16	204
0.718720019	-0.0276980009	-1.41250002	41	16	204
0.723699987	-0.029143	-1.41050005	41	16	204
0.725329995	-0.0306599997	-1.41289997	41	16	204
0.727540016	-0.0306279995	-1.41149998	41	16	204
0.727540016	-0.0291649997	-1.41149998	41	16	204
0.728089988	-0.0276960004	-1.41240001	41	16	204
0.730310023	-0.0263059996	-1.41100001	41	16	204
0.731400013	-0.0276999995	-1.41260004	41	16	204
0.731400013	-0.0306519996	-1.41260004	41	16	204
0.729210019	-0.0320059992	-1.40919995	41	16	204
0.730880022	-0.0305300001	-1.40699995	41	16	204
0.73032999	-0.0319349989	-1.40610003	41	16	204
0.73032999	-0.0333370008	-1.40610003	41	16	204
0.732529998	-0.033303	-1.40460002	41	16	204
0.732529998	-0.0319020003	-1.40460002	41	16	204
0.733080029	-0.0304979999	-1.40550005	41	16	204
0.73198998	-0.0290070008	-1.40390003	41	16	204
0.733080029	-0.0275619999	-1.40559995	41	16	204
0.735289991	-0.0275330003	-1.40409994	41	16	204
0.735289991	-0.0261790007	-1.40409994	41	16	204
0.737489998	-0.0249359999	-1.40750003	41	16	204
0.736379981	-0.0249910001	-1.41059995	41	16	204
0.737479985	-0.0263299998	-1.41229999	41	16	204
0.739120007	-0.0236699991	-1.41480005	41	16	204
0.739120007	-0.0223639999	-1.41489995	41	16	204
0.741339982	-0.0223409999	-1.41340005	41	16	204
0.741890013	-0.0236600004	-1.41419995	41	16	204
0.743009984	-0.0236070007	-1.41110003	41	16	204
0.743009984	-0.0249990001	-1.41100001	41	16	204
0.744120002	-0.0222549997	-1.40799999	41	16	204
0.743009984	-0.0235270001	-1.40629995	41	16	204
0.742460012	-0.0248990003	-1.40540004	41	16	204
0.744109988	-0.0234740004	-1.40310001	41	16	204
0.743550003	-0.0248429999	-1.4023	41	16	204
0.745190024	-0.0248029996	-1.39999998	41	16	204
0.746829987	-0.0260579996	-1.39769995	41	16	204
0.745710015	-0.0273739994	-1.39600003	41	16	204
0.742410004	-0.0260230005	-1.39579999	41	16	204
0.741890013	-0.0260969996	-1.39979994	41	16	204
0.741890013	-0.0274470001	-1.39970005	41	16	204
0.742999971	-0.0289549995	-1.40139997	41	16	204
0.740800023	-0.0275090002	-1.40289998	41	16	204
0.740239978	-0.0261400007	-1.40209997	41	16	204
0.740239978	-0.0304220002	-1.40199995	41	16	204
0.73803997	-0.0304530002	-1.40339994	41	16	204
0.739149988	-0.031911999	-1.40509999	41	16	204
0.736940026	-0.0305209998	-1.4066	41	16	204
0.73803997	-0.0290970001	-1.40830004	41	16	204
0.740800023	-0.0276030004	-1.40769994	41	16	204
0.741349995	-0.0291019995	-1.40849996	41	16	204
0.742460012	-0.0319169983	-1.40530002	41	16	204
0.74466002	-0.0318830013	-1.40380001	41	16	204
0.745220006	-0.033303	-1.40460002	41	16	204
0.74466002	-0.0346489996	-1.40369999	41	16	204
0.747420013	-0.0346340016	-1.40310001	41	16	204
0.748529971	-0.0360639989	-1.40470004	41	16	204
0.750729978	-0.0374470018	-1.40320003	41	16	204
0.752380013	-0.0373850018	-1.40090001	41	16	204
0.753489971	-0.0360089988	-1.40260005	41	16	204
0.752929986	-0.0346020013	-1.40180004	41	16	204
0.750180006	-0.0346180014	-1.40250003	41	16	204
0.751850009	-0.0319110006	-1.40499997	41	16	204
0.748529971	-0.0290280003	-1.40489995	41	16	204
0.747969985	-0.0275330003	-1.40409994	41	16	204
0.746309996	-0.0304119997	-1.40149999	41	16	204
0.74849999	-0.0303799994	-1.40009999	41	16	204
0.747950017	-0.0289120004	-1.39929998	41	16	204
0.750699997	-0.0303479992	-1.39859998	41	16	204
0.751259983	-0.0317829996	-1.3994	41	16	204
0.754010022	-0.0317680016	-1.3987	41	16	204
0.753449976	-0.0303339995	-1.39789999	41	16	204
0.75563997	-0.0303019993	-1.39639997	41	16	204
0.756200016	-0.0317340009	-1.39719999	41	16	204
0.758390009	-0.0317000002	-1.39579999	41	16	204
0.759519994	-0.0303230006	-1.39740002	41	16	204
0.762279987	-0.0317230001	-1.39670002	41	16	204
0.764469981	-0.0316889994	-1.39520001	41	16	204
0.76722002	-0.0344210006	-1.39450002	41	16	204
0.768360019	-0.0358420014	-1.39610004	41	16	204
0.76997	-0.0357819982	-1.39380002	41	16	204
0.768840015	-0.0343630016	-1.39219999	41	16	204
0.771019995	-0.0343259983	-1.39059997	41	16	204
0.772729993	-0.0357649997	-1.39310002	41	16	204
0.773869991	-0.0372189991	-1.39470005	41	16	204
0.773299992	-0.038594	-1.39380002	41	16	204
0.768840015	-0.0371499993	-1.39209998	41	16	204
0.768270016	-0.0412670001	-1.39110005	41	16	204
0.769879997	-0.0411980003	-1.38880002	41	16	204
0.768159986	-0.0397569984	-1.38639998	41	16	204
0.76542002	-0.0397769995	-1.38709998	41	16	204
0.76542002	-0.038408	-1.38709998	41	16	204
0.764379978	-0.0398669988	-1.39020002	41	16	204
0.762199998	-0.0412830003	-1.39170003	41	16	204
0.760500014	-0.0384690017	-1.38929999	41	16	204
0.757189989	-0.0370719992	-1.38919997	41	16	204
0.757189989	-0.0412050001	-1.38909996	41	16	204
0.756060004	-0.0425259992	-1.38740003	41	16	204
0.756630003	-0.0439350009	-1.38810003	41	16	204
0.754450023	-0.0439819992	-1.38960004	41	16	204
0.754450023	-0.0425969996	-1.38970006	41	16	204
0.754450023	-0.0412250012	-1.38970006	41	16	204
0.752269983	-0.0412690006	-1.39119995	41	16	204
0.751709998	-0.0426170006	-1.39030004	41	16	204
0.751150012	-0.045384001	-1.38940001	41	16	204
0.752200007	-0.0452810004	-1.38629997	41	16	204
0.751630008	-0.0466499999	-1.38540006	41	16	204
0.751630008	-0.0480349995	-1.38540006	41	16	204
0.753799975	-0.0479829982	-1.38390005	41	16	204
0.754369974	-0.0452330001	-1.38479996	41	16	204
0.758239985	-0.0424799994	-1.38590002	41	16	204
0.759370029	-0.0439140014	-1.38750005	41	16	204
0.759370029	-0.0453189984	-1.38740003	41	16	204
0.760410011	-0.0438150018	-1.38429999	41	16	204
0.759840012	-0.0465830006	-1.38339996	41	16	204
0.758130014	-0.0492970012	-1.38090003	41	16	204
0.758130014	-0.0507690012	-1.38080001	41	16	204
0.758130014	-0.052161999	-1.38080001	41	16	204
0.757000029	-0.0534120016	-1.37909997	41	16	204
0.754840016	-0.0548029989	-1.38049996	41	16	204
0.755970001	-0.0535340011	-1.3822	41	16	204
0.75654	-0.0508540012	-1.38310003	41	16	204
0.755500019	-0.0523670018	-1.38619995	41	16	204
0.755500019	-0.0536869988	-1.38619995	41	16	204
0.753319979	-0.0537439995	-1.38759995	41	16	204
0.753319979	-0.0495439991	-1.38779998	41	16	204
0.756630003	-0.0495500006	-1.38800001	41	16	204
0.756630003	-0.0510299988	-1.38789999	41	16	204
0.761070013	-0.0496149994	-1.38979995	41	16	204
0.761070013	-0.0481889993	-1.38979995	41	16	204
0.763249993	-0.0481370017	-1.38829994	41	16	204
0.763809979	-0.0453779995	-1.38919997	41	16	204
0.765990019	-0.0453279987	-1.38769996	41	16	204
0.767700016	-0.0496250018	-1.38999999	41	16	204
0.771019995	-0.0482029989	-1.39020002	41	16	204
0.771679997	-0.0483979993	-1.39579999	41	16	204
0.766650021	-0.041336	-1.39349997	41	16	204
0.766160011	-0.0400750004	-1.39750004	41	16	204
0.764540017	-0.0401419997	-1.39979994	41	16	204
0.762839973	-0.0386929996	-1.39740002	41	16	204
0.761210024	-0.0387570001	-1.39970005	41	16	204
0.759010017	-0.0401809998	-1.40120006	41	16	204
0.759519994	-0.0400669985	-1.39719999	41	16	204
0.757830024	-0.0372220017	-1.39479995	41	16	204
0.757269979	-0.0344099998	-1.39400005	41	16	204
0.75563997	-0.0344670005	-1.39639997	41	16	204
0.754519999	-0.0330680013	-1.39470005	41	16	204
0.752889991	-0.0344830006	-1.39699996	41	16	204
0.754010022	-0.0373240001	-1.39859998	41	16	204
0.753449976	-0.0400810018	-1.39769995	41	16	204
0.752889991	-0.0428140014	-1.39680004	41	16	204
0.750140011	-0.0428339988	-1.39740002	41	16	204
0.75177002	-0.0455669984	-1.39499998	41	16	204
0.749580026	-0.047022	-1.39649999	41	16	204
0.748459995	-0.0455610007	-1.39489996	41	16	204
0.746829987	-0.0456370004	-1.39719999	41	16	204
0.745710015	-0.0441690013	-1.39549994	41	16	204
0.745159984	-0.0427520014	-1.39479995	41	16	204
0.74296999	-0.0427969992	-1.39619994	41	16	204
0.74296999	-0.0400409997	-1.39629996	41	16	204
0.741859972	-0.0386179984	-1.39470005	41	16	204
0.742410004	-0.0372419991	-1.39559996	41	16	204
0.740779996	-0.0400829986	-1.39779997	41	16	204
0.738560021	-0.0386120006	-1.39450002	41	16	204
0.740190029	-0.0412960015	-1.39209998	41	16	204
0.741810024	-0.0412280001	-1.38979995	41	16	204
0.742929995	-0.0399039984	-1.3915	41	16	204
0.74454999	-0.0398380011	-1.38919997	41	16	204
0.74454999	-0.0412090011	-1.38919997	41	16	204
0.746159971	-0.0411409996	-1.38689995	41	16	204
0.745109975	-0.0481880009	-1.38979995	41	16	204
0.743480027	-0.0468759984	-1.39209998	41	16	204
0.740740001	-0.0468979999	-1.39279997	41	16	204
0.740740001	-0.0482899994	-1.39269996	41	16	204
0.741299987	-0.0497479998	-1.39349997	41	16	204
0.740740001	-0.0512030013	-1.39260006	41	16	204
0.742370009	-0.0511189997	-1.39030004	41	16	204
0.742929995	-0.0525519997	-1.39110005	41	16	204
0.741810024	-0.0496070012	-1.38950002	41	16	204
0.740700006	-0.0481240004	-1.38789999	41	16	204
0.741750002	-0.0494359992	-1.38479996	41	16	204
0.741190016	-0.0508820005	-1.38390005	41	16	204
0.742309988	-0.0523409992	-1.38549995	41	16	204
0.743920028	-0.0535710007	-1.38310003	41	16	204
0.743359983	-0.0522230007	-1.38240004	41	16	204
0.743359983	-0.0508279987	-1.38240004	41	16	204
0.743920028	-0.0493840016	-1.38329995	41	16	204
0.748340011	-0.0494499989	-1.38510001	41	16	204
0.748340011	-0.0509259999	-1.38510001	41	16	204
0.747770011	-0.0522920005	-1.38419998	41	16	204
0.748340011	-0.053642001	-1.38499999	41	16	204
0.750509977	-0.0522679985	-1.3836	41	16	204
0.751070023	-0.0509020016	-1.38440001	41	16	204
0.753239989	-0.0548949987	-1.38279998	41	16	204
0.753239989	-0.0576820001	-1.38269997	41	16	204
0.752110004	-0.0591240004	-1.38100004	41	16	204
0.749379992	-0.0591519997	-1.38160002	41	16	204
0.749379992	-0.0619780011	-1.38150001	41	16	204
0.749379992	-0.0645899996	-1.38139999	41	16	204
0.752110004	-0.0645600036	-1.38069999	41	16	204
0.75266999	-0.0633170009	-1.38160002	41	16	204
0.754840016	-0.0632489994	-1.38010001	41	16	204
0.755400002	-0.0645669997	-1.38090003	41	16	204
0.755970001	-0.0674090013	-1.38160002	41	16	204
0.757099986	-0.0660339966	-1.38329995	41	16	204
0.758700013	-0.0659240037	-1.38100004	41	16	204
0.759270012	-0.0674170032	-1.38170004	41	16	204
0.760299981	-0.0686779991	-1.37849998	41	16	204
0.761889994	-0.0685629994	-1.37619996	41	16	204
0.760739982	-0.0670709983	-1.37460005	41	16	204
0.760169983	-0.0655850023	-1.37390006	41	16	204
0.759599984	-0.0642049983	-1.37310004	41	16	204
0.758459985	-0.0628560036	-1.37160003	41	16	204
0.757319987	-0.0614610016	-1.37	41	16	204
0.755739987	-0.0615650006	-1.37230003	41	16	204
0.756309986	-0.0629239976	-1.37300003	41	16	204
0.754159987	-0.0616680011	-1.37460005	41	16	204
0.755299985	-0.0630680025	-1.37619996	41	16	204
0.75642997	-0.0644209981	-1.37779999	41	16	204
0.758019984	-0.0643130019	-1.37549996	41	16	204
0.758589983	-0.067143999	-1.37609994	41	16	204
0.759729981	-0.0657740012	-1.3779	41	16	204
0.75642997	-0.0686300024	-1.37759995	41	16	204
0.753139973	-0.0686220005	-1.37740004	41	16	204
0.749849975	-0.0686130002	-1.37720001	41	16	204
0.747120023	-0.0686450005	-1.3779	41	16	204
0.745530009	-0.0687600002	-1.38020003	41	16	204
0.74496001	-0.0673040003	-1.37940001	41	16	204
0.742240012	-0.0673350021	-1.38010001	41	16	204
0.741680026	-0.065843001	-1.3793	41	16	204
0.741680026	-0.0644960031	-1.37940001	41	16	204
0.743839979	-0.0644270033	-1.3779	41	16	204
0.743279994	-0.065733999	-1.37699997	41	16	204
0.747690022	-0.0658219978	-1.37880003	41	16	204
0.74871999	-0.0656730011	-1.3757	41	16	204
0.749849975	-0.0618010014	-1.37759995	41	16	204
0.749279976	-0.0603879988	-1.37679994	41	16	204
0.753139973	-0.0618089996	-1.37769997	41	16	204
0.754270017	-0.0605040006	-1.37940001	41	16	204
0.754840016	-0.059094999	-1.38030005	41	16	204
0.755400002	-0.0576200001	-1.38119996	41	16	204
0.758700013	-0.0605829991	-1.38119996	41	16	204
0.759840012	-0.0576950014	-1.38300002	41	16	204
0.760969996	-0.0563389994	-1.38469994	41	16	204
0.759840012	-0.0549070016	-1.38310003	41	16	204
0.763140023	-0.0549129993	-1.38329995	41	16	204
0.763140023	-0.0508649983	-1.38339996	41	16	204
0.765309989	-0.0508089997	-1.38189995	41	16	204
0.766449988	-0.0493949987	-1.3836	41	16	204
0.76473999	-0.0465099998	-1.38119996	41	16	204
0.763029993	-0.0450379997	-1.37880003	41	16	204
0.763599992	-0.0436679982	-1.37969995	41	16	204
0.76086998	-0.0436890014	-1.38039994	41	16	204
0.761889994	-0.0422159992	-1.37730002	41	16	204
0.757000029	-0.0422829986	-1.37940001	41	16	204
0.758700013	-0.0382679999	-1.38199997	41	16	204
0.760410011	-0.0369490013	-1.38450003	41	16	204
0.763140023	-0.042413	-1.38370001	41	16	204
0.758019984	-0.0463390015	-1.37619996	41	16	204
0.758589983	-0.0520120002	-1.37679994	41	16	204
0.758019984	-0.0532910004	-1.37590003	41	16	204
0.759599984	-0.0518940017	-1.37370002	41	16	204
0.760739982	-0.0559489988	-1.37510002	41	16	204
0.760299981	-0.0561110005	-1.37909997	41	16	204
0.760299981	-0.0575300008	-1.37899995	41	16	204
0.762459993	-0.0589740016	-1.37750006	41	16	204
0.761889994	-0.0603800006	-1.37660003	41	16	204
0.763599992	-0.0575359985	-1.37919998	41	16	204
0.763029993	-0.0533920005	-1.37849998	41	16	204
0.767589986	-0.0549839996	-1.38499999	41	16	204
0.75880003	-0.0563989989	-1.38619995	41	16	204
0.751070023	-0.0577440001	-1.38419998	41	16	204
0.748250008	-0.0561509989	-1.38010001	41	16	204
0.747690022	-0.054756999	-1.3793	41	16	204
0.745530009	-0.0561770014	-1.38069999	41	16	204
0.744400024	-0.0575300008	-1.37899995	41	16	204
0.743839979	-0.0590020008	-1.37810004	41	16	204
0.742240012	-0.0591010004	-1.38039994	41	16	204
0.742240012	-0.0575909987	-1.38049996	41	16	204
0.740069985	-0.0576520003	-1.38199997	41	16	204
0.740629971	-0.0591990016	-1.38269997	41	16	204
0.737909973	-0.0592259988	-1.38339996	41	16	204
0.736289978	-0.0607739985	-1.38559997	41	16	204
0.735740006	-0.0621210001	-1.38469994	41	16	204
0.732450008	-0.0634450018	-1.38440001	41	16	204
0.731339991	-0.0620369986	-1.38279998	41	16	204
0.732450008	-0.0607279986	-1.38450003	41	16	204
0.731899977	-0.059243001	-1.38380003	41	16	204
0.733009994	-0.0577990003	-1.38549995	41	16	204
0.734120011	-0.0564410016	-1.3872	41	16	204
0.734120011	-0.0550719984	-1.38730001	41	16	204
0.731939971	-0.0551289991	-1.38870001	41	16	204
0.729759991	-0.0551870018	-1.39020002	41	16	204
0.730870008	-0.0566259995	-1.39180005	41	16	204
0.729780018	-0.056752	-1.39489996	41	16	204
0.733630002	-0.0540699996	-1.39600003	41	16	204
0.735819995	-0.054014001	-1.39460003	41	16	204
0.736890018	-0.0538929999	-1.3915	41	16	204
0.734709978	-0.0566690005	-1.39279997	41	16	204
0.737410009	-0.0564489998	-1.38740003	41	16	204
0.736289978	-0.0550139993	-1.3858	41	16	204
0.737909973	-0.0535879992	-1.3836	41	16	204
0.737349987	-0.0548910014	-1.38269997	41	16	204
0.734619975	-0.053580001	-1.38339996	41	16	204
0.734619975	-0.0577040017	-1.38320005	41	16	204
0.734070003	-0.059181001	-1.38230002	41	16	204
0.7324	-0.0632269979	-1.37960005	41	16	204
0.737839997	-0.0657949969	-1.37829995	41	16	204
0.738960028	-0.0645250008	-1.38	41	16	204
0.738960028	-0.0673250034	-1.37989998	41	16	204
0.740069985	-0.0688230023	-1.38150001	41	16	204
0.737909973	-0.0688960031	-1.3829	41	16	204
0.73901999	-0.067557998	-1.38460004	41	16	204
0.73901999	-0.0661009997	-1.38469994	41	16	204
0.739579976	-0.0635019988	-1.38569999	41	16	204
0.739579976	-0.0621679984	-1.38569999	41	16	204
0.739579976	-0.0607820004	-1.3858	41	16	204
0.741750002	-0.0621020012	-1.38429999	41	16	204
0.744480014	-0.0606900007	-1.38370001	41	16	204
0.747210026	-0.0620450005	-1.38300002	41	16	204
0.748899996	-0.0634900033	-1.38540006	41	16	204
0.752759993	-0.0635360032	-1.38639998	41	16	204
0.753799975	-0.0674820021	-1.38310003	41	16	204
0.749939978	-0.0674329996	-1.38209999	41	16	204
0.743920028	-0.0688740015	-1.38250005	41	16	204
0.741249979	-0.0649029985	-1.38810003	41	16	204
0.74454999	-0.0636250004	-1.38829994	41	16	204
0.743990004	-0.0608640015	-1.38759995	41	16	204
0.743990004	-0.0564649999	-1.38779998	41	16	204
0.741810024	-0.0565249994	-1.38929999	41	16	204
0.739579976	-0.0578159988	-1.38590002	41	16	204
0.740629971	-0.0548989996	-1.3829	41	16	204
0.740629971	-0.0535629988	-1.38300002	41	16	204
0.746649981	-0.054880999	-1.38250005	41	16	204
0.745599985	-0.0563720018	-1.38549995	41	16	204
0.748409986	-0.062332999	-1.38940001	41	16	204
0.750090003	-0.0637850016	-1.39180005	41	16	204
0.75041002	-0.0560909994	-1.3786	41	16	204
0.753700018	-0.0520929992	-1.37890005	41	16	204
0.750310004	-0.0462730005	-1.37419999	41	16	204
0.745890021	-0.0462110005	-1.37240005	41	16	204
0.753019989	-0.058784999	-1.37310004	41	16	204
0.756309986	-0.0587919988	-1.37320006	41	16	204
0.757449985	-0.0603009984	-1.37479997	41	16	204
0.739440024	-0.0546439998	-1.37650001	41	16	204
0.740469992	-0.0602269992	-1.37310004	41	16	204
0.742619991	-0.0601629987	-1.37170005	41	16	204
0.737410009	-0.0648550019	-1.38709998	41	16	204
0.737959981	-0.0662499964	-1.38779998	41	16	204
0.736850023	-0.067629002	-1.38610005	41	16	204
0.736850023	-0.0690509975	-1.38600004	41	16	204
0.734669983	-0.0662399977	-1.38759995	41	16	204
0.733049989	-0.0663489997	-1.38989997	41	16	204
0.73360002	-0.0650300011	-1.3908	41	16	204
0.733049989	-0.0637020022	-1.38999999	41	16	204
0.730870008	-0.0637679994	-1.3915	41	16	204
0.730870008	-0.0664179996	-1.39129996	41	16	204
0.729780018	-0.0665659979	-1.3944	41	16	204
0.727039993	-0.066595003	-1.3951	41	16	204
0.728139997	-0.0653100014	-1.39680004	41	16	204
0.731440008	-0.0653209984	-1.39699996	41	16	204
0.733070016	-0.0652140006	-1.39470005	41	16	204
0.736339986	-0.0650010034	-1.39020002	41	16	204
0.736890018	-0.0678619966	-1.39090002	41	16	204
0.731939971	-0.0677300021	-1.38820004	41	16	204
0.727559984	-0.0676380023	-1.38629997	41	16	204
0.725929976	-0.0677490011	-1.38849998	41	16	204
0.724829972	-0.0690900013	-1.38680005	41	16	204
0.722649992	-0.0691609979	-1.38820004	41	16	204
0.723200023	-0.0677779987	-1.38909996	41	16	204
0.720470011	-0.0678069964	-1.38970006	41	16	204
0.719929993	-0.0691910014	-1.38880002	41	16	204
0.717199981	-0.069219999	-1.38940001	41	16	204
0.718289971	-0.0678760037	-1.39119995	41	16	204
0.718289971	-0.0664130002	-1.39119995	41	16	204
0.721019983	-0.0663840026	-1.39059997	41	16	204
0.722119987	-0.0651040003	-1.39240003	41	16	204
0.723209977	-0.0638889968	-1.39409995	41	16	204
0.722660005	-0.0625090003	-1.39330006	41	16	204
0.719929993	-0.0625350028	-1.39390004	41	16	204
0.718840003	-0.0610690005	-1.39230001	41	16	204
0.721019983	-0.0610059984	-1.39090002	41	16	204
0.722119987	-0.0596220009	-1.39260006	41	16	204
0.723749995	-0.0595250018	-1.39040005	41	16	204
0.723749995	-0.0580039993	-1.39040005	41	16	204
0.724300027	-0.0566070005	-1.39129996	41	16	204
0.723749995	-0.0552010015	-1.39049995	41	16	204
0.725929976	-0.0551449992	-1.38909996	41	16	204
0.724829972	-0.0537380017	-1.38750005	41	16	204
0.724829972	-0.0495389998	-1.38759995	41	16	204
0.722649992	-0.049589999	-1.38909996	41	16	204
0.723200023	-0.0481939986	-1.38999999	41	16	204
0.722119987	-0.0497310013	-1.39300001	41	16	204
0.719929993	-0.0467960015	-1.38979995	41	16	204
0.718280017	-0.0480980016	-1.3872	41	16	204
0.719910026	-0.0536319986	-1.38469994	41	16	204
0.716639996	-0.0536219999	-1.38450003	41	16	204
0.714470029	-0.0536770001	-1.38590002	41	16	204
0.716109991	-0.0551149994	-1.38839996	41	16	204
0.719380021	-0.0551250018	-1.38859999	41	16	204
0.719929993	-0.0567229986	-1.39419997	41	16	204
0.722660005	-0.0566990003	-1.39359999	41	16	204
0.723760009	-0.058203999	-1.39520001	41	16	204
0.721570015	-0.0582630001	-1.39660001	41	16	204
0.720480025	-0.059719	-1.39489996	41	16	204
0.719380021	-0.0583229996	-1.398	41	16	204
0.718829989	-0.0541220009	-1.39740002	41	16	204
0.718289971	-0.0527600013	-1.39660001	41	16	204
0.717739999	-0.0513200015	-1.39579999	41	16	204
0.717199981	-0.0498020016	-1.39499998	41	16	204
0.715550005	-0.0513719991	-1.39719999	41	16	204
0.713360012	-0.0514240004	-1.39859998	41	16	204
0.71390003	-0.0528669991	-1.3994	41	16	204
0.711160004	-0.0514760017	-1.39999998	41	16	204
0.709540009	-0.0527929999	-1.39750004	41	16	204
0.712270021	-0.0541010015	-1.39690006	41	16	204
0.712270021	-0.0554499999	-1.39680004	41	16	204
0.712270021	-0.0568279997	-1.39670002	41	16	204
0.712270021	-0.058265999	-1.39670002	41	16	204
0.711730003	-0.0597580001	-1.39579999	41	16	204
0.714460015	-0.0597329997	-1.39520001	41	16	204
0.715550005	-0.0612669997	-1.39680004	41	16	204
0.717199981	-0.0611680001	-1.39460003	41	16	204
0.717739999	-0.0625990033	-1.39530003	41	16	204
0.716650009	-0.0596720017	-1.39380002	41	16	204
0.716650009	-0.0567129999	-1.39390004	41	16	204
0.716650009	-0.055337999	-1.39400005	41	16	204
0.714460015	-0.056770999	-1.39530003	41	16	204
0.716090024	-0.0554939993	-1.39789999	41	16	204
0.717719972	-0.054242	-1.40050006	41	16	204
0.717180014	-0.0528770015	-1.39970005	41	16	204
0.711700022	-0.0556060001	-1.40069997	41	16	204
0.711160004	-0.0569540001	-1.39979994	41	16	204
0.714439988	-0.0614020005	-1.39989996	41	16	204
0.718270004	-0.0628509969	-1.40100002	41	16	204
0.717719972	-0.0668279976	-1.39989996	41	16	204
0.718270004	-0.0683420002	-1.40069997	41	16	204
0.715550005	-0.0653029978	-1.39660001	41	16	204
0.713360012	-0.0653690025	-1.39810002	41	16	204
0.712270021	-0.0695570037	-1.39619994	41	16	204
0.714460015	-0.0694859996	-1.39479995	41	16	204
0.715020001	-0.0692899972	-1.3908	41	16	204
0.715020001	-0.0678640008	-1.39090002	41	16	204
0.713930011	-0.0663200021	-1.38929999	41	16	204
0.715560019	-0.065080002	-1.39189994	41	16	204
0.715020001	-0.0637509972	-1.39110005	41	16	204
0.712830007	-0.0638160035	-1.39250004	41	16	204
0.719929993	-0.0651699975	-1.39380002	41	16	204
0.721570015	-0.0639929995	-1.39639997	41	16	204
0.724849999	-0.0610530004	-1.39199996	41	16	204
0.727029979	-0.0609910004	-1.39049995	41	16	204
0.728129983	-0.0624549985	-1.39209998	41	16	204
0.729759991	-0.0609639995	-1.38989997	41	16	204
0.729210019	-0.0594739988	-1.38909996	41	16	204
0.729210019	-0.0579539984	-1.38919997	41	16	204
0.731389999	-0.0578939989	-1.38779998	41	16	204
0.72973001	-0.0593050011	-1.38520002	41	16	204
0.730279982	-0.0607910007	-1.38600004	41	16	204
0.72973001	-0.0621390007	-1.38510001	41	16	204
0.726999998	-0.0621660016	-1.38569999	41	16	204
0.724829972	-0.0593920015	-1.38730001	41	16	204
0.725929976	-0.0579449981	-1.38900006	41	16	204
0.723200023	-0.0623320006	-1.38940001	41	16	204
0.722649992	-0.0636319965	-1.38849998	41	16	204
0.726480007	-0.0636819974	-1.38960004	41	16	204
0.728619993	-0.0689050034	-1.38310003	41	16	204
0.724799991	-0.0688519999	-1.38199997	41	16	204
0.728020012	-0.0686269999	-1.37750006	41	16	204
0.732519984	-0.051270999	-1.39450002	41	16	204
0.733070016	-0.0498149991	-1.39540005	41	16	204
0.736370027	-0.0483909994	-1.39559996	41	16	204
0.737479985	-0.0498819984	-1.3973	41	16	204
0.738579988	-0.0514319986	-1.39890003	41	16	204
0.738030016	-0.0528119989	-1.398	41	16	204
0.735830009	-0.0528669991	-1.3994	41	16	204
0.73198998	-0.0528270006	-1.39839995	41	16	204
0.72924	-0.0528500006	-1.39900005	41	16	204
0.729780018	-0.0441629998	-1.39530003	41	16	204
0.732519984	-0.0441429988	-1.39470005	41	16	204
0.733630002	-0.042803999	-1.39639997	41	16	204
0.73198998	-0.042874001	-1.3987	41	16	204
0.73032999	-0.0414189994	-1.39629996	41	16	204
0.729780018	-0.0400170013	-1.39549994	41	16	204
0.728680015	-0.038594	-1.39380002	41	16	204
0.731419981	-0.0385770015	-1.39320004	41	16	204
0.730319977	-0.0399039984	-1.3915	41	16	204
0.729759991	-0.0412519984	-1.39059997	41	16	204
0.731939971	-0.0398389995	-1.38919997	41	16	204
0.730840027	-0.0411599986	-1.38750005	41	16	204
0.733560026	-0.0411420017	-1.38689995	41	16	204
0.735740006	-0.0438480005	-1.38540006	41	16	204
0.730790019	-0.0437619984	-1.38269997	41	16	204
0.729179978	-0.0452359989	-1.38489997	41	16	204
0.726450026	-0.045256	-1.38549995	41	16	204
0.727559984	-0.046707999	-1.38709998	41	16	204
0.728659987	-0.0481519997	-1.38880002	41	16	204
0.732500017	-0.0467999987	-1.38989997	41	16	204
0.734709978	-0.0427079983	-1.39330006	41	16	204
0.737999976	-0.0427150019	-1.39349997	41	16	204
0.737999976	-0.0455150008	-1.39339995	41	16	204
0.737999976	-0.0469189994	-1.39339995	41	16	204
0.739109993	-0.0483690016	-1.39499998	41	16	204
0.737479985	-0.0442290008	-1.39740002	41	16	204
0.744639993	-0.0456850007	-1.39859998	41	16	204
0.741890013	-0.0499490015	-1.39909995	41	16	204
0.741890013	-0.0514400005	-1.39909995	41	16	204
0.742439985	-0.0528829992	-1.39979994	41	16	204
0.742410004	-0.0527019985	-1.3951	41	16	204
0.748969972	-0.048223	-1.3908	41	16	204
0.752269983	-0.0482290015	-1.39100003	41	16	204
0.75563997	-0.0470059998	-1.39600003	41	16	204
0.753449976	-0.0470560007	-1.39750004	41	16	204
0.755079985	-0.044160001	-1.39530003	41	16	204
0.751209974	-0.0386100002	-1.3944	41	16	204
0.752830029	-0.0385470018	-1.39209998	41	16	204
0.753960013	-0.0371959992	-1.39380002	41	16	204
0.755580008	-0.0329939984	-1.39160001	41	16	204
0.757189989	-0.0329389982	-1.38929999	41	16	204
0.760500014	-0.0329429992	-1.38940001	41	16	204
0.759370029	-0.0301150009	-1.38779998	41	16	204
0.760500014	-0.0287100002	-1.38950002	41	16	204
0.758889973	-0.0287580006	-1.39180005	41	16	204
0.759450018	-0.0302189998	-1.39260006	41	16	204
0.756699979	-0.0287890006	-1.39330006	41	16	204
0.756200016	-0.0288709998	-1.3973	41	16	204
0.756200016	-0.026052	-1.39740002	41	16	204
0.755689979	-0.0261259992	-1.40129995	41	16	204
0.753489971	-0.0275069997	-1.40279996	41	16	204
0.752929986	-0.0289670005	-1.40190005	41	16	204
0.750699997	-0.0260770004	-1.3987	41	16	204
0.75177002	-0.0273650009	-1.39549994	41	16	204
0.751209974	-0.0288159996	-1.39470005	41	16	204
0.750649989	-0.0330450013	-1.3937	41	16	204
0.748459995	-0.0386280008	-1.3951	41	16	204
0.746270001	-0.0386690013	-1.39649999	41	16	204
0.742439985	-0.0359520018	-1.40040004	41	16	204
0.738579988	-0.0345420018	-1.3994	41	16	204
0.739139974	-0.0331990011	-1.40020001	41	16	204
0.736940026	-0.0332340002	-1.40170002	41	16	204
0.734189987	-0.0332479998	-1.4023	41	16	204
0.734740019	-0.0318690017	-1.40320003	41	16	204
0.737489998	-0.0360059999	-1.40250003	41	16	204
0.738030016	-0.0359040014	-1.39849997	41	16	204
0.733630002	-0.0344749987	-1.39670002	41	16	204
0.730880022	-0.0344900005	-1.3973	41	16	204
0.73198998	-0.0359149985	-1.39890003	41	16	204
0.73198998	-0.037331	-1.39890003	41	16	204
0.733070016	-0.0372480005	-1.39579999	41	16	204
0.734160006	-0.0385599993	-1.39260006	41	16	204
0.733049989	-0.0371199995	-1.39100003	41	16	204
0.736339986	-0.037126001	-1.39119995	41	16	204
0.743480027	-0.0330159999	-1.39250004	41	16	204
0.74454999	-0.0329420008	-1.38940001	41	16	204
0.744080007	-0.0317559987	-1.39820004	41	16	204
0.74575001	-0.0332089998	-1.40059996	41	16	204
0.74022001	-0.0303179994	-1.39719999	41	16	204
0.752960026	-0.0361110009	-1.4066	41	16	204
0.755689979	-0.0359710008	-1.40110004	41	16	204
0.757889986	-0.0359329991	-1.39960003	41	16	204
0.76007998	-0.0358950011	-1.39810002	41	16	204
0.761150002	-0.0344339982	-1.39499998	41	16	204
0.760020018	-0.0357710011	-1.39330006	41	16	204
0.762769997	-0.0343770012	-1.39269996	41	16	204
0.763899982	-0.0357969999	-1.39429998	41	16	204
0.763329983	-0.0371860005	-1.39339995	41	16	204
0.764379978	-0.0301719997	-1.39049995	41	16	204
0.766560018	-0.0301389992	-1.38900006	41	16	204
0.769879997	-0.0301419999	-1.38909996	41	16	204
0.768270016	-0.0272860005	-1.3915	41	16	204
0.766080022	-0.0273150001	-1.39300001	41	16	204
0.762769997	-0.0273119994	-1.39289999	41	16	204
0.763409972	-0.0260729995	-1.39849997	41	16	204
0.764540017	-0.0248060003	-1.40020001	41	16	204
0.765100002	-0.0274710003	-1.40100002	41	16	204
0.762340009	-0.0274839997	-1.4016	41	16	204
0.763469994	-0.0248620007	-1.40330005	41	16	204
0.764590025	-0.0235060006	-1.40499997	41	16	204
0.762950003	-0.0235450007	-1.4073	41	16	204
0.761820018	-0.0222200006	-1.40569997	41	16	204
0.761259973	-0.0206330009	-1.40489995	41	16	204
0.761259973	-0.0192099996	-1.40489995	41	16	204
0.761820018	-0.0179769993	-1.40579998	41	16	204
0.760179996	-0.0180060007	-1.40810001	41	16	204
0.759620011	-0.0206669997	-1.40719998	41	16	204
0.75849998	-0.0192189999	-1.40559995	41	16	204
0.75849998	-0.0164889991	-1.40559995	41	16	204
0.760140002	-0.0164620001	-1.40330005	41	16	204
0.763469994	-0.0191900004	-1.40339994	41	16	204
0.762340009	-0.0205860008	-1.40170002	41	16	204
0.765100002	-0.0205760002	-1.40110004	41	16	204
0.765100002	-0.0179169998	-1.40110004	41	16	204
0.769559979	-0.0206029993	-1.40289998	41	16	204
0.767929971	-0.0235079993	-1.40509999	41	16	204
0.771260023	-0.0235099997	-1.40530002	41	16	204
0.773469985	-0.0234849993	-1.40380001	41	16	204
0.772329986	-0.0248399992	-1.40209997	41	16	204
0.772329986	-0.0261400007	-1.40209997	41	16	204
0.775099993	-0.0261269994	-1.40139997	41	16	204
0.774529994	-0.0248130001	-1.40059996	41	16	204
0.774529994	-0.0234319996	-1.40059996	41	16	204
0.776719987	-0.0247859992	-1.39909995	41	16	204
0.776719987	-0.026083	-1.39900005	41	16	204
0.778439999	-0.0234479997	-1.40149999	41	16	204
0.781289995	-0.0206439998	-1.40569997	41	16	204
0.782429993	-0.0222449992	-1.4073	41	16	204
0.780219972	-0.0222689994	-1.40880001	41	16	204
0.779079974	-0.0206669997	-1.40719998	41	16	204
0.780219972	-0.0192639995	-1.40890002	41	16	204
0.778010011	-0.0180360004	-1.41040003	41	16	204
0.779709995	-0.0151509997	-1.41289997	41	16	204
0.781930029	-0.0151340002	-1.41139996	41	16	204
0.785860002	-0.0151439998	-1.41229999	41	16	204
0.784780025	-0.0138560003	-1.41550004	41	16	204
0.78591001	-0.0122750001	-1.41719997	41	16	204
0.788709998	-0.0122689996	-1.41649997	41	16	204
0.788709998	-0.0138649996	-1.41649997	41	16	204
0.788139999	-0.0166059993	-1.41559994	41	16	204
0.788709998	-0.0181130003	-1.41639996	41	16	204
0.78591001	-0.0181220006	-1.41709995	41	16	204
0.784780025	-0.0166049991	-1.41550004	41	16	204
0.781979978	-0.0166129991	-1.41620004	41	16	204
0.781979978	-0.0138630001	-1.41620004	41	16	204
0.780319989	-0.013886	-1.41859996	41	16	204
0.77809	-0.0139009999	-1.42009997	41	16	204
0.774169981	-0.0138910003	-1.41919994	41	16	204
0.772499979	-0.0123119997	-1.42149997	41	16	204
0.773630023	-0.0108859995	-1.42320001	41	16	204
0.77026999	-0.0123260003	-1.42309999	41	16	204
0.769710004	-0.00965209957	-1.42709994	41	16	204
0.769150019	-0.0067139999	-1.42630005	41	16	204
0.765789986	-0.00671330001	-1.42610002	41	16	204
0.765789986	-0.00813870039	-1.42610002	41	16	204
0.762989998	-0.00814250018	-1.42680001	41	16	204
0.761319995	-0.00670470018	-1.42429996	41	16	204
0.761879981	-0.00524719991	-1.42509997	41	16	204
0.759090006	-0.00524959993	-1.42579997	41	16	204
0.759639978	-0.00671570003	-1.42659998	41	16	204
0.756839991	-0.00525509985	-1.42729998	41	16	204
0.75515002	-0.00526360003	-1.4296	41	16	204
0.754599988	-0.00672580022	-1.42879999	41	16	204
0.753499985	-0.00965209957	-1.42709994	41	16	204
0.754050016	-0.0109219998	-1.42789996	41	16	204
0.751250029	-0.00966210011	-1.42859995	41	16	204
0.750699997	-0.00672100019	-1.42770004	41	16	204
0.750150025	-0.00525370007	-1.42690003	41	16	204
0.751839995	-0.00813009962	-1.42460001	41	16	204
0.754079998	-0.00812160037	-1.42309999	41	16	204
0.754630029	-0.00670310017	-1.42390001	41	16	204
0.753520012	-0.00961949956	-1.42229998	41	16	204
0.755760014	-0.00810839981	-1.42079997	41	16	204
0.75632	-0.00958249997	-1.41680002	41	16	204
0.753539979	-0.00958700012	-1.4174	41	16	204
0.753539979	-0.0108420001	-1.4174	41	16	204
0.751860023	-0.0108589996	-1.41980004	41	16	204
0.754090011	-0.013882	-1.41820002	41	16	204
0.753539979	-0.0166270006	-1.4174	41	16	204
0.752979994	-0.0181140006	-1.41649997	41	16	204
0.755209982	-0.0193479992	-1.41499996	41	16	204
0.754090011	-0.0180740003	-1.41340005	41	16	204
0.755200028	-0.0165429991	-1.41030002	41	16	204
0.754079998	-0.0151049998	-1.40859997	41	16	204
0.751869977	-0.0165410005	-1.41009998	41	16	204
0.749100029	-0.019289	-1.41069996	41	16	204
0.749100029	-0.0207170006	-1.41069996	41	16	204
0.751309991	-0.0206959993	-1.40919995	41	16	204
0.750760019	-0.0222609993	-1.40830004	41	16	204
0.749090016	-0.023519	-1.40579998	41	16	204
0.751850009	-0.0248939991	-1.4052	41	16	204
0.754079998	-0.0235639997	-1.40849996	41	16	204
0.756290019	-0.0249269996	-1.40699995	41	16	204
0.759620011	-0.0249300003	-1.40719998	41	16	204
0.761300027	-0.0235840008	-1.40970004	41	16	204
0.761300027	-0.0222820006	-1.40970004	41	16	204
0.759090006	-0.0236089993	-1.41120005	41	16	204
0.75740999	-0.0222670007	-1.40869999	41	16	204
0.75575	-0.0223030001	-1.41100001	41	16	204
0.754639983	-0.0206979997	-1.40939999	41	16	204
0.754050016	-0.0206160005	-1.40369999	41	16	204
0.755169988	-0.0164870005	-1.40550005	41	16	204
0.755169988	-0.015071	-1.40550005	41	16	204
0.760179996	-0.0150990002	-1.40810001	41	16	204
0.760760009	-0.0138379997	-1.4138	41	16	204
0.761879981	-0.0122600002	-1.41540003	41	16	204
0.763000011	-0.0108390003	-1.41709995	41	16	204
0.764660001	-0.0138480002	-1.41480005	41	16	204
0.766879976	-0.0151540004	-1.41320002	41	16	204
0.769659996	-0.01657	-1.41250002	41	16	204
0.770229995	-0.0151559999	-1.41340005	41	16	204
0.77414	-0.0165909994	-1.41429996	41	16	204
0.77471	-0.0151749998	-1.4152	41	16	204
0.776929975	-0.0151580004	-1.41359997	41	16	204
0.778060019	-0.0166020002	-1.41530001	41	16	204
0.773530006	-0.0180140007	-1.40869999	41	16	204
0.775740027	-0.0192399994	-1.40709996	41	16	204
0.775170028	-0.0222280007	-1.40629995	41	16	204
0.77403003	-0.0206289999	-1.40460002	41	16	204
0.771830022	-0.019227	-1.40620005	41	16	204
0.769620001	-0.0192479994	-1.40769994	41	16	204
0.76572001	-0.0179890003	-1.40670002	41	16	204
0.765160024	-0.0262090005	-1.40579998	41	16	204
0.764639974	-0.0276439991	-1.40970004	41	16	204
0.772960007	-0.0249400008	-1.40769994	41	16	204
0.772899985	-0.0318600014	-1.40279996	41	16	204
0.775099993	-0.0318260007	-1.40129995	41	16	204
0.774529994	-0.0332029983	-1.40040004	41	16	204
0.775579989	-0.0331280008	-1.39719999	41	16	204
0.774439991	-0.0316979997	-1.39559996	41	16	204
0.773299992	-0.0273369998	-1.39409995	41	16	204
0.772159994	-0.0287699997	-1.39240003	41	16	204
0.76997	-0.0288009997	-1.39390004	41	16	204
0.76779002	-0.028833	-1.39540005	41	16	204
0.767859995	-0.0261070002	-1.40030003	41	16	204
0.764469981	-0.0220570005	-1.39540005	41	16	204
0.761150002	-0.0220550001	-1.39530003	41	16	204
0.759519994	-0.0220909994	-1.39760005	41	16	204
0.759580016	-0.0248450004	-1.4023	41	16	204
0.774600029	-0.0333169997	-1.4052	41	16	204
0.760200024	-0.0193189997	-1.41289997	41	16	204
0.760760009	-0.0180789996	-1.41369998	41	16	204
0.75910002	-0.0181079991	-1.41600001	41	16	204
0.758539975	-0.019351	-1.4152	41	16	204
0.755760014	-0.0151829999	-1.41589999	41	16	204
0.75910002	-0.0138609996	-1.41610003	41	16	204
0.757979989	-0.0108190002	-1.4145	41	16	204
0.756869972	-0.0122370003	-1.41279995	41	16	204
0.752420008	-0.0122210002	-1.41100001	41	16	204
0.751869977	-0.0107859997	-1.41009998	41	16	204
0.750209987	-0.0122339996	-1.41240001	41	16	204
0.747990012	-0.0138400001	-1.41390002	41	16	204
0.746879995	-0.012232	-1.41219997	41	16	204
0.744109988	-0.0122379996	-1.41289997	41	16	204
0.744109988	-0.0138290003	-1.41289997	41	16	204
0.743009984	-0.0151319997	-1.41120005	41	16	204
0.744109988	-0.0193179995	-1.41279995	41	16	204
0.745220006	-0.0180879999	-1.4145	41	16	204
0.747439981	-0.0180690009	-1.41299999	41	16	204
0.746330023	-0.0207269993	-1.41129994	41	16	204
0.745220006	-0.0192750003	-1.40970004	41	16	204
0.741909981	-0.0207000002	-1.4095	41	16	204
0.740800023	-0.0222520009	-1.40779996	41	16	204
0.739690006	-0.0207209997	-1.4109	41	16	204
0.735279977	-0.0206930004	-1.40900004	41	16	204
0.731970012	-0.0206899997	-1.40880001	41	16	204
0.733609974	-0.0236099996	-1.41129994	41	16	204
0.731400013	-0.0223309994	-1.41270006	41	16	204
0.729210019	-0.0249680001	-1.40929997	41	16	204
0.730880022	-0.0262330007	-1.40699995	41	16	204
0.731970012	-0.0276229996	-1.40869999	41	16	204
0.73032999	-0.0290539991	-1.40610003	41	16	204
0.727580011	-0.0290660001	-1.40680003	41	16	204
0.725910008	-0.0320000015	-1.40900004	41	16	204
0.727580011	-0.0333510004	-1.40670002	41	16	204
0.732529998	-0.0402740017	-1.40439999	41	16	204
0.730889976	-0.0429689996	-1.40180004	41	16	204
0.728690028	-0.0414859988	-1.39849997	41	16	204
0.728139997	-0.0387040004	-1.39779997	41	16	204
0.728690028	-0.0373249985	-1.3987	41	16	204
0.726499975	-0.0344429985	-1.39540005	41	16	204
0.724300027	-0.0357370004	-1.39199996	41	16	204
0.722119987	-0.035774	-1.39339995	41	16	204
0.718810022	-0.0360129997	-1.40269995	41	16	204
0.714439988	-0.0443280004	-1.40059996	41	16	204
0.716090024	-0.0442570001	-1.39830005	41	16	204
0.709500015	-0.0429919995	-1.40260005	41	16	204
0.707889974	-0.0415330008	-1.40009999	41	16	204
0.705150008	-0.0415490009	-1.40069997	41	16	204
0.700219989	-0.0429919995	-1.40260005	41	16	204
0.698010027	-0.0430339985	-1.40400004	41	16	204
0.69907999	-0.0389249995	-1.40579998	41	16	204
0.70235002	-0.0473369993	-1.40579998	41	16	204
0.70235002	-0.048742	-1.40579998	41	16	204
0.699679971	-0.0500329994	-1.40149999	41	16	204
0.699150026	-0.0514959991	-1.40059996	41	16	204
0.70134002	-0.0514449999	-1.39919996	41	16	204
0.704079986	-0.0514240004	-1.39859998	41	16	204
0.704079986	-0.0499339998	-1.3987	41	16	204
0.705190003	-0.0498239994	-1.39559996	41	16	204
0.706839979	-0.0483140014	-1.39339995	41	16	204
0.707939982	-0.0482069999	-1.39030004	41	16	204
0.707939982	-0.0496339984	-1.39030004	41	16	204
0.70630002	-0.053927999	-1.39240003	41	16	204
0.704110026	-0.0539820008	-1.39380002	41	16	204
0.701929986	-0.0540359989	-1.39520001	41	16	204
0.706269979	-0.0527830012	-1.39719999	41	16	204
0.708459973	-0.0498340018	-1.39590001	41	16	204
0.699199975	-0.0498329997	-1.39590001	41	16	204
0.697059989	-0.0482840016	-1.39260006	41	16	204
0.692149997	-0.046955999	-1.39450002	41	16	204
0.691030025	-0.0470600016	-1.39760005	41	16	204
0.690419972	-0.0471919999	-1.40149999	41	16	204
0.684440017	-0.048599001	-1.4016	41	16	204
0.683910012	-0.0515000001	-1.40069997	41	16	204
0.682860017	-0.0499459989	-1.39900005	41	16	204
0.685580015	-0.0499279983	-1.39849997	41	16	204
0.68611002	-0.0514490008	-1.39929998	41	16	204
0.683809996	-0.0544300005	-1.40530002	41	16	204
0.685270011	-0.0504380018	-1.41279995	41	16	204
0.685270011	-0.0447219983	-1.41299999	41	16	204
0.682529986	-0.0433290005	-1.41359997	41	16	204
0.682529986	-0.0419339985	-1.41359997	41	16	204
0.682009995	-0.0405139998	-1.41279995	41	16	204
0.683049977	-0.0391680002	-1.4145	41	16	204
0.683570027	-0.0363399982	-1.41550004	41	16	204
0.684620023	-0.0378179997	-1.41709995	41	16	204
0.682529986	-0.0348980017	-1.4138	41	16	204
0.68147999	-0.0334810019	-1.41209996	41	16	204
0.683049977	-0.0306989998	-1.41480005	41	16	204
0.684099972	-0.0292680003	-1.41649997	41	16	204
0.685140014	-0.0278099999	-1.41820002	41	16	204
0.685140014	-0.0264420006	-1.41820002	41	16	204
0.687370002	-0.026416	-1.41690004	41	16	204
0.686320007	-0.0292390008	-1.41509998	41	16	204
0.690639973	-0.0292809997	-1.41719997	41	16	204
0.68671	-0.0322670005	-1.42069995	41	16	204
0.688279986	-0.0252170004	-1.42340004	41	16	204
0.689989984	-0.0224649999	-1.42120004	41	16	204
0.691039979	-0.0194569994	-1.42299998	41	16	204
0.691039979	-0.018197	-1.42299998	41	16	204
0.687749982	-0.0181930009	-1.42260003	41	16	204
0.687229991	-0.0166790001	-1.42180002	41	16	204
0.68671	-0.0194290001	-1.42089999	41	16	204
0.685140014	-0.022419	-1.41830003	41	16	204
0.686190009	-0.0237569995	-1.41999996	41	16	204
0.686839998	-0.0207979996	-1.41610003	41	16	204
0.695500016	-0.0194189996	-1.42019999	41	16	204
0.695500016	-0.023759	-1.42009997	41	16	204
0.702610016	-0.0194390006	-1.4217	41	16	204
0.705370009	-0.0208710004	-1.42110002	41	16	204
0.706439972	-0.0181949995	-1.42279994	41	16	204
0.708029985	-0.0194899999	-1.42540002	41	16	204
0.705900013	-0.012317	-1.42200005	41	16	204
0.706539989	-0.0138809998	-1.4181	41	16	204
0.706009984	-0.0122750001	-1.41729999	41	16	204
0.707700014	-0.0138499998	-1.41499996	41	16	204
0.711520016	-0.0138609996	-1.41610003	41	16	204
0.713129997	-0.0122880004	-1.41869998	41	16	204
0.714820027	-0.0122680003	-1.41639996	41	16	204
0.715900004	-0.00959150027	-1.4181	41	16	204
0.716970026	-0.0108599998	-1.41980004	41	16	204
0.718659997	-0.0122779999	-1.41750002	41	16	204
0.720879972	-0.0122649996	-1.41610003	41	16	204
0.721430004	-0.00958359987	-1.41700006	41	16	204
0.72250998	-0.0108510004	-1.41859996	41	16	204
0.720279992	-0.0108620003	-1.42009997	41	16	204
0.721889973	-0.00962170027	-1.42260003	41	16	204
0.722970009	-0.00812830031	-1.42429996	41	16	204
0.725750029	-0.00812490005	-1.42369998	41	16	204
0.728519976	-0.0108850002	-1.42309999	41	16	204
0.72744	-0.013913	-1.42139995	41	16	204
0.726899981	-0.0152319996	-1.42050004	41	16	204
0.726360023	-0.0166529994	-1.41970003	41	16	204
0.725820005	-0.0181430001	-1.4188	41	16	204
0.72803998	-0.0193799995	-1.41729999	41	16	204
0.726960003	-0.018104	-1.41569996	41	16	204
0.72913003	-0.0166459996	-1.41910005	41	16	204
0.731899977	-0.0181389991	-1.41840005	41	16	204
0.732450008	-0.0166490003	-1.41929996	41	16	204
0.732450008	-0.0138929999	-1.41929996	41	16	204
0.731360018	-0.0122790001	-1.41770005	41	16	204
0.72913003	-0.0122910002	-1.41910005	41	16	204
0.72803998	-0.0138739999	-1.4174	41	16	204
0.725269973	-0.0122819999	-1.41799998	41	16	204
0.72803998	-0.00958689954	-1.4174	41	16	204
0.732990026	-0.0108629996	-1.42019999	41	16	204
0.736859977	-0.0108709997	-1.42130005	41	16	204
0.737399995	-0.00961839966	-1.42209995	41	16	204
0.739639997	-0.00960849971	-1.42060006	41	16	204
0.740190029	-0.0108730001	-1.42149997	41	16	204
0.740729988	-0.0139220003	-1.42229998	41	16	204
0.739639997	-0.0152329998	-1.42060006	41	16	204
0.737399995	-0.0152489999	-1.42200005	41	16	204
0.736310005	-0.0166619997	-1.42040002	41	16	204
0.735220015	-0.0181419998	-1.41869998	41	16	204
0.735220015	-0.0193980001	-1.41859996	41	16	204
0.733539999	-0.0194290001	-1.42089999	41	16	204
0.734619975	-0.0152550004	-1.42270005	41	16	204
0.731850028	-0.0152620003	-1.42330003	41	16	204
0.732389987	-0.0108930003	-1.42420006	41	16	204
0.732930005	-0.00813249964	-1.42499995	41	16	204
0.735710025	-0.00812899973	-1.42439997	41	16	204
0.737349987	-0.00965090003	-1.42690003	41	16	204
0.739040017	-0.0123389997	-1.42460001	41	16	204
0.741829991	-0.0123340003	-1.42400002	41	16	204
0.743510008	-0.0123140002	-1.4217	41	16	204
0.743510008	-0.0152439997	-1.42159998	41	16	204
0.741869986	-0.0138910003	-1.41910005	41	16	204
0.743550003	-0.0122720003	-1.41690004	41	16	204
0.742990017	-0.0138600003	-1.41600001	41	16	204
0.742990017	-0.0166100003	-1.41600001	41	16	204
0.744099975	-0.0181280002	-1.41760004	41	16	204
0.742990017	-0.0193610005	-1.41589999	41	16	204
0.740769982	-0.0193809997	-1.4174	41	16	204
0.740769982	-0.0181259997	-1.4174	41	16	204
0.739090025	-0.0181549992	-1.41970003	41	16	204
0.737990022	-0.0166350007	-1.4181	41	16	204
0.739120007	-0.0165979993	-1.41489995	41	16	204
0.737450004	-0.0223999992	-1.41709995	41	16	204
0.734130025	-0.0237050001	-1.41690004	41	16	204
0.740729988	-0.0194470007	-1.42219996	41	16	204
0.747950017	-0.0152639998	-1.42349994	41	16	204
0.748529971	-0.0166519992	-1.41949999	41	16	204
0.751309991	-0.0166439991	-1.41890001	41	16	204
0.749650002	-0.0151880002	-1.41639996	41	16	204
0.751869977	-0.015172	-1.41489995	41	16	204
0.75910002	-0.0139079997	-1.42089999	41	16	204
0.764119983	-0.00962860044	-1.42359996	41	16	204
0.76523	-0.00524770003	-1.4253	41	16	204
0.761300027	-0.00381859997	-1.42910004	41	16	204
0.761300027	-0.00239020004	-1.42910004	41	16	204
0.760160029	-0.00239549996	-1.43229997	41	16	204
0.758459985	-0.00239940011	-1.4346	41	16	204
0.758459985	-0.00111780001	-1.4346	41	16	204
0.758459985	-0.00383329997	-1.4346	41	16	204
0.756210029	-0.00383720011	-1.43610001	41	16	204
0.75503999	-0.00112150004	-1.43929994	41	16	204
0.756139994	-0.00240990007	-1.44089997	41	16	204
0.752229989	-0.00112200005	-1.43990004	41	16	204
0.750590026	-0.00240399991	-1.43739998	41	16	204
0.746689975	-0.00111920002	-1.43640006	41	16	204
0.747300029	-0.00382729992	-1.43239999	41	16	204
0.750100017	-0.00382560003	-1.43169999	41	16	204
0.750100017	-0.00673979986	-1.43169999	41	16	204
0.748399973	-0.00675070006	-1.43400002	41	16	204
0.743960023	-0.00674179988	-1.43219995	41	16	204
0.740069985	-0.00673690019	-1.43110001	41	16	204
0.738439977	-0.00526000001	-1.42859995	41	16	204
0.738439977	-0.00238929992	-1.42859995	41	16	204
0.740679979	-0.0023868999	-1.42719996	41	16	204
0.739589989	-0.00524839992	-1.42550004	41	16	204
0.742380023	-0.00524610002	-1.42480004	41	16	204
0.744610012	-0.00524070021	-1.42340004	41	16	204
0.745710015	-0.00813260023	-1.42499995	41	16	204
0.745159984	-0.00963259954	-1.42420006	41	16	204
0.742919981	-0.00813619979	-1.42569995	41	16	204
0.741230011	-0.00814940035	-1.42799997	41	16	204
0.735099971	-0.00672399998	-1.42840004	41	16	204
0.735099971	-0.00525909988	-1.42840004	41	16	204
0.732860029	-0.00526450016	-1.42980003	41	16	204
0.732860029	-0.00673080003	-1.42980003	41	16	204
0.731230021	-0.00381379994	-1.42729998	41	16	204
0.732389987	-0.00380540011	-1.42420006	41	16	204
0.735170007	-0.00380380009	-1.42359996	41	16	204
0.737399995	-0.00379989995	-1.42209995	41	16	204
0.730149984	-0.0081358999	-1.42560005	41	16	204
0.731230021	-0.00965350028	-1.42729998	41	16	204
0.72845	-0.00672180019	-1.42789996	41	16	204
0.727370024	-0.00525119994	-1.42620003	41	16	204
0.725120008	-0.0052565001	-1.42770004	41	16	204
0.723950028	-0.00526800007	-1.43079996	41	16	204
0.724489987	-0.00673930021	-1.43159997	41	16	204
0.726740003	-0.00673250016	-1.43019998	41	16	204
0.721700013	-0.00674200011	-1.43219995	41	16	204
0.720099986	-0.00526389992	-1.42970002	41	16	204
0.720099986	-0.0038201001	-1.42970002	41	16	204
0.717850029	-0.0038238999	-1.43110001	41	16	204
0.718379974	-0.00527229998	-1.43200004	41	16	204
0.715059996	-0.00527130021	-1.43169999	41	16	204
0.713999987	-0.00673160003	-1.42999995	41	16	204
0.713469982	-0.00815599971	-1.42910004	41	16	204
0.713999987	-0.0096715996	-1.42999995	41	16	204
0.716239989	-0.00966210011	-1.42859995	41	16	204
0.715709984	-0.0109200003	-1.42770004	41	16	204
0.715709984	-0.00814789999	-1.42770004	41	16	204
0.716239989	-0.0067249001	-1.42859995	41	16	204
0.719020009	-0.00814940035	-1.42799997	41	16	204
0.717949986	-0.00964669976	-1.42630005	41	16	204
0.719020009	-0.0109219998	-1.42799997	41	16	204
0.721809983	-0.00814609975	-1.42739999	41	16	204
0.720730007	-0.00380950002	-1.42569995	41	16	204
0.722970009	-0.00380569999	-1.42429996	41	16	204
0.724669993	-0.00379960006	-1.42200005	41	16	204
0.712930024	-0.00381639996	-1.42830002	41	16	204
0.711749971	-0.0038246999	-1.43139994	41	16	204
0.712279975	-0.00239540008	-1.43229997	41	16	204
0.710560024	-0.00239920011	-1.43449998	41	16	204
0.710030019	-0.00111710001	-1.43369997	41	16	204
0.710030019	-0.00383069995	-1.43369997	41	16	204
0.708299994	-0.00383669999	-1.43589997	41	16	204
0.70776999	-0.0024001	-1.43509996	41	16	204
0.706040025	-0.00240390003	-1.43729997	41	16	204
0.704990029	-0.00111860002	-1.43560004	41	16	204
0.704990029	-0.00383600011	-1.43560004	41	16	204
0.703779995	-0.00112100004	-1.43869996	41	16	204
0.704299986	-0.00240770006	-1.43959999	41	16	204
0.700469971	-0.00240570004	-1.43840003	41	16	204
0.696280003	-0.00527099986	-1.43159997	41	16	204
0.70115	-0.0124239996	-1.43439996	41	16	204
0.704460025	-0.0124270003	-1.43470001	41	16	204
0.708440006	-0.010946	-1.43110001	41	16	204
0.707910001	-0.00967350043	-1.43019998	41	16	204
0.707910001	-0.00673290016	-1.4303	41	16	204
0.706849992	-0.00525979977	-1.42859995	41	16	204
0.704069972	-0.00111359998	-1.42910004	41	16	204
0.711749971	-0.00673819985	-1.43139994	41	16	204
0.711220026	-0.00967549998	-1.43050003	41	16	204
0.713339984	-0.00527960015	-1.4339	41	16	204
0.714940012	-0.00111930002	-1.43649995	41	16	204
0.717729986	-0.00240150001	-1.43589997	41	16	204
0.719330013	-0.00112080004	-1.43850005	41	16	204
0.721589983	-0.00111970003	-1.43700004	41	16	204
0.721050024	-0.0024019999	-1.43620002	41	16	204
0.723309994	-0.00239960011	-1.43480003	41	16	204
0.726639986	-0.00240000011	-1.43499994	41	16	204
0.72943002	-0.00239900011	-1.43439996	41	16	204
0.73168999	-0.00239660009	-1.43299997	41	16	204
0.736109972	-0.00111800001	-1.43490005	41	16	204
0.73664999	-0.00240119989	-1.43570006	41	16	204
0.738359988	-0.00239740009	-1.43340003	41	16	204
0.740620017	-0.0011158	-1.43200004	41	16	204
0.742160022	-0.00112150004	-1.43929994	41	16	204
0.735469997	-0.00112110004	-1.43889999	41	16	204
0.733210027	-0.00112230005	-1.44029999	41	16	204
0.729860008	-0.00112210005	-1.44009995	41	16	204
0.725449979	-0.00112060003	-1.43809998	41	16	204
0.704069972	-0.0123779997	-1.42910004	41	16	204
0.721270025	-0.0139629999	-1.42649996	41	16	204
0.724590003	-0.0139659997	-1.42680001	41	16	204
0.725660026	-0.0153170004	-1.42840004	41	16	204
0.724049985	-0.0167270005	-1.42589998	41	16	204
0.725750029	-0.0139349997	-1.42359996	41	16	204
0.724669993	-0.0152479997	-1.42200005	41	16	204
0.724669993	-0.0166800003	-1.42190003	41	16	204
0.718580008	-0.0166839994	-1.42229998	41	16	204
0.715810001	-0.015257	-1.42289996	41	16	204
0.724489987	-0.0153510002	-1.43159997	41	16	204
0.747359991	-0.010919	-1.42750001	41	16	204
0.74849999	-0.00812899973	-1.42439997	41	16	204
0.754000008	-0.0109590003	-1.43270004	41	16	204
0.760609984	-0.00112419995	-1.44280005	41	16	204
0.762809992	-0.00241860002	-1.4461	41	16	204
0.767359972	-0.00112449995	-1.44309998	41	16	204
0.770739973	-0.00112459995	-1.44330001	41	16	204
0.773010015	-0.00112340006	-1.4418	41	16	204
0.771369994	-0.00111770001	-1.43439996	41	16	204
0.773620009	-0.00239649997	-1.43289995	41	16	204
0.773060024	-0.00382649992	-1.43210006	41	16	204
0.772509992	-0.0052697002	-1.43120003	41	16	204
0.772509992	-0.00816790015	-1.43120003	41	16	204
0.774749994	-0.00815930031	-1.42970002	41	16	204
0.774749994	-0.00673029991	-1.42970002	41	16	204
0.778119981	-0.00815999974	-1.42980003	41	16	204
0.780929983	-0.00815599971	-1.42910004	41	16	204
0.782060027	-0.00673539983	-1.43079996	41	16	204
0.781499982	-0.00526499981	-1.42999995	41	16	204
0.782609999	-0.00525330007	-1.42680001	41	16	204
0.784860015	-0.00524759991	-1.4253	41	16	204
0.783720016	-0.00670150016	-1.42359996	41	16	204
0.784860015	-0.00813379977	-1.42519999	41	16	204
0.78599	-0.00965069979	-1.42690003	41	16	204
0.783179998	-0.010919	-1.42760003	41	16	204
0.780369997	-0.0109249996	-1.42830002	41	16	204
0.779240012	-0.00964920036	-1.42659998	41	16	204
0.775879979	-0.00964829978	-1.42649996	41	16	204
0.773069978	-0.00965300016	-1.42719996	41	16	204
0.768580019	-0.0038216	-1.4303	41	16	204
0.769140005	-0.00239349995	-1.43110001	41	16	204
0.766889989	-0.00239600008	-1.43260002	41	16	204
0.766330004	-0.00382569991	-1.43180001	41	16	204
0.761820018	-0.00383369997	-1.43480003	41	16	204
0.772509992	-0.00111519999	-1.43120003	41	16	204
0.77530998	-0.00111469999	-1.43060005	41	16	204
0.778119981	-0.00111409998	-1.42990005	41	16	204
0.77700001	-0.00239669997	-1.43299997	41	16	204
0.77700001	-0.00527630001	-1.43299997	41	16	204
0.778680027	-0.00383569999	-1.43550003	41	16	204
0.781499982	-0.00675430009	-1.43480003	41	16	204
0.782620013	-0.00528889988	-1.43649995	41	16	204
0.784879982	-0.0023999	-1.43490005	41	16	204
0.787129998	-0.00111690001	-1.43340003	41	16	204
0.786000013	-0.00239460007	-1.43169999	41	16	204
0.788250029	-0.00382150011	-1.43019998	41	16	204
0.789929986	-0.00381510006	-1.42780006	41	16	204
0.791069984	-0.00239080004	-1.42949998	41	16	204
0.791639984	-0.00526619982	-1.4303	41	16	204
0.790499985	-0.00672519999	-1.42859995	41	16	204
0.791610003	-0.00813489966	-1.42540002	41	16	204
0.795560002	-0.00671450002	-1.42639995	41	16	204
0.795560002	-0.00525170006	-1.42639995	41	16	204
0.796130002	-0.00814479962	-1.42719996	41	16	204
0.795560002	-0.00964710023	-1.42630005	41	16	204
0.795019984	-0.00526650017	-1.43040001	41	16	204
0.79786998	-0.0067528002	-1.43449998	41	16	204
0.79786998	-0.00239920011	-1.43449998	41	16	204
0.793919981	-0.00112080004	-1.43840003	41	16	204
0.791090012	-0.00384539994	-1.43920004	41	16	204
0.787129998	-0.00384290004	-1.4382	41	16	204
0.785430014	-0.00384930009	-1.44060004	41	16	204
0.78937	-0.00241909991	-1.44640005	41	16	204
0.782060027	-0.00111489999	-1.43079996	41	16	204
0.785420001	-0.00238509988	-1.42610002	41	16	204
0.790470004	-0.0038044001	-1.42379999	41	16	204
0.792699993	-0.00380029995	-1.42229998	41	16	204
0.785960019	-0.00811559986	-1.42209995	41	16	204
0.785960019	-0.00961800013	-1.42200005	41	16	204
0.785390019	-0.0108709997	-1.42120004	41	16	204
0.784250021	-0.0122950003	-1.41960001	41	16	204
0.782589972	-0.0123159997	-1.42190003	41	16	204
0.783159971	-0.0108820004	-1.42270005	41	16	204
0.780350029	-0.012329	-1.42340004	41	16	204
0.780920029	-0.00670479983	-1.42429996	41	16	204
0.784309983	-0.00815670006	-1.42929995	41	16	204
0.784870028	-0.00967229996	-1.43009996	41	16	204
0.781499982	-0.0123849995	-1.42990005	41	16	204
0.787620008	-0.00960200001	-1.41970003	41	16	204
0.787620008	-0.0108589996	-1.41970003	41	16	204
0.789279997	-0.0108409999	-1.41729999	41	16	204
0.804690003	-0.00240750005	-1.43949997	41	16	204
0.804130018	-0.00112859998	-1.44840002	41	16	204
0.808109999	-0.00112929998	-1.44930005	41	16	204
0.810389996	-0.00112799997	-1.44770002	41	16	204
0.767470002	-0.010853	-1.41890001	41	16	204
0.770259976	-0.013882	-1.41820002	41	16	204
0.745769978	-0.026385	-1.4152	41	16	204
0.746330023	-0.0291579999	-1.41120005	41	16	204
0.747430027	-0.0222580004	-1.40820003	41	16	204
0.733039975	-0.0138539998	-1.41540003	41	16	204
0.70502001	-0.0122189997	-1.41079998	41	16	204
0.703249991	-0.0166309997	-1.41779995	41	16	204
0.689840019	-0.0209430009	-1.426	41	16	204
0.689320028	-0.0152829997	-1.42519999	41	16	204
0.688279986	-0.0139340004	-1.42349994	41	16	204
0.69155997	-0.0139370002	-1.42390001	41	16	204
0.694320023	-0.0108869998	-1.42340004	41	16	204
0.693660021	-0.0153050004	-1.42729998	41	16	204
0.693660021	-0.0167430006	-1.42729998	41	16	204
0.684859991	-0.0333760008	-1.40769994	41	16	204
0.684099972	-0.0448190011	-1.41610003	41	16	204
0.688539982	-0.0560909994	-1.41289997	41	16	204
0.683570027	-0.059018001	-1.41470003	41	16	204
0.682389975	-0.0591459982	-1.41779995	41	16	204
0.682910025	-0.0607330017	-1.41859996	41	16	204
0.686190009	-0.0607470013	-1.41890001	41	16	204
0.685800016	-0.0633980036	-1.41320002	41	16	204
0.701820016	-0.0544059984	-1.40470004	41	16	204
0.701279998	-0.0629649982	-1.40349996	41	16	204
0.702950001	-0.0628649965	-1.40129995	41	16	204
0.699679971	-0.0642009974	-1.40090001	41	16	204
0.698610008	-0.0654210001	-1.39919996	41	16	204
0.69641	-0.065485999	-1.40050006	41	16	204
0.698549986	-0.0629900023	-1.40400004	41	16	204
0.69907999	-0.0643810034	-1.40480006	41	16	204
0.700680017	-0.0671769977	-1.40719998	41	16	204
0.704940021	-0.0704379976	-1.41390002	41	16	204
0.708840013	-0.068810001	-1.41030002	41	16	204
0.718180001	-0.0673239976	-1.41030002	41	16	204
0.692089975	-0.0640959963	-1.39859998	41	16	204
0.694339991	-0.0610809997	-1.39260006	41	16	204
0.708909988	-0.0431130007	-1.40649998	41	16	204
0.713810027	-0.0446039997	-1.40929997	41	16	204
0.721480012	-0.040479999	-1.41159999	41	16	204
0.724300027	-0.0443519987	-1.40129995	41	16	204
0.729229987	-0.0248840004	-1.40460002	41	16	204
0.783569992	-0.019266	-1.40900004	41	16	204
0.757939994	-0.0444430001	-1.40419996	41	16	204
0.755729973	-0.0444899984	-1.40569997	41	16	204
0.725380003	-0.0453579985	-1.38859999	41	16	204
0.719900012	-0.058557	-1.40369999	41	16	204
0.713750005	-0.0306919999	-1.41439998	41	16	204
