0.695070028	0.000439780008	-1.43470001	88	50	126
0.695070028	0.00186660001	-1.43470001	88	50	126
0.696799994	0.00186369999	-1.4325	88	50	126
0.695230007	0.000438310002	-1.42990005	88	50	126
0.697470009	0.000437890005	-1.42850006	88	50	126
0.698660016	0.000436939998	-1.42540002	88	50	126
0.699850023	0.00043598999	-1.42229998	88	50	126
0.702080011	0.000435569993	-1.421	88	50	126
0.706969976	0.000436439994	-1.42379999	88	50	126
0.713569999	0.00185310002	-1.42439997	88	50	126
0.713999987	0.00186049996	-1.42999995	88	50	126
0.713999987	0.000438340008	-1.42999995	88	50	126
0.711749971	0.00186229998	-1.43139994	88	50	126
0.710030019	0.0018653	-1.43369997	88	50	126
0.710030019	0.00315489992	-1.43369997	88	50	126
0.709360003	0.00316360011	-1.43760002	88	50	126
0.70709002	0.00316670001	-1.43900001	88	50	126
0.706570029	0.00187110004	-1.4382	88	50	126
0.703779995	0.00316599989	-1.43869996	88	50	126
0.703779995	0.00479329983	-1.43869996	88	50	126
0.70273	0.00629949989	-1.43700004	88	50	126
0.700990021	0.00756420009	-1.43929994	88	50	126
0.702040017	0.0090428004	-1.44089997	88	50	126
0.699249983	0.00757599995	-1.44149995	88	50	126
0.699769974	0.00632289983	-1.44239998	88	50	126
0.700820029	0.0048111002	-1.44410002	88	50	126
0.703090012	0.00480639981	-1.44270003	88	50	126
0.705879986	0.00757930009	-1.44210005	88	50	126
0.708150029	0.00631569978	-1.44070005	88	50	126
0.712530017	0.00480649993	-1.44270003	88	50	126
0.712000012	0.00187589996	-1.44190001	88	50	126
0.713739991	0.00479619997	-1.43959999	88	50	126
0.71706003	0.0063120001	-1.43990004	88	50	126
0.71706003	0.00756750023	-1.43990004	88	50	126
0.715860009	0.00632569985	-1.44299996	88	50	126
0.716920018	0.00759269996	-1.4447	88	50	126
0.714110017	0.00759570021	-1.44519997	88	50	126
0.714640021	0.00907499995	-1.4461	88	50	126
0.712890029	0.00761209987	-1.44840002	88	50	126
0.711310029	0.0104769999	-1.44579995	88	50	126
0.709559977	0.010493	-1.44809997	88	50	126
0.708329976	0.010516	-1.45120001	88	50	126
0.706040025	0.0105259996	-1.4526	88	50	126
0.704270005	0.0118519999	-1.45480001	88	50	126
0.705839992	0.0151500003	-1.45729995	88	50	126
0.704270005	0.0164310001	-1.45480001	88	50	126
0.703750014	0.0178059991	-1.45389998	88	50	126
0.707799971	0.013491	-1.45029998	88	50	126
0.712189972	0.01351	-1.45229995	88	50	126
0.714470029	0.0134969996	-1.45089996	88	50	126
0.714999974	0.0118270004	-1.45169997	88	50	126
0.713760018	0.0118519999	-1.45480001	88	50	126
0.712520003	0.0118770003	-1.45799994	88	50	126
0.713039994	0.0151650002	-1.45879996	88	50	126
0.714290023	0.015133	-1.45570004	88	50	126
0.718159974	0.016454	-1.45679998	88	50	126
0.718159974	0.0178410001	-1.45679998	88	50	126
0.719929993	0.0178130008	-1.45449996	88	50	126
0.722220004	0.0177960005	-1.45309997	88	50	126
0.725560009	0.0177989993	-1.4533	88	50	126
0.725030005	0.0135120004	-1.45249999	88	50	126
0.723969996	0.0118190004	-1.45089996	88	50	126
0.722909987	0.0105010001	-1.44920003	88	50	126
0.722909987	0.00909440033	-1.44920003	88	50	126
0.719569981	0.00909269974	-1.44889998	88	50	126
0.719039977	0.010493	-1.44809997	88	50	126
0.720099986	0.0118100001	-1.4497	88	50	126
0.71833998	0.011829	-1.45200002	88	50	126
0.719399989	0.0135230003	-1.45369995	88	50	126
0.721689999	0.01351	-1.45229995	88	50	126
0.71675998	0.0150680002	-1.44939995	88	50	126
0.712890029	0.0150560001	-1.4483	88	50	126
0.716229975	0.0104970001	-1.44860005	88	50	126
0.71675998	0.00635420019	-1.44949996	88	50	126
0.720780015	0.00481690001	-1.44579995	88	50	126
0.722519994	0.00480929995	-1.44350004	88	50	126
0.723060012	0.00759109994	-1.44439995	88	50	126
0.724789977	0.00632169982	-1.44210005	88	50	126
0.72586	0.00481009996	-1.44379997	88	50	126
0.728670001	0.00317590008	-1.44319999	88	50	126
0.729210019	0.00481100008	-1.44400001	88	50	126
0.730939984	0.00632019993	-1.44169998	88	50	126
0.733739972	0.00480129989	-1.4411	88	50	126
0.734820008	0.00632499997	-1.44280005	88	50	126
0.736549973	0.00631489977	-1.44050002	88	50	126
0.734820008	0.00317510008	-1.44280005	88	50	126
0.733210027	0.00187389995	-1.44029999	88	50	126
0.735469997	0.00187200005	-1.43889999	88	50	126
0.737190008	0.000440350006	-1.43659997	88	50	126
0.733850002	0.000440280011	-1.43630004	88	50	126
0.731589973	0.000440729986	-1.43780005	88	50	126
0.729860008	0.00316899992	-1.44009995	88	50	126
0.728250027	0.0047892998	-1.4375	88	50	126
0.726530015	0.00187329995	-1.43980002	88	50	126
0.726530015	0.000441350014	-1.43980002	88	50	126
0.727180004	0.000440139993	-1.43589997	88	50	126
0.725570023	0.0018648	-1.43330002	88	50	126
0.722119987	0.0031641	-1.43789995	88	50	126
0.720390022	0.00631320011	-1.44009995	88	50	126
0.717199981	0.00315800007	-1.43509996	88	50	126
0.714940012	0.00316109997	-1.43649995	88	50	126
0.717850029	0.000438679999	-1.43110001	88	50	126
0.727469981	0.00760129979	-1.44630003	88	50	126
0.730279982	0.00907259993	-1.44570005	88	50	126
0.733089983	0.00906880014	-1.44509995	88	50	126
0.734160006	0.00760390004	-1.44679999	88	50	126
0.731350005	0.00634509977	-1.44739997	88	50	126
0.729070008	0.0090923002	-1.44879997	88	50	126
0.726790011	0.00910129957	-1.45029998	88	50	126
0.72785002	0.0105219996	-1.45200002	88	50	126
0.729979992	0.0118559999	-1.45529997	88	50	126
0.729449987	0.0135300001	-1.45449996	88	50	126
0.732270002	0.0135249998	-1.45389998	88	50	126
0.73281002	0.0118509997	-1.45469999	88	50	126
0.73281002	0.0105419997	-1.45469999	88	50	126
0.734030008	0.0105189998	-1.45159996	88	50	126
0.73348999	0.00762479985	-1.45079994	88	50	126
0.737389982	0.0105210003	-1.45179999	88	50	126
0.739669979	0.0105100004	-1.45039999	88	50	126
0.741410017	0.00761070009	-1.44809997	88	50	126
0.742609978	0.00633430015	-1.44500005	88	50	126
0.741519988	0.00480849994	-1.44330001	88	50	126
0.739250004	0.00481329998	-1.4447	88	50	126
0.738170028	0.00317559997	-1.44309998	88	50	126
0.739899993	0.00317050004	-1.44079995	88	50	126
0.743789971	0.00317279994	-1.4418	88	50	126
0.746060014	0.00316959992	-1.4404	88	50	126
0.747229993	0.00186990004	-1.43719995	88	50	126
0.746140003	0.000440039992	-1.43550003	88	50	126
0.749490023	0.00186790002	-1.43570006	88	50	126
0.750039995	0.000440350006	-1.43659997	88	50	126
0.75395	0.000440670003	-1.43760002	88	50	126
0.756139994	0.00187469996	-1.44089997	88	50	126
0.757860005	0.00479289982	-1.43859994	88	50	126
0.75395	0.00478950003	-1.43760002	88	50	126
0.753329992	0.00480279978	-1.44159997	88	50	126
0.753239989	0.00481890002	-1.44640005	88	50	126
0.754329979	0.00318660005	-1.44809997	88	50	126
0.756060004	0.00318149989	-1.44579995	88	50	126
0.759440005	0.0031818999	-1.44599998	88	50	126
0.761160016	0.00317679998	-1.44360006	88	50	126
0.762809992	0.00188150001	-1.4461	88	50	126
0.76226002	0.000443030003	-1.44529998	88	50	126
0.767359972	0.00317570008	-1.44309998	88	50	126
0.768519998	0.00187339995	-1.43990004	88	50	126
0.770780027	0.000440920005	-1.43840003	88	50	126
0.777540028	0.000441009994	-1.43869996	88	50	126
0.779799998	0.000440539996	-1.43719995	88	50	126
0.783749998	0.000440829986	-1.43809998	88	50	126
0.78599	0.00187539996	-1.44140005	88	50	126
0.783720016	0.00187739998	-1.44299996	88	50	126
0.781449974	0.00187939999	-1.44449997	88	50	126
0.778060019	0.000442749995	-1.44439995	88	50	126
0.77522999	0.0018801	-1.44509995	88	50	126
0.772960007	0.000443430006	-1.44659996	88	50	126
0.770120025	0.00044363999	-1.44729996	88	50	126
0.770120025	0.00188300002	-1.44729996	88	50	126
0.768400013	0.00188600004	-1.44959998	88	50	126
0.767849982	0.000444100006	-1.44879997	88	50	126
0.767289996	0.00318629993	-1.44799995	88	50	126
0.765559971	0.0063577001	-1.45029998	88	50	126
0.764460027	0.0076134	-1.44860005	88	50	126
0.764460027	0.00909079984	-1.44860005	88	50	126
0.762730002	0.00762569997	-1.45099998	88	50	126
0.760990024	0.00637080008	-1.4533	88	50	126
0.757610023	0.00637000008	-1.45309997	88	50	126
0.759899974	0.00910960045	-1.45159996	88	50	126
0.758159995	0.0105360001	-1.45389998	88	50	126
0.754230022	0.0105280001	-1.45290005	88	50	126
0.754230022	0.0118359998	-1.45290005	88	50	126
0.75247997	0.0118549997	-1.45519996	88	50	126
0.750729978	0.0105619999	-1.45749998	88	50	126
0.751820028	0.0118880002	-1.45920002	88	50	126
0.748979986	0.0118930005	-1.45990002	88	50	126
0.746140003	0.0118979998	-1.4605	88	50	126
0.745060027	0.0135700004	-1.45879996	88	50	126
0.741150022	0.0135599999	-1.45770001	88	50	126
0.740610003	0.0118690003	-1.4569	88	50	126
0.738309979	0.0118810004	-1.45840001	88	50	126
0.736169994	0.0135350004	-1.45500004	88	50	126
0.735480011	0.0151669998	-1.45889997	88	50	126
0.732649982	0.0151730003	-1.45949996	88	50	126
0.733709991	0.0165040009	-1.4612	88	50	126
0.736549973	0.0193039998	-1.46060002	88	50	126
0.73992002	0.0178909991	-1.46080005	88	50	126
0.740459979	0.015195	-1.46169996	88	50	126
0.738690019	0.0165359993	-1.46399999	88	50	126
0.742600024	0.0165480003	-1.46510005	88	50	126
0.744910002	0.0152150001	-1.46360004	88	50	126
0.747749984	0.0152089996	-1.46300006	88	50	126
0.749909997	0.0165619999	-1.46630001	88	50	126
0.747060001	0.0165689997	-1.46700001	88	50	126
0.746519983	0.0179549996	-1.46609998	88	50	126
0.744910002	0.0207870007	-1.46350002	88	50	126
0.744369984	0.0193319991	-1.46270001	88	50	126
0.741530001	0.0207839999	-1.46329999	88	50	126
0.739220023	0.0208039992	-1.4648	88	50	126
0.736379981	0.0208129995	-1.46539998	88	50	126
0.737980008	0.0194010008	-1.46800005	88	50	126
0.742959976	0.0224079993	-1.47070003	88	50	126
0.747420013	0.0224370006	-1.47259998	88	50	126
0.749740005	0.0224140007	-1.47109997	88	50	126
0.752059996	0.0223919991	-1.46959996	88	50	126
0.751519978	0.0208620001	-1.46879995	88	50	126
0.755999982	0.0180120002	-1.47070003	88	50	126
0.754760027	0.0180510003	-1.47389996	88	50	126
0.756370008	0.0195129998	-1.47640002	88	50	126
0.758159995	0.0224590003	-1.47399998	88	50	126
0.760320008	0.0209839996	-1.47739995	88	50	126
0.763189971	0.0209749993	-1.47679996	88	50	126
0.763189971	0.0225000009	-1.47669995	88	50	126
0.766059995	0.0224900004	-1.47609997	88	50	126
0.76839	0.0224670004	-1.47459996	88	50	126
0.770720005	0.0224440005	-1.47309995	88	50	126
0.774129987	0.0224459991	-1.47319996	88	50	126
0.774680018	0.0209359992	-1.47409999	88	50	126
0.774680018	0.0194819998	-1.47409999	88	50	126
0.776449978	0.0224229991	-1.47169995	88	50	126
0.778219998	0.0179960001	-1.46940005	88	50	126
0.779320002	0.0152930003	-1.47109997	88	50	126
0.776449978	0.0153000001	-1.47179997	88	50	126
0.775359988	0.0136759998	-1.47010005	88	50	126
0.775359988	0.0119770002	-1.47010005	88	50	126
0.774129987	0.0137059996	-1.47329998	88	50	126
0.774129987	0.0153160002	-1.47329998	88	50	126
0.772350013	0.0153409997	-1.47570002	88	50	126
0.772350013	0.0137280002	-1.47570002	88	50	126
0.769620001	0.0180210005	-1.47140002	88	50	126
0.771939993	0.0180019997	-1.46990001	88	50	126
0.774259984	0.0179839991	-1.4684	88	50	126
0.774370015	0.0165309999	-1.46360004	88	50	126
0.771510005	0.016539	-1.46430004	88	50	126
0.769749999	0.0165650006	-1.46659994	88	50	126
0.767440021	0.0165819991	-1.46809995	88	50	126
0.765120029	0.0165989995	-1.46959996	88	50	126
0.76621002	0.0152949998	-1.47130001	88	50	126
0.766759992	0.0180290006	-1.47210002	88	50	126
0.76839	0.0194889996	-1.47459996	88	50	126
0.767149985	0.0180990007	-1.47780001	88	50	126
0.765900016	0.0195729993	-1.48099995	88	50	126
0.762480021	0.0195710007	-1.48080003	88	50	126
0.762650013	0.0180760007	-1.47599995	88	50	126
0.76335001	0.0153019996	-1.472	88	50	126
0.76226002	0.0166069996	-1.47029996	88	50	126
0.762399971	0.0136320004	-1.4655	88	50	126
0.757369995	0.013607	-1.46280003	88	50	126
0.753979981	0.0136050005	-1.46259999	88	50	126
0.754519999	0.0165289994	-1.46340001	88	50	126
0.753300011	0.0152460001	-1.46659994	88	50	126
0.753300011	0.0136430003	-1.46659994	88	50	126
0.752359986	0.0151779996	-1.46000004	88	50	126
0.747900009	0.0164689999	-1.45809996	88	50	126
0.744650006	0.0105299996	-1.45309997	88	50	126
0.748019993	0.00763839995	-1.45340002	88	50	126
0.748679996	0.00761740003	-1.44939995	88	50	126
0.748139977	0.00909020007	-1.44850004	88	50	126
0.750419974	0.00760520017	-1.44700003	88	50	126
0.753239989	0.00760179991	-1.44640005	88	50	126
0.752149999	0.00906640012	-1.4447	88	50	126
0.748239994	0.00632880023	-1.44369996	88	50	126
0.745970011	0.00633519981	-1.44519997	88	50	126
0.747049987	0.00482039992	-1.44690001	88	50	126
0.749870002	0.00481820013	-1.44620001	88	50	126
0.751510024	0.00188490003	-1.44869995	88	50	126
0.750859976	0.00189009996	-1.45270002	88	50	126
0.752049983	0.00909680035	-1.44959998	88	50	126
0.750859976	0.0105269998	-1.45270002	88	50	126
0.75770998	0.00761160022	-1.4483	88	50	126
0.759980023	0.00907920022	-1.44679999	88	50	126
0.761080027	0.00634959992	-1.44840002	88	50	126
0.769500017	0.00910750031	-1.45130002	88	50	126
0.772889972	0.00910849962	-1.45140004	88	50	126
0.772889972	0.0063626999	-1.45140004	88	50	126
0.773440003	0.00483840005	-1.45229995	88	50	126
0.775179982	0.00319069996	-1.44990003	88	50	126
0.779129982	0.0031928001	-1.45089996	88	50	126
0.777390003	0.00484160008	-1.45319998	88	50	126
0.774550021	0.00764140021	-1.45389998	88	50	126
0.772809982	0.00765370019	-1.45630002	88	50	126
0.77226001	0.00638030004	-1.45550001	88	50	126
0.770049989	0.00483789993	-1.45210004	88	50	126
0.773509979	0.00634509977	-1.44739997	88	50	126
0.775789976	0.00633839983	-1.44589996	88	50	126
0.778569996	0.00909980014	-1.45000005	88	50	126
0.780239999	0.00763410004	-1.45249999	88	50	126
0.778500021	0.00913030002	-1.45490003	88	50	126
0.780719995	0.00766400015	-1.45819998	88	50	126
0.78302002	0.00485320017	-1.45669997	88	50	126
0.784749985	0.00484530022	-1.45430005	88	50	126
0.784749985	0.00320039992	-1.45430005	88	50	126
0.787599981	0.00484290021	-1.45360005	88	50	126
0.787039995	0.00636859983	-1.45280004	88	50	126
0.78648001	0.00763100013	-1.45200002	88	50	126
0.785929978	0.00910659973	-1.45109999	88	50	126
0.788209975	0.0090969	-1.44959998	88	50	126
0.789330006	0.0048349998	-1.45130002	88	50	126
0.790449977	0.00636909995	-1.45290005	88	50	126
0.791570008	0.00320090004	-1.45459998	88	50	126
0.795549989	0.00638049981	-1.45550001	88	50	126
0.797230005	0.00766259991	-1.45799994	88	50	126
0.794939995	0.0076708002	-1.45949996	88	50	126
0.797800004	0.0105710002	-1.45879996	88	50	126
0.80122	0.00639529992	-1.45889997	88	50	126
0.804650009	0.00639569992	-1.45899999	88	50	126
0.806379974	0.00485270005	-1.45659995	88	50	126
0.808099985	0.00484469999	-1.45420003	88	50	126
0.808099985	0.00189189997	-1.45420003	88	50	126
0.810389996	0.00188989996	-1.4526	88	50	126
0.809819996	0.000445009995	-1.45179999	88	50	126
0.806400001	0.00319460011	-1.45169997	88	50	126
0.80467999	0.00189179997	-1.45410001	88	50	126
0.802389979	0.00189389999	-1.45570004	88	50	126
0.803520024	0.00320690009	-1.45729995	88	50	126
0.800090015	0.00320679997	-1.45720005	88	50	126
0.79956001	0.00483600004	-1.45150006	88	50	126
0.795589983	0.00483290013	-1.45060003	88	50	126
0.791050017	0.00482709985	-1.44889998	88	50	126
0.788240016	0.00317930011	-1.4447	88	50	126
0.790509999	0.00187769998	-1.44319999	88	50	126
0.791079998	0.000442640012	-1.44400001	88	50	126
0.794480026	0.000442669989	-1.44410002	88	50	126
0.796750009	0.000442190008	-1.44260001	88	50	126
0.785369992	0.00319149997	-1.45029998	88	50	126
0.782519996	0.00188780006	-1.45099998	88	50	126
0.780849993	0.00634989981	-1.44850004	88	50	126
0.784200013	0.0091214003	-1.45350003	88	50	126
0.78293997	0.0105910003	-1.46150005	88	50	126
0.780089974	0.0105959997	-1.46220005	88	50	126
0.781189978	0.011926	-1.46389997	88	50	126
0.782850027	0.0136409998	-1.46640003	88	50	126
0.780539989	0.0136550004	-1.46790004	88	50	126
0.781639993	0.0119719999	-1.46959996	88	50	126
0.787940025	0.0119669996	-1.46899998	88	50	126
0.788489997	0.013673	-1.4698	88	50	126
0.791920006	0.0119749997	-1.47000003	88	50	126
0.793030024	0.0136900004	-1.47160006	88	50	126
0.795350015	0.0136749996	-1.47010005	88	50	126
0.797020018	0.0119960001	-1.47259998	88	50	126
0.799899995	0.0119899996	-1.47179997	88	50	126
0.799350023	0.0136839999	-1.47099996	88	50	126
0.801660001	0.0106480001	-1.46940005	88	50	126
0.803979993	0.0136550004	-1.46780002	88	50	126
0.806289971	0.0136399996	-1.46630001	88	50	126
0.807420015	0.0119589996	-1.46790004	88	50	126
0.80686003	0.00920709968	-1.46710002	88	50	126
0.808040023	0.0106079997	-1.46389997	88	50	126
0.8046	0.00769340014	-1.46379995	88	50	126
0.809210002	0.00640319986	-1.46070004	88	50	126
0.808080018	0.00321069988	-1.45899999	88	50	126
0.811529994	0.00484490022	-1.45420003	88	50	126
0.813250005	0.00483690016	-1.45179999	88	50	126
0.810970008	0.00318760006	-1.44850004	88	50	126
0.806980014	0.00318569993	-1.44770002	88	50	126
0.805260003	0.000444489997	-1.45009995	88	50	126
0.814960003	0.000445790007	-1.45430005	88	50	126
0.816670001	0.0018953	-1.45679998	88	50	126
0.816670001	0.0063860002	-1.45669997	88	50	126
0.817809999	0.00766480016	-1.45840001	88	50	126
0.815509975	0.00640009996	-1.46000004	88	50	126
0.814350009	0.00641429983	-1.46319997	88	50	126
0.817789972	0.00769039989	-1.46329999	88	50	126
0.813740015	0.00771149993	-1.46730006	88	50	126
0.811429977	0.00771979988	-1.46889997	88	50	126
0.809109986	0.0106549999	-1.47039998	88	50	126
0.810859978	0.0119589996	-1.46800005	88	50	126
0.812560022	0.0136789996	-1.47049999	88	50	126
0.816569984	0.0119860005	-1.47140002	88	50	126
0.816009998	0.0106560001	-1.47060001	88	50	126
0.813690007	0.0092385998	-1.47220004	88	50	126
0.818270028	0.00924929976	-1.47389996	88	50	126
0.821160018	0.010675	-1.47309995	88	50	126
0.822300017	0.00925469957	-1.47469997	88	50	126
0.824620008	0.00924460031	-1.47309995	88	50	126
0.824620008	0.010675	-1.47309995	88	50	126
0.825760007	0.0120139997	-1.47469997	88	50	126
0.822799981	0.0137719996	-1.48039997	88	50	126
0.82336998	0.0153980004	-1.48119998	88	50	126
0.822239995	0.0167120006	-1.47959995	88	50	126
0.819339991	0.0153890001	-1.48039997	88	50	126
0.818690002	0.0181789994	-1.48440003	88	50	126
0.814660013	0.0181690007	-1.4835	88	50	126
0.814100027	0.0167469997	-1.48269999	88	50	126
0.814100027	0.0120789995	-1.48269999	88	50	126
0.811749995	0.0120919999	-1.48430002	88	50	126
0.806609988	0.0154039999	-1.48169994	88	50	126
0.805499971	0.0167169999	-1.48010004	88	50	126
0.807829976	0.0166999996	-1.47850001	88	50	126
0.807829976	0.0153700002	-1.47850001	88	50	126
0.806710005	0.0180869997	-1.47679996	88	50	126
0.803820014	0.018096	-1.47759998	88	50	126
0.798600018	0.0195579994	-1.4799	88	50	126
0.795149982	0.0195569992	-1.47979999	88	50	126
0.796370029	0.0180830006	-1.47650003	88	50	126
0.798139989	0.0166510008	-1.47420001	88	50	126
0.796469986	0.0180229992	-1.47169995	88	50	126
0.792930007	0.0180820003	-1.47640002	88	50	126
0.791149974	0.0195439998	-1.47880006	88	50	126
0.790470004	0.0195979998	-1.48290002	88	50	126
0.787580013	0.021071	-1.4835	88	50	126
0.78937	0.0225670002	-1.48109996	88	50	126
0.785929978	0.0225649998	-1.48099995	88	50	126
0.784139991	0.0210689995	-1.48339999	88	50	126
0.782350004	0.024402	-1.48570001	88	50	126
0.783439994	0.0258029997	-1.48740005	88	50	126
0.780539989	0.0258150008	-1.48810005	88	50	126
0.780539989	0.0273020007	-1.48810005	88	50	126
0.781639993	0.0287909992	-1.48969996	88	50	126
0.785080016	0.0273359995	-1.48989999	88	50	126
0.788529992	0.027338	-1.49000001	88	50	126
0.789080024	0.0258629993	-1.49090004	88	50	126
0.791429996	0.0258360002	-1.48930001	88	50	126
0.792680025	0.0244079996	-1.48609996	88	50	126
0.788680017	0.0243919995	-1.48520005	88	50	126
0.785790026	0.0244040005	-1.48590004	88	50	126
0.777649999	0.0258269999	-1.48880005	88	50	126
0.774749994	0.0258389991	-1.48950005	88	50	126
0.774209976	0.0244490001	-1.48860002	88	50	126
0.771860003	0.0244740006	-1.49020004	88	50	126
0.772400022	0.0258649997	-1.49100006	88	50	126
0.768959999	0.0244849995	-1.49080002	88	50	126
0.767880023	0.0258329995	-1.48909998	88	50	126
0.769689977	0.0272780005	-1.48679996	88	50	126
0.770229995	0.0287500005	-1.48759997	88	50	126
0.772580028	0.0287200008	-1.48609996	88	50	126
0.772040009	0.0272509996	-1.48520005	88	50	126
0.77493	0.0272380002	-1.48459995	88	50	126
0.774380028	0.0243689995	-1.48380005	88	50	126
0.773289979	0.0210510008	-1.48210001	88	50	126
0.770950019	0.0210720003	-1.48370004	88	50	126
0.769320011	0.019576	-1.48119998	88	50	126
0.774540007	0.0195470005	-1.47899997	88	50	126
0.775080025	0.0243030004	-1.47969997	88	50	126
0.777270019	0.0210650004	-1.48310006	88	50	126
0.780849993	0.0195390005	-1.47839999	88	50	126
0.782630026	0.0195080005	-1.47609997	88	50	126
0.783850014	0.0180380009	-1.47290003	88	50	126
0.786059976	0.0166740008	-1.47619998	88	50	126
0.786610007	0.0153550003	-1.47710001	88	50	126
0.793370008	0.015408	-1.48220003	88	50	126
0.795700014	0.0153919999	-1.4806	88	50	126
0.795029998	0.0181830004	-1.48469996	88	50	126
0.797240019	0.0168069992	-1.48800004	88	50	126
0.801810026	0.0168270003	-1.48979998	88	50	126
0.803600013	0.0154619999	-1.48740005	88	50	126
0.80193001	0.0167720001	-1.4849	88	50	126
0.804279983	0.0154200001	-1.48329997	88	50	126
0.80539	0.0196250007	-1.4849	88	50	126
0.806940019	0.021195	-1.49230003	88	50	126
0.804030001	0.0212060008	-1.49300003	88	50	126
0.801670015	0.0212280005	-1.49460006	88	50	126
0.802770019	0.0227969997	-1.49629998	88	50	126
0.799860001	0.0212619994	-1.49699998	88	50	126
0.801670015	0.0259269997	-1.49450004	88	50	126
0.803470016	0.0258850008	-1.4921	88	50	126
0.802919984	0.0244929995	-1.49129999	88	50	126
0.806379974	0.024495	-1.4914	88	50	126
0.810970008	0.0245239995	-1.49319994	88	50	126
0.811529994	0.0259169992	-1.49399996	88	50	126
0.812640011	0.0274410006	-1.49559999	88	50	126
0.80971998	0.027454	-1.4964	88	50	126
0.809159994	0.0259440001	-1.49549997	88	50	126
0.80971998	0.0228000004	-1.4964	88	50	126
0.806800008	0.0228109993	-1.49720001	88	50	126
0.803330004	0.0274659991	-1.49699998	88	50	126
0.799300015	0.0274490006	-1.49609995	88	50	126
0.794740021	0.0274170004	-1.49430001	88	50	126
0.796540022	0.0258820001	-1.49189997	88	50	126
0.798349977	0.0244650003	-1.48959994	88	50	126
0.794019997	0.0318650007	-1.49829996	88	50	126
0.790560007	0.0318619981	-1.49820006	88	50	126
0.790560007	0.0304010008	-1.49820006	88	50	126
0.788190007	0.0304320008	-1.49969995	88	50	126
0.786549985	0.0318420008	-1.49720001	88	50	126
0.787819982	0.0288740005	-1.49399996	88	50	126
0.782010019	0.0303440001	-1.49539995	88	50	126
0.776929975	0.0302900001	-1.49269998	88	50	126
0.771860003	0.0302360002	-1.49010003	88	50	126
0.769500017	0.0302670002	-1.49160004	88	50	126
0.766610026	0.0302799996	-1.49220002	88	50	126
0.764989972	0.0316819996	-1.48969996	88	50	126
0.762639999	0.0302590001	-1.49119997	88	50	126
0.761560023	0.0316779986	-1.48950005	88	50	126
0.762300014	0.0287100002	-1.48549998	88	50	126
0.762300014	0.0272560008	-1.48559999	88	50	126
0.764639974	0.0272289999	-1.48409998	88	50	126
0.766260028	0.0287299994	-1.48660004	88	50	126
0.763909996	0.0258150008	-1.48810005	88	50	126
0.764989972	0.0244689994	-1.48979998	88	50	126
0.762960017	0.0303750001	-1.49689996	88	50	126
0.760060012	0.0333269984	-1.49749994	88	50	126
0.761349976	0.0332560018	-1.49430001	88	50	126
0.76424998	0.0332419984	-1.49370003	88	50	126
0.76402998	0.0348279998	-1.49849999	88	50	126
0.765100002	0.0363480002	-1.50020003	88	50	126
0.76327002	0.0378959998	-1.50250006	88	50	126
0.759819984	0.0378919989	-1.50230002	88	50	126
0.758509994	0.0364769995	-1.50549996	88	50	126
0.757189989	0.0380520001	-1.50870001	88	50	126
0.754270017	0.0380680002	-1.50929999	88	50	126
0.752690017	0.0395100005	-1.50670004	88	50	126
0.749779999	0.0410239995	-1.50730002	88	50	126
0.749249995	0.0395039991	-1.50650001	88	50	126
0.747389972	0.0410640016	-1.50880003	88	50	126
0.746580005	0.0426659994	-1.51279998	88	50	126
0.744180024	0.0457540005	-1.51419997	88	50	126
0.743139982	0.0472240001	-1.51240003	88	50	126
0.741259992	0.0457720011	-1.51479995	88	50	126
0.739700019	0.0472159982	-1.5122	88	50	126
0.738659978	0.0486739986	-1.51040006	88	50	126
0.741050005	0.0486270003	-1.50890005	88	50	126
0.744480014	0.0456059985	-1.50929999	88	50	126
0.743430018	0.044027999	-1.50759995	88	50	126
0.742089987	0.0441210009	-1.5108	88	50	126
0.742089987	0.0426109992	-1.5108	88	50	126
0.742380023	0.0409879982	-1.50600004	88	50	126
0.744759977	0.0394539982	-1.50460005	88	50	126
0.74713999	0.0379129983	-1.50310004	88	50	126
0.750569999	0.0364260003	-1.50339997	88	50	126
0.751100004	0.0349619985	-1.5043	88	50	126
0.753480017	0.0349280015	-1.50279999	88	50	126
0.754540026	0.0364510007	-1.50450003	88	50	126
0.754010022	0.0409200005	-1.50349998	88	50	126
0.751100004	0.040936999	-1.50409997	88	50	126
0.75612998	0.0424989983	-1.50689995	88	50	126
0.760100007	0.0425279997	-1.5079	88	50	126
0.761699975	0.0411100015	-1.51049995	88	50	126
0.762229979	0.0441339985	-1.51119995	88	50	126
0.759840012	0.0441780016	-1.51269996	88	50	126
0.759029984	0.0442960002	-1.51680005	88	50	126
0.76007998	0.0458829999	-1.51839995	88	50	126
0.758210003	0.0444139987	-1.52079999	88	50	126
0.755270004	0.0444330014	-1.52149999	88	50	126
0.751290023	0.0489909984	-1.52030003	88	50	126
0.748359978	0.0505019985	-1.52079999	88	50	126
0.743350029	0.0504090004	-1.51800001	88	50	126
0.740419984	0.0504290015	-1.51859999	88	50	126
0.739049971	0.0519960001	-1.52180004	88	50	126
0.739570022	0.0551280007	-1.52250004	88	50	126
0.738189995	0.0567979999	-1.52559996	88	50	126
0.739229977	0.053718999	-1.52740002	88	50	126
0.74405998	0.0520920008	-1.52460003	88	50	126
0.748560011	0.0521590002	-1.52649999	88	50	126
0.752020001	0.052166	-1.52670002	88	50	126
0.752539992	0.0537220016	-1.52750003	88	50	126
0.754429996	0.0536400005	-1.52520001	88	50	126
0.75632	0.0535579994	-1.52289999	88	50	126
0.754429996	0.050650999	-1.52530003	88	50	126
0.758430004	0.0506860018	-1.52639997	88	50	126
0.75948	0.0492449999	-1.52810001	88	50	126
0.760839999	0.0506360009	-1.52489996	88	50	126
0.763260007	0.0505869985	-1.52339995	88	50	126
0.765670002	0.0505370013	-1.52190006	88	50	126
0.763779998	0.0475960001	-1.52429998	88	50	126
0.763480008	0.0492779985	-1.52919996	88	50	126
0.75999999	0.0553550012	-1.52880001	88	50	126
0.757049978	0.0522609986	-1.52950001	88	50	126
0.751160026	0.0538339987	-1.53069997	88	50	126
0.752200007	0.0554860011	-1.53240001	88	50	126
0.749249995	0.0555079989	-1.53299999	88	50	126
0.749249995	0.0570710003	-1.53289998	88	50	126
0.750289977	0.0586679988	-1.53460002	88	50	126
0.749249995	0.0601149984	-1.53279996	88	50	126
0.747340024	0.0602069981	-1.5352	88	50	126
0.746819973	0.0586589985	-1.53439999	88	50	126
0.744390011	0.0587150007	-1.53579998	88	50	126
0.745419979	0.0602979995	-1.53750002	88	50	126
0.742470026	0.0603220016	-1.5381	88	50	126
0.741949975	0.0633220002	-1.53709996	88	50	126
0.744530022	0.0650790036	-1.54130006	88	50	126
0.74555999	0.0620260015	-1.54320002	88	50	126
0.748520017	0.0620019995	-1.54260004	88	50	126
0.751999974	0.0620109998	-1.54279995	88	50	126
0.756009996	0.0620540008	-1.54390001	88	50	126
0.758449972	0.0619940013	-1.5424	88	50	126
0.762470007	0.0620369986	-1.54340005	88	50	126
0.765439987	0.0620109998	-1.54279995	88	50	126
0.766489983	0.0605750009	-1.54460001	88	50	126
0.765959978	0.059018001	-1.5438	88	50	126
0.767359972	0.0573559999	-1.54059994	88	50	126
0.768220007	0.0556389987	-1.53659999	88	50	126
0.766640007	0.0539540015	-1.53410006	88	50	126
0.766309977	0.0525880009	-1.53910005	88	50	126
0.771709979	0.0540499985	-1.53690004	88	50	126
0.771709979	0.0556459986	-1.53680003	88	50	126
0.774349988	0.0526590012	-1.54120004	88	50	126
0.771910012	0.0527109988	-1.54270005	88	50	126
0.776790023	0.0526069999	-1.53960001	88	50	126
0.776790023	0.0541450009	-1.53960001	88	50	126
0.780300021	0.0573190004	-1.53960001	88	50	126
0.781889975	0.055842001	-1.54219997	88	50	126
0.779439986	0.0558979996	-1.5438	88	50	126
0.779439986	0.0574709997	-1.54369998	88	50	126
0.776989996	0.0575280003	-1.54519999	88	50	126
0.776470006	0.0590399988	-1.54429996	88	50	126
0.774010003	0.0590980016	-1.54579997	88	50	126
0.774540007	0.0575839989	-1.5467	88	50	126
0.771560013	0.0591560006	-1.5474	88	50	126
0.773660004	0.0608160011	-1.55069995	88	50	126
0.773140013	0.0622919984	-1.54980004	88	50	126
0.776120007	0.0622650012	-1.54910004	88	50	126
0.777180016	0.060823001	-1.55089998	88	50	126
0.78016001	0.0607960001	-1.55019999	88	50	126
0.779640019	0.0622720011	-1.54929996	88	50	126
0.779640019	0.0638210028	-1.54920006	88	50	126
0.780690014	0.0654809996	-1.55089998	88	50	126
0.778760016	0.0655819997	-1.55320001	88	50	126
0.777700007	0.0639190003	-1.55159998	88	50	126
0.775240004	0.0639820024	-1.55309999	88	50	126
0.777339995	0.0657180026	-1.55649996	88	50	126
0.775390029	0.0658179969	-1.55879998	88	50	126
0.769919991	0.069081001	-1.56089997	88	50	126
0.767830014	0.0673530027	-1.5575	88	50	126
0.763800025	0.0673080012	-1.55649996	88	50	126
0.762759984	0.0656490028	-1.55480003	88	50	126
0.762759984	0.0640550032	-1.55490005	88	50	126
0.76523	0.0639929995	-1.55340004	88	50	126
0.768209994	0.0639659986	-1.55280006	88	50	126
0.767170012	0.0654869974	-1.551	88	50	126
0.77068001	0.0639040023	-1.55120003	88	50	126
0.76157999	0.0653339997	-1.5474	88	50	126
0.759639978	0.068581	-1.54960001	88	50	126
0.757700026	0.0686850026	-1.55190003	88	50	126
0.754719973	0.0703049973	-1.55250001	88	50	126
0.753170013	0.068599999	-1.54999995	88	50	126
0.752650023	0.0669929981	-1.54920006	88	50	126
0.752650023	0.0654139966	-1.54929996	88	50	126
0.751100004	0.0637200028	-1.54680002	88	50	126
0.754079998	0.0636940002	-1.54610002	88	50	126
0.756150007	0.0654240027	-1.54949999	88	50	126
0.750710011	0.0686649978	-1.55149996	88	50	126
0.747730017	0.0702840015	-1.55200005	88	50	126
0.746710002	0.0686170012	-1.55040002	88	50	126
0.746190012	0.0670100003	-1.54960001	88	50	126
0.748650014	0.0669459999	-1.54809999	88	50	126
0.751839995	0.0738079995	-1.55869997	88	50	126
0.754830003	0.0705659986	-1.55830002	88	50	126
0.760290027	0.0704699978	-1.55610001	88	50	126
0.763800025	0.0704799965	-1.55630004	88	50	126
0.761330009	0.0673720017	-1.55799997	88	50	126
0.762880027	0.0722839981	-1.56029999	88	50	126
0.761950016	0.0724719986	-1.56439996	88	50	126
0.759459972	0.0725409985	-1.56589997	88	50	126
0.759980023	0.0757699981	-1.56659997	88	50	126
0.756460011	0.0757590011	-1.56640005	88	50	126
0.754480004	0.0774039999	-1.56860006	88	50	126
0.758520007	0.0774570033	-1.5697	88	50	126
0.762040019	0.0743459985	-1.57009995	88	50	126
0.763580024	0.0775950029	-1.57249999	88	50	126
0.767629981	0.0761109963	-1.57360005	88	50	126
0.767629981	0.0745180026	-1.57369995	88	50	126
0.769620001	0.074405998	-1.57140005	88	50	126
0.772629976	0.0759650022	-1.57060003	88	50	126
0.774079978	0.0742219985	-1.5675	88	50	126
0.773559988	0.0725789964	-1.56669998	88	50	126
0.772520006	0.0708749965	-1.56509995	88	50	126
0.775529981	0.0724690035	-1.56429994	88	50	126
0.776570022	0.0709220022	-1.5661	88	50	126
0.778540015	0.0708139986	-1.56369996	88	50	126
0.779579997	0.0725170001	-1.5654	88	50	126
0.781159997	0.0742390007	-1.56780005	88	50	126
0.778659999	0.0743110031	-1.56939995	88	50	126
0.776170015	0.0775069967	-1.57070005	88	50	126
0.768580019	0.0774459988	-1.56949997	88	50	126
0.767030001	0.0757900029	-1.56700003	88	50	126
0.768480003	0.0724520013	-1.56389999	88	50	126
0.772000015	0.0756440014	-1.56400001	88	50	126
0.777100027	0.0677670017	-1.56710005	88	50	126
0.780629992	0.0677739978	-1.56729996	88	50	126
0.783119977	0.0677080005	-1.56570005	88	50	126
0.783119977	0.0708990023	-1.56560004	88	50	126
0.78561002	0.0708289966	-1.56410003	88	50	126
0.786660016	0.0677149966	-1.56589997	88	50	126
0.790199995	0.0677220002	-1.5661	88	50	126
0.792689979	0.0676549971	-1.56449997	88	50	126
0.79411	0.0675140023	-1.56130004	88	50	126
0.797659993	0.0659290031	-1.56149995	88	50	126
0.799790025	0.0676660016	-1.56480002	88	50	126
0.802269995	0.0691810027	-1.56309998	88	50	126
0.803340018	0.0644719973	-1.56500006	88	50	126
0.804939985	0.0677810013	-1.56739998	88	50	126
0.806010008	0.0662550032	-1.56920004	88	50	126
0.808499992	0.0661889985	-1.56760001	88	50	126
0.809580028	0.0678590015	-1.56920004	88	50	126
0.810649991	0.0695229992	-1.57089996	88	50	126
0.807609975	0.0727989972	-1.57140005	88	50	126
0.808679998	0.0744860023	-1.57309997	88	50	126
0.809220016	0.0761189982	-1.57379997	88	50	126
0.811720014	0.0744509995	-1.57229996	88	50	126
0.814930022	0.0730770007	-1.57749999	88	50	126
0.817080021	0.0715920031	-1.58089995	88	50	126
0.819589972	0.0715200007	-1.57930005	88	50	126
0.822640002	0.0714849979	-1.57850003	88	50	126
0.824249983	0.0732410029	-1.58099997	88	50	126
0.821200013	0.0732769966	-1.58179998	88	50	126
0.82227999	0.0749740005	-1.58340001	88	50	126
0.820659995	0.0764549971	-1.58080006	88	50	126
0.823350012	0.0782060027	-1.58490002	88	50	126
0.820829988	0.0782850012	-1.58650005	88	50	126
0.816160023	0.0781970024	-1.58469999	88	50	126
0.812579989	0.0781920031	-1.58459997	88	50	126
0.810050011	0.0782700032	-1.5862	88	50	126
0.808459997	0.074996002	-1.58379996	88	50	126
0.810440004	0.0748810023	-1.58140004	88	50	126
0.805410028	0.075029999	-1.58449996	88	50	126
0.800769985	0.074943997	-1.58270001	88	50	126
0.803290009	0.0780140013	-1.58099997	88	50	126
0.804740012	0.0763129964	-1.57780004	88	50	126
0.805649996	0.0761139989	-1.57369995	88	50	126
0.805649996	0.0729110017	-1.57389998	88	50	126
0.80618	0.071314998	-1.57480001	88	50	126
0.803149998	0.0729840025	-1.57539999	88	50	126
0.800639987	0.0762659982	-1.57679999	88	50	126
0.799189985	0.0779659972	-1.58000004	88	50	126
0.796150029	0.078001	-1.58070004	88	50	126
0.792580009	0.0764510036	-1.58070004	88	50	126
0.79351002	0.0697889999	-1.57690001	88	50	126
0.796019971	0.06972	-1.57529998	88	50	126
0.799049973	0.0696889982	-1.57459998	88	50	126
0.799430013	0.0694700032	-1.5697	88	50	126
0.799430013	0.0710790008	-1.56959999	88	50	126
0.796400011	0.0711119995	-1.57029998	88	50	126
0.796930015	0.0727809966	-1.5711	88	50	126
0.793370008	0.0727749988	-1.57089996	88	50	126
0.791790009	0.0758489966	-1.56819999	88	50	126
0.78877002	0.0758830011	-1.56889999	88	50	126
0.78877002	0.0742940009	-1.56900001	88	50	126
0.788240016	0.0726500005	-1.56819999	88	50	126
0.785749972	0.0727220029	-1.56980002	88	50	126
0.786270022	0.0743670017	-1.57060003	88	50	126
0.78482002	0.0761139989	-1.57369995	88	50	126
0.784300029	0.0776079968	-1.57280004	88	50	126
0.782320023	0.0761879981	-1.57519996	88	50	126
0.783890009	0.0778520033	-1.57770002	88	50	126
0.777830005	0.0747789964	-1.57920003	88	50	126
0.781459987	0.0782139972	-1.58510005	88	50	126
0.76918	0.0777740031	-1.57609999	88	50	126
0.782729983	0.0695120022	-1.57060003	88	50	126
0.779190004	0.0695040002	-1.5704	88	50	126
0.787850022	0.0696320012	-1.5733	88	50	126
0.790199995	0.0709130019	-1.56589997	88	50	126
0.803520024	0.0695130005	-1.57060003	88	50	126
0.806010008	0.0710519999	-1.56900001	88	50	126
0.807430029	0.0757170022	-1.56550002	88	50	126
0.811529994	0.0677540004	-1.5668	88	50	126
0.814019978	0.067685999	-1.56519997	88	50	126
0.81348002	0.0644510016	-1.56449997	88	50	126
0.812399983	0.0659840032	-1.56280005	88	50	126
0.808839977	0.0659800023	-1.56270003	88	50	126
0.807770014	0.0643080026	-1.56099999	88	50	126
0.803149998	0.0642340034	-1.55920005	88	50	126
0.804009974	0.0625099987	-1.55519998	88	50	126
0.808089972	0.0625479966	-1.55620003	88	50	126
0.809480011	0.0593720004	-1.55299997	88	50	126
0.809480011	0.0578199998	-1.55309999	88	50	126
0.811940014	0.0593120009	-1.55139995	88	50	126
0.814949989	0.0592829995	-1.55069995	88	50	126
0.814949989	0.0608129986	-1.55060005	88	50	126
0.81795001	0.0592540018	-1.54990005	88	50	126
0.821500003	0.056127999	-1.55009997	88	50	126
0.820670009	0.0562769994	-1.55420005	88	50	126
0.823679984	0.0546360016	-1.55350006	88	50	126
0.824230015	0.0531120002	-1.55439997	88	50	126
0.826699972	0.053057	-1.55280006	88	50	126
0.828339994	0.0546969995	-1.5553	88	50	126
0.82723999	0.0578350015	-1.55350006	88	50	126
0.824779987	0.057895001	-1.55509996	88	50	126
0.826420009	0.0595449992	-1.5575	88	50	126
0.825030029	0.0581110008	-1.56089997	88	50	126
0.825580001	0.0627650023	-1.56149995	88	50	126
0.824720025	0.0644960031	-1.56560004	88	50	126
0.824720025	0.0661009997	-1.56550002	88	50	126
0.825269997	0.0677329972	-1.56630003	88	50	126
0.827750027	0.0660689995	-1.56480002	88	50	126
0.830780029	0.0660360008	-1.56400001	88	50	126
0.831330001	0.0644659996	-1.56490004	88	50	126
0.833809972	0.0644000024	-1.56330001	88	50	126
0.836000025	0.066143997	-1.56649995	88	50	126
0.838490009	0.0644700006	-1.56500006	88	50	126
0.838490009	0.062905997	-1.56509995	88	50	126
0.839039981	0.0598689988	-1.56599998	88	50	126
0.835460007	0.0614119992	-1.56589997	88	50	126
0.836300015	0.0612500012	-1.5618	88	50	126
0.838769972	0.0611860007	-1.56009996	88	50	126
0.836570024	0.0579629987	-1.55690002	88	50	126
0.836019993	0.0547300018	-1.55620003	88	50	126
0.834919989	0.0531180017	-1.5546	88	50	126
0.833000004	0.0532019995	-1.55700004	88	50	126
0.833549976	0.0547869988	-1.55780005	88	50	126
0.832449973	0.0579300001	-1.55599999	88	50	126
0.831080019	0.0596110001	-1.55929995	88	50	126
0.83683002	0.0561969988	-1.55200005	88	50	126
0.837390006	0.0515710004	-1.55299997	88	50	126
0.839850008	0.0515160002	-1.55139995	88	50	126
0.840640008	0.0513789989	-1.54719996	88	50	126
0.837080002	0.0483140014	-1.54729998	88	50	126
0.838419974	0.0466580018	-1.54410005	88	50	126
0.841430008	0.0466330014	-1.54330003	88	50	126
0.846660018	0.0467090011	-1.54579997	88	50	126
0.849110007	0.0466590002	-1.54410005	88	50	126
0.852119982	0.0466339998	-1.54330003	88	50	126
0.853240013	0.0482390001	-1.54489994	88	50	126
0.854359984	0.0498370007	-1.54649997	88	50	126
0.855480015	0.0514080003	-1.54809999	88	50	126
0.853579998	0.0514909998	-1.55060005	88	50	126
0.853579998	0.0499709994	-1.55069995	88	50	126
0.850570023	0.0515180007	-1.55139995	88	50	126
0.849219978	0.0501039997	-1.55480003	88	50	126
0.848100007	0.0484969988	-1.55320001	88	50	126
0.846189976	0.0501299985	-1.55560005	88	50	126
0.842620015	0.0531489998	-1.55550003	88	50	126
0.840149999	0.0532049984	-1.55710006	88	50	126
0.841799974	0.0548489988	-1.5596	88	50	126
0.844280005	0.0547909997	-1.55789995	88	50	126
0.843169987	0.0563490018	-1.55620003	88	50	126
0.846750021	0.0547330007	-1.55630004	88	50	126
0.847299993	0.05638	-1.55710006	88	50	126
0.851440012	0.0564099997	-1.55789995	88	50	126
0.85255003	0.0548509993	-1.5596	88	50	126
0.856140018	0.0548509993	-1.5596	88	50	126
0.859179974	0.0548209995	-1.55879998	88	50	126
0.858619988	0.0564099997	-1.55789995	88	50	126
0.856939971	0.0531499982	-1.55550003	88	50	126
0.853910029	0.0531780012	-1.55639994	88	50	126
0.852800012	0.0501039997	-1.55480003	88	50	126
0.856379986	0.0485490002	-1.55490005	88	50	126
0.857259989	0.0487570018	-1.56149995	88	50	126
0.860050023	0.0566800013	-1.5654	88	50	126
0.863650024	0.0582749993	-1.56529999	88	50	126
0.865010023	0.0565590002	-1.56200004	88	50	126
0.863330007	0.0580589995	-1.55949998	88	50	126
0.865809977	0.0579960011	-1.55780005	88	50	126
0.865809977	0.0564090014	-1.55789995	88	50	126
0.866370022	0.053261999	-1.55879998	88	50	126
0.868839979	0.053204	-1.55710006	88	50	126
0.872439981	0.0532030016	-1.55710006	88	50	126
0.874130011	0.0548459999	-1.55949998	88	50	126
0.875829995	0.0581469983	-1.56190002	88	50	126
0.87391001	0.0582409985	-1.56439996	88	50	126
0.874480009	0.0566769987	-1.56529999	88	50	126
0.875039995	0.0550800003	-1.56620002	88	50	126
0.870299995	0.0550229996	-1.56449997	88	50	126
0.867259979	0.0550540015	-1.5654	88	50	126
0.867820024	0.0535169989	-1.56630003	88	50	126
0.869499981	0.0599649996	-1.56850004	88	50	126
0.866999984	0.0600299984	-1.57019997	88	50	126
0.866999984	0.0615790002	-1.57019997	88	50	126
0.863950014	0.0616119988	-1.57099998	88	50	126
0.865069985	0.0601250008	-1.57270002	88	50	126
0.865069985	0.058552999	-1.57280004	88	50	126
0.862569988	0.0601899996	-1.57439995	88	50	126
0.859510005	0.0602219999	-1.57519996	88	50	126
0.857840002	0.0616779998	-1.57270002	88	50	126
0.860339999	0.0616130009	-1.57099998	88	50	126
0.860899985	0.0585229993	-1.57200003	88	50	126
0.85589999	0.0633099973	-1.57509995	88	50	126
0.855340004	0.0664649978	-1.57420003	88	50	126
0.852840006	0.0681409985	-1.57570004	88	50	126
0.851740003	0.0664649978	-1.57410002	88	50	126
0.851180017	0.0648159981	-1.57340002	88	50	126
0.853680015	0.0647479966	-1.57169998	88	50	126
0.853129983	0.0616130009	-1.57099998	88	50	126
0.852020025	0.0599990003	-1.56939995	88	50	126
0.850920022	0.0583680011	-1.56780005	88	50	126
0.853399992	0.0583069995	-1.56620002	88	50	126
0.84898001	0.0615799986	-1.57019997	88	50	126
0.845380008	0.060029	-1.57019997	88	50	126
0.84592998	0.0647120029	-1.57089996	88	50	126
0.842880011	0.0663570017	-1.57159996	88	50	126
0.840380013	0.0632399991	-1.57340002	88	50	126
0.837339997	0.0632719994	-1.57420003	88	50	126
0.836239994	0.0616730005	-1.57260001	88	50	126
0.833739996	0.0648439974	-1.57410002	88	50	126
0.834829986	0.0697290003	-1.57550001	88	50	126
0.837339997	0.0696569979	-1.57389998	88	50	126
0.837339997	0.0712710023	-1.57379997	88	50	126
0.837880015	0.0680999979	-1.57480001	88	50	126
0.841480017	0.0696960017	-1.57480001	88	50	126
0.841480017	0.071310997	-1.5747	88	50	126
0.84562999	0.0697339997	-1.57560003	88	50	126
0.849780023	0.0697719976	-1.57650006	88	50	126
0.849780023	0.0681760013	-1.57659996	88	50	126
0.848680019	0.0664990023	-1.57500005	88	50	126
0.847819984	0.0682839975	-1.579	88	50	126
0.844760001	0.0683190003	-1.57990003	88	50	126
0.845860004	0.0732560009	-1.58130002	88	50	126
0.84333998	0.0733319968	-1.58299994	88	50	126
0.843890011	0.0749910027	-1.58369994	88	50	126
0.841709971	0.0764319971	-1.58029997	88	50	126
0.839190006	0.07491	-1.58200002	88	50	126
0.838649988	0.0732529983	-1.5812	88	50	126
0.837759972	0.0750660002	-1.58529997	88	50	126
0.835780025	0.0767910033	-1.58770001	88	50	126
0.833249986	0.0784209967	-1.58920002	88	50	126
0.83217001	0.0767880008	-1.58759999	88	50	126
0.83217001	0.0751800016	-1.58770001	88	50	126
0.834150016	0.0750640035	-1.58529997	88	50	126
0.829100013	0.0752170011	-1.58850002	88	50	126
0.827489972	0.0767029971	-1.58589995	88	50	126
0.831260026	0.0785420015	-1.59169996	88	50	126
0.841019988	0.0784669966	-1.59019995	88	50	126
0.839929998	0.0736000016	-1.58870006	88	50	126
0.846270025	0.0785930008	-1.5927	88	50	126
0.850440025	0.0786349997	-1.59360003	88	50	126
0.854070008	0.0770810023	-1.59370005	88	50	126
0.85661	0.0753879994	-1.59210002	88	50	126
0.857710004	0.0770810023	-1.59370005	88	50	126
0.859690011	0.0769599974	-1.59119999	88	50	126
0.862219989	0.0768790022	-1.58949995	88	50	126
0.861119986	0.0751909986	-1.58790004	88	50	126
0.86364001	0.0751120001	-1.58630002	88	50	126
0.862219989	0.0719930008	-1.5898	88	50	126
0.863330007	0.0737209991	-1.59140003	88	50	126
0.866959989	0.0737209991	-1.59130001	88	50	126
0.870050013	0.0753080025	-1.59039998	88	50	126
0.869490027	0.0768779963	-1.58949995	88	50	126
0.868070006	0.0770400017	-1.59290004	88	50	126
0.869729996	0.0787179992	-1.59529996	88	50	126
0.86609	0.0787189975	-1.59529996	88	50	126
0.861890018	0.078677997	-1.59449995	88	50	126
0.861549973	0.0789249986	-1.59949994	88	50	126
0.856260002	0.0788009986	-1.597	88	50	126
0.855509996	0.0736820027	-1.5905	88	50	126
0.857490003	0.0719180033	-1.58809996	88	50	126
0.856939971	0.0735279992	-1.58720005	88	50	126
0.856939971	0.0751520023	-1.58710003	88	50	126
0.851339996	0.0752689987	-1.58959997	88	50	126
0.851119995	0.0717279986	-1.58389997	88	50	126
0.85977	0.0683569983	-1.58070004	88	50	126
0.86172998	0.0666399971	-1.5783	88	50	126
0.860620022	0.0649529994	-1.57669997	88	50	126
0.864229977	0.0665699989	-1.57659996	88	50	126
0.867299974	0.0633419976	-1.57589996	88	50	126
0.869239986	0.0632409975	-1.57340002	88	50	126
0.870920002	0.0649169981	-1.57579994	88	50	126
0.870360017	0.0664979964	-1.57490003	88	50	126
0.871179998	0.0663219988	-1.57079995	88	50	126
0.870620012	0.064677	-1.57000005	88	50	126
0.873669982	0.0646409988	-1.56910002	88	50	126
0.873109996	0.066215001	-1.56819999	88	50	126
0.876730025	0.0646049976	-1.56830001	88	50	126
0.87729001	0.0662479997	-1.56900001	88	50	126
0.879779994	0.0614759997	-1.5675	88	50	126
0.880909979	0.0599920005	-1.56920004	88	50	126
0.883409977	0.0599259995	-1.5675	88	50	126
0.883409977	0.0583599992	-1.56760001	88	50	126
0.883970022	0.0615059994	-1.56830001	88	50	126
0.884760022	0.0566410013	-1.56429994	88	50	126
0.887239993	0.0565790012	-1.56260002	88	50	126
0.889720023	0.0565159991	-1.56079996	88	50	126
0.890290022	0.0581369996	-1.56159997	88	50	126
0.890860021	0.0533909984	-1.56260002	88	50	126
0.889720023	0.0518359989	-1.56099999	88	50	126
0.886669993	0.0518659987	-1.56190002	88	50	126
0.884959996	0.0532820001	-1.55939996	88	50	126
0.884959996	0.0548399985	-1.55929995	88	50	126
0.88191998	0.0548719987	-1.56019998	88	50	126
0.880779982	0.0532560013	-1.55859995	88	50	126
0.880219996	0.0517310016	-1.55789995	88	50	126
0.880219996	0.0486459993	-1.55799997	88	50	126
0.878509998	0.0501249991	-1.55540001	88	50	126
0.879270017	0.0484389998	-1.55130005	88	50	126
0.881160021	0.0468019992	-1.54879999	88	50	126
0.875289977	0.0467040017	-1.54560006	88	50	126
0.87112999	0.0466810018	-1.54480004	88	50	126
0.868110001	0.0467070006	-1.54569995	88	50	126
0.864530027	0.0482629985	-1.54569995	88	50	126
0.866789997	0.0499150008	-1.54890001	88	50	126
0.866230011	0.0514059998	-1.54809999	88	50	126
0.864899993	0.0515169986	-1.55139995	88	50	126
0.861310005	0.0515180007	-1.55139995	88	50	126
0.859820008	0.0497570001	-1.54400003	88	50	126
0.856809974	0.049784001	-1.54489994	88	50	126
0.859260023	0.0466339998	-1.54330003	88	50	126
0.858129978	0.0450230017	-1.54170001	88	50	126
0.857569993	0.0481089987	-1.54079998	88	50	126
0.861710012	0.0465830006	-1.54159999	88	50	126
0.863020003	0.0449250005	-1.53830004	88	50	126
0.865450025	0.0448760018	-1.53670001	88	50	126
0.865610003	0.0432000011	-1.53170002	88	50	126
0.864470005	0.0416450016	-1.53009999	88	50	126
0.862049997	0.0416899994	-1.53180003	88	50	126
0.861479998	0.0431779996	-1.5309	88	50	126
0.859619975	0.0432480015	-1.53340006	88	50	126
0.859619975	0.0417359993	-1.53349996	88	50	126
0.859619975	0.040213	-1.53349996	88	50	126
0.857190013	0.0402569994	-1.5352	88	50	126
0.854749978	0.0403000005	-1.53690004	88	50	126
0.855880022	0.0388059989	-1.53849995	88	50	126
0.855490029	0.038660001	-1.53279996	88	50	126
0.856790006	0.0355489999	-1.52950001	88	50	126
0.855650008	0.0370180011	-1.52779996	88	50	126
0.855090022	0.0339850001	-1.52709997	88	50	126
0.859210014	0.0355099998	-1.52779996	88	50	126
0.861479998	0.0370969996	-1.53110003	88	50	126
0.863900006	0.037055999	-1.52939999	88	50	126
0.867460012	0.0370550007	-1.52939999	88	50	126
0.868600011	0.0386149995	-1.53100002	88	50	126
0.866180003	0.0386580005	-1.53269994	88	50	126
0.863749981	0.0386999995	-1.53439999	88	50	126
0.862609982	0.0401909985	-1.53269994	88	50	126
0.862760007	0.0400599986	-1.52769995	88	50	126
0.865180016	0.0354700014	-1.52610004	88	50	126
0.863470018	0.0339099988	-1.5237	88	50	126
0.86176002	0.0308699999	-1.52129996	88	50	126
0.855799973	0.0294349995	-1.523	88	50	126
0.855229974	0.0323729999	-1.52219999	88	50	126
0.850560009	0.0323380008	-1.52049994	88	50	126
0.84701997	0.0323380008	-1.52049994	88	50	126
0.843479991	0.0323380008	-1.52049994	88	50	126
0.843479991	0.0308539998	-1.52049994	88	50	126
0.84236002	0.0338010006	-1.51880002	88	50	126
0.842920005	0.0353190005	-1.51960003	88	50	126
0.84404999	0.0368579999	-1.52119994	88	50	126
0.841069996	0.0368769988	-1.52199996	88	50	126
0.839950025	0.0353370011	-1.52040005	88	50	126
0.840510011	0.0338560008	-1.52129996	88	50	126
0.838100016	0.0353950001	-1.52289999	88	50	126
0.836979985	0.0338549986	-1.52129996	88	50	126
0.833450019	0.0338549986	-1.52119994	88	50	126
0.830489993	0.0338720009	-1.52199996	88	50	126
0.829370022	0.0323360004	-1.52040005	88	50	126
0.831780016	0.0323010013	-1.51880002	88	50	126
0.834179997	0.0322670005	-1.51719999	88	50	126
0.834179997	0.0293230005	-1.51719999	88	50	126
0.837140024	0.0293070003	-1.51639998	88	50	126
0.835449994	0.0307199992	-1.51390004	88	50	126
0.836019993	0.0322140008	-1.51470006	88	50	126
0.84066999	0.0293080006	-1.51639998	88	50	126
0.843060017	0.0277939998	-1.51479995	88	50	126
0.844760001	0.0293240007	-1.51730001	88	50	126
0.844760001	0.0337649994	-1.51719999	88	50	126
0.848150015	0.0368780009	-1.52209997	88	50	126
0.84928	0.0354150012	-1.52380002	88	50	126
0.85096997	0.0309720002	-1.52629995	88	50	126
0.856220007	0.0295470003	-1.52880001	88	50	126
0.858640015	0.0309880003	-1.52709997	88	50	126
0.862760007	0.0310040005	-1.52789998	88	50	126
0.862760007	0.0324949995	-1.52789998	88	50	126
0.859049976	0.0311050005	-1.53289998	88	50	126
0.865450025	0.0342039987	-1.53690004	88	50	126
0.866750002	0.0341299996	-1.53359997	88	50	126
0.866180003	0.0356240012	-1.53279996	88	50	126
0.868600011	0.0325639993	-1.53110003	88	50	126
0.87203002	0.040275	-1.5359	88	50	126
0.872600019	0.0418220013	-1.53670001	88	50	126
0.873170018	0.0433610007	-1.53740001	88	50	126
0.871869981	0.0449949987	-1.54069996	88	50	126
0.876020014	0.0450179987	-1.54149997	88	50	126
0.862450004	0.038784001	-1.53770006	88	50	126
0.858879983	0.0449020006	-1.53750002	88	50	126
0.857190013	0.0432949997	-1.53509998	88	50	126
0.852500021	0.0432489999	-1.53349996	88	50	126
0.848940015	0.0402139984	-1.53349996	88	50	126
0.847259998	0.0416689999	-1.53100002	88	50	126
0.849680007	0.0416239984	-1.52939999	88	50	126
0.852100015	0.0415790007	-1.52769995	88	50	126
0.850629985	0.0387430005	-1.53610003	88	50	126
0.852320015	0.043389	-1.53840005	88	50	126
0.852880001	0.0449509993	-1.53919995	88	50	126
0.853439987	0.0465340018	-1.53999996	88	50	126
0.851750016	0.0480060019	-1.53750002	88	50	126
0.848760009	0.044927001	-1.53840005	88	50	126
0.845390022	0.0432489999	-1.53349996	88	50	126
0.842400014	0.0432719998	-1.53429997	88	50	126
0.842400014	0.0448050015	-1.53419995	88	50	126
0.839969993	0.0448530018	-1.5359	88	50	126
0.839969993	0.0433179997	-1.5359	88	50	126
0.837530017	0.0449009985	-1.53750002	88	50	126
0.835650027	0.0449730009	-1.53999996	88	50	126
0.834869981	0.0466560014	-1.54400003	88	50	126
0.832970023	0.0482870005	-1.54639995	88	50	126
0.830760002	0.0497259982	-1.5431	88	50	126
0.833209991	0.0496740006	-1.54139996	88	50	126
0.829110026	0.0465539992	-1.54069996	88	50	126
0.830990016	0.044923	-1.53830004	88	50	126
0.831770003	0.0432690009	-1.53419995	88	50	126
0.834200025	0.0432239994	-1.53260005	88	50	126
0.835309982	0.0417569987	-1.53429997	88	50	126
0.837740004	0.0417129993	-1.53260005	88	50	126
0.837180018	0.0386379994	-1.53190005	88	50	126
0.836070001	0.0401250012	-1.5302	88	50	126
0.837930024	0.0400610007	-1.52769995	88	50	126
0.838490009	0.0416000001	-1.52849996	88	50	126
0.842029989	0.0416009985	-1.52849996	88	50	126
0.842589974	0.0401050001	-1.52939999	88	50	126
0.843710005	0.0386179984	-1.53110003	88	50	126
0.844829977	0.0371380001	-1.53279996	88	50	126
0.838490009	0.0370370001	-1.52859998	88	50	126
0.837369978	0.0385130011	-1.52690005	88	50	126
0.834389985	0.0370160006	-1.52779996	88	50	126
0.835690022	0.0354330018	-1.52450001	88	50	126
0.832159996	0.0354319997	-1.52450001	88	50	126
0.830299973	0.0369950011	-1.52690005	88	50	126
0.826219976	0.0369740017	-1.52600002	88	50	126
0.826770008	0.0400360003	-1.52680004	88	50	126
0.826219976	0.0415289998	-1.52590001	88	50	126
0.823800027	0.0430799983	-1.52750003	88	50	126
0.82269001	0.0400130004	-1.52590001	88	50	126
0.820280015	0.0385279991	-1.52750003	88	50	126
0.819169998	0.0415260009	-1.52579999	88	50	126
0.818069994	0.0399670005	-1.52419996	88	50	126
0.815100014	0.0399870016	-1.52489996	88	50	126
0.814549983	0.0384420007	-1.52409995	88	50	126
0.81400001	0.041455999	-1.52320004	88	50	126
0.811590016	0.041499	-1.52479994	88	50	126
0.809170008	0.040027	-1.52639997	88	50	126
0.806209981	0.040045999	-1.52719998	88	50	126
0.805119991	0.0415170006	-1.52540004	88	50	126
0.807529986	0.0414739996	-1.52390003	88	50	126
0.809939981	0.0399190001	-1.5223	88	50	126
0.808300018	0.0353260003	-1.51989996	88	50	126
0.805339992	0.0353429988	-1.52069998	88	50	126
0.801299989	0.035321001	-1.51970005	88	50	126
0.803149998	0.0337690003	-1.51740003	88	50	126
0.802600026	0.0367420018	-1.5165	88	50	126
0.80369997	0.0382900015	-1.51810002	88	50	126
0.803480029	0.0384140015	-1.523	88	50	126
0.802160025	0.0400209986	-1.52620006	88	50	126
0.801069975	0.0414910018	-1.52450001	88	50	126
0.801069975	0.0429949984	-1.52450001	88	50	126
0.800279975	0.0446380004	-1.52849996	88	50	126
0.803789973	0.046188999	-1.52859998	88	50	126
0.804880023	0.0446900018	-1.53030002	88	50	126
0.803539991	0.0478809997	-1.53340006	88	50	126
0.800570011	0.0494379997	-1.53410006	88	50	126
0.799480021	0.047851	-1.53250003	88	50	126
0.798940003	0.0508579984	-1.5316	88	50	126
0.801370025	0.0508060008	-1.52999997	88	50	126
0.800279975	0.0492519997	-1.52839994	88	50	126
0.794889987	0.0508259982	-1.53059995	88	50	126
0.79381001	0.0492709987	-1.52900004	88	50	126
0.793269992	0.0477159992	-1.52820003	88	50	126
0.789770007	0.0477119982	-1.528	88	50	126
0.787349999	0.0477599986	-1.52960002	88	50	126
0.786279976	0.0492350012	-1.52779996	88	50	126
0.786279976	0.050733	-1.52779996	88	50	126
0.783860028	0.0507839993	-1.52929997	88	50	126
0.785459995	0.0523389988	-1.53180003	88	50	126
0.786000013	0.0538999997	-1.53260005	88	50	126
0.783039987	0.0539250001	-1.53330004	88	50	126
0.783569992	0.0524209999	-1.53419995	88	50	126
0.782500029	0.0508910008	-1.53260005	88	50	126
0.783039987	0.0494159982	-1.53340006	88	50	126
0.785459995	0.0493669994	-1.53190005	88	50	126
0.787069976	0.0479139984	-1.5345	88	50	126
0.785170019	0.0479880013	-1.53690004	88	50	126
0.781140029	0.0479569994	-1.5359	88	50	126
0.780070007	0.0494379997	-1.53410006	88	50	126
0.779540002	0.0509140007	-1.53320003	88	50	126
0.777109981	0.0524390005	-1.53470004	88	50	126
0.776579976	0.0494330004	-1.53400004	88	50	126
0.772549987	0.0494000018	-1.53289998	88	50	126
0.769599974	0.0494210012	-1.53359997	88	50	126
0.770969987	0.0477880016	-1.53050005	88	50	126
0.77392	0.0477669984	-1.52980006	88	50	126
0.77392	0.0507959984	-1.52970004	88	50	126
0.772610009	0.0460020006	-1.52240002	88	50	126
0.772610009	0.0444610007	-1.52240002	88	50	126
0.775020003	0.0459569991	-1.52090001	88	50	126
0.777159989	0.0445149988	-1.52429998	88	50	126
0.780640006	0.0445200019	-1.52450001	88	50	126
0.78332001	0.0461909994	-1.52859998	88	50	126
0.785740018	0.0461449996	-1.52709997	88	50	126
0.785740018	0.0445979983	-1.52709997	88	50	126
0.78707999	0.0460469984	-1.52390003	88	50	126
0.788410008	0.0459499992	-1.52059996	88	50	126
0.790820003	0.045903001	-1.51909995	88	50	126
0.790279984	0.0428230017	-1.51830006	88	50	126
0.790279984	0.0413249992	-1.51839995	88	50	126
0.788110018	0.0397289991	-1.5151	88	50	126
0.790509999	0.0381750017	-1.51359999	88	50	126
0.793439984	0.0366550013	-1.51289999	88	50	126
0.792349994	0.0351240002	-1.51119995	88	50	126
0.794740021	0.0335979983	-1.50969994	88	50	126
0.79895997	0.0305560008	-1.50580001	88	50	126
0.800059974	0.029135	-1.50750005	88	50	126
0.801890016	0.0290890001	-1.50510001	88	50	126
0.802439988	0.0320269987	-1.50590003	88	50	126
0.80647999	0.0291230008	-1.50689995	88	50	126
0.807030022	0.0305940006	-1.50769997	88	50	126
0.811070025	0.0320839994	-1.5086	88	50	126
0.809790015	0.0321529992	-1.51180005	88	50	126
0.809790015	0.0351359993	-1.51180005	88	50	126
0.807399988	0.0351729989	-1.51329994	88	50	126
0.809599996	0.0337539986	-1.51670003	88	50	126
0.81309998	0.0337559991	-1.51680005	88	50	126
0.814949989	0.0366900004	-1.51429999	88	50	126
0.817900002	0.0351779982	-1.51359999	88	50	126
0.820290029	0.0321579985	-1.51199996	88	50	126
0.820119977	0.0337590016	-1.51689994	88	50	126
0.820670009	0.0322800018	-1.51779997	88	50	126
0.817709982	0.0337949991	-1.51849997	88	50	126
0.823629975	0.03376	-1.51699996	88	50	126
0.826030016	0.0307509992	-1.51549995	88	50	126
0.828980029	0.0307349991	-1.51470006	88	50	126
0.828419983	0.0292579997	-1.51390004	88	50	126
0.828010023	0.0306020007	-1.50810003	88	50	126
0.829829991	0.0276260003	-1.50569999	88	50	126
0.829959989	0.02465	-1.50080001	88	50	126
0.829400003	0.026021	-1.5	88	50	126
0.827019989	0.0228790008	-1.50160003	88	50	126
0.831089973	0.0228930004	-1.50250006	88	50	126
0.834020019	0.0228799991	-1.50170004	88	50	126
0.835150003	0.0246910006	-1.50329995	88	50	126
0.839230001	0.0260940008	-1.50419998	88	50	126
0.839230001	0.0229180008	-1.50419998	88	50	126
0.839330018	0.0228429995	-1.4993	88	50	126
0.838769972	0.0212830007	-1.49849999	88	50	126
0.843410015	0.0213060006	-1.50010002	88	50	126
0.846920013	0.0228560008	-1.50010002	88	50	126
0.847490013	0.0246510003	-1.50090003	88	50	126
0.844550014	0.0246639997	-1.50170004	88	50	126
0.845690012	0.0229059998	-1.50339997	88	50	126
0.848060012	0.0213300008	-1.50179994	88	50	126
0.842840016	0.0260080006	-1.49919999	88	50	126
0.844439983	0.0261369999	-1.50660002	88	50	126
0.845579982	0.0247719996	-1.50829995	88	50	126
0.84206003	0.0247719996	-1.50829995	88	50	126
0.842630029	0.0276880004	-1.50909996	88	50	126
0.839670002	0.0261940006	-1.50989997	88	50	126
0.835590005	0.0276870001	-1.50899994	88	50	126
0.849669993	0.0276880004	-1.50909996	88	50	126
0.853200018	0.0261790007	-1.50909996	88	50	126
0.849550009	0.0277779996	-1.51400006	88	50	126
0.854789972	0.0293080006	-1.51639998	88	50	126
0.857190013	0.0292750001	-1.51479995	88	50	126
0.857190013	0.0277929995	-1.51479995	88	50	126
0.833000004	0.0212360006	-1.49520004	88	50	126
0.834789991	0.018282	-1.4928	88	50	126
0.837149978	0.0168420002	-1.49109995	88	50	126
0.832520008	0.0196850002	-1.48940003	88	50	126
0.833729982	0.0182009991	-1.48619998	88	50	126
0.833729982	0.0154499998	-1.48619998	88	50	126
0.836080015	0.0154339997	-1.48459995	88	50	126
0.836650014	0.0167779997	-1.48539996	88	50	126
0.836080015	0.0181809999	-1.48459995	88	50	126
0.834360003	0.0195879992	-1.48210001	88	50	126
0.831449986	0.0195979998	-1.48290002	88	50	126
0.829110026	0.0167679992	-1.48450005	88	50	126
0.829680026	0.0154419998	-1.48539996	88	50	126
0.830320001	0.0137799997	-1.4813	88	50	126
0.826839983	0.0137799997	-1.4813	88	50	126
0.833220005	0.010729	-1.48049998	88	50	126
0.835500002	0.0138029996	-1.48380005	88	50	126
0.837220013	0.012108	-1.48629999	88	50	126
0.829029977	0.0182409994	-1.48940003	88	50	126
0.828469992	0.0196739994	-1.48860002	88	50	126
0.826110005	0.0196950007	-1.49020004	88	50	126
0.827809989	0.0211999994	-1.49269998	88	50	126
0.822629988	0.0196940005	-1.49020004	88	50	126
0.822070003	0.0211529993	-1.48930001	88	50	126
0.81971997	0.0211759992	-1.49090004	88	50	126
0.821399987	0.0197379999	-1.49339998	88	50	126
0.818480015	0.0212219991	-1.49419999	88	50	126
0.814999998	0.0197470002	-1.49409997	88	50	126
0.81487	0.0212910008	-1.49899995	88	50	126
0.818359971	0.0212919991	-1.49909997	88	50	126
0.821290016	0.0198020004	-1.49829996	88	50	126
0.821850002	0.0228410009	-1.49909997	88	50	126
0.821290016	0.0246070009	-1.49829996	88	50	126
0.818920016	0.0246339999	-1.49989998	88	50	126
0.820590019	0.0228909999	-1.50240004	88	50	126
0.817659974	0.0229020007	-1.50310004	88	50	126
0.819329977	0.0290970001	-1.50549996	88	50	126
0.814170003	0.0304969996	-1.5029	88	50	126
0.813059986	0.0290150009	-1.50129998	88	50	126
0.81013	0.0290300008	-1.50209999	88	50	126
0.810679972	0.0304959994	-1.5029	88	50	126
0.809570014	0.0275439993	-1.50129998	88	50	126
0.805540025	0.0289960001	-1.50030005	88	50	126
0.806089997	0.03046	-1.50109994	88	50	126
0.798590004	0.0304390006	-1.50010002	88	50	126
0.807030022	0.0365259983	-1.50759995	88	50	126
0.804099977	0.0365439989	-1.50829995	88	50	126
0.80171001	0.0365820006	-1.50989997	88	50	126
0.803359985	0.0381449983	-1.51230001	88	50	126
0.803359985	0.0336589999	-1.51240003	88	50	126
0.798569977	0.0367190018	-1.51549995	88	50	126
0.799430013	0.0383899994	-1.52209997	88	50	126
0.79648	0.0399300009	-1.52269995	88	50	126
0.797020018	0.0414649993	-1.52349997	88	50	126
0.794849992	0.042874001	-1.5201	88	50	126
0.797020018	0.0460329987	-1.52339995	88	50	126
0.788699985	0.0506820008	-1.52620006	88	50	126
0.787890017	0.0522870012	-1.53030002	88	50	126
0.79193002	0.0493480004	-1.53129995	88	50	126
0.784099996	0.0571420006	-1.53489995	88	50	126
0.780600011	0.0571359992	-1.53470004	88	50	126
0.787310004	0.0557620004	-1.53999996	88	50	126
0.785399973	0.0558479987	-1.5424	88	50	126
0.788060009	0.0528489985	-1.5467	88	50	126
0.78561002	0.0544489995	-1.54820001	88	50	126
0.790199995	0.0545139983	-1.55009997	88	50	126
0.791260004	0.0593170002	-1.55159998	88	50	126
0.790199995	0.0607809983	-1.54980004	88	50	126
0.791260004	0.0623590015	-1.55139995	88	50	126
0.793190002	0.0622630008	-1.54910004	88	50	126
0.79211998	0.0606880002	-1.5474	88	50	126
0.795109987	0.0606600009	-1.5467	88	50	126
0.79618001	0.0622339994	-1.54830003	88	50	126
0.799170017	0.0606979989	-1.54770005	88	50	126
0.799170017	0.0576240011	-1.54779994	88	50	126
0.797249973	0.059262	-1.55009997	88	50	126
0.793720007	0.0592570007	-1.54999995	88	50	126
0.794040024	0.0575250015	-1.54509997	88	50	126
0.797020018	0.0559239984	-1.54449999	88	50	126
0.795949996	0.054260999	-1.54289997	88	50	126
0.797320008	0.0526079983	-1.53970003	88	50	126
0.799759984	0.0525549985	-1.5381	88	50	126
0.802190006	0.0525010005	-1.53649998	88	50	126
0.807889998	0.052618999	-1.53999996	88	50	126
0.805980027	0.0542440005	-1.5424	88	50	126
0.802999973	0.0542690009	-1.5431	88	50	126
0.804080009	0.0559329987	-1.54470003	88	50	126
0.800549984	0.0543249995	-1.54470003	88	50	126
0.800010026	0.0558979996	-1.5438	88	50	126
0.800549984	0.0605700016	-1.54439998	88	50	126
0.803539991	0.0605419986	-1.54369998	88	50	126
0.807609975	0.0605789982	-1.54470003	88	50	126
0.808690012	0.0559969991	-1.54649997	88	50	126
0.812229991	0.0543950014	-1.5467	88	50	126
0.81467998	0.0543389991	-1.54509997	88	50	126
0.81358999	0.0527370013	-1.54349995	88	50	126
0.813049972	0.0512269996	-1.54270005	88	50	126
0.813049972	0.0497150011	-1.54270005	88	50	126
0.811959982	0.0481199995	-1.54110003	88	50	126
0.816039979	0.0496909991	-1.54200006	88	50	126
0.817130029	0.0512580015	-1.54359996	88	50	126
0.820129991	0.051231999	-1.54279995	88	50	126
0.820129991	0.0481770001	-1.54289997	88	50	126
0.821470022	0.0480750017	-1.53970003	88	50	126
0.823909998	0.0495630018	-1.53799999	88	50	126
0.825010002	0.0480769984	-1.53970003	88	50	126
0.823909998	0.0464770012	-1.5381	88	50	126
0.825800002	0.0448479988	-1.53569996	88	50	126
0.823589981	0.0432190001	-1.53240001	88	50	126
0.826009989	0.0386140011	-1.5309	88	50	126
0.8301	0.038635999	-1.53180003	88	50	126
0.832530022	0.0401239991	-1.53009999	88	50	126
0.833639979	0.0386370011	-1.53180003	88	50	126
0.828079998	0.0354110003	-1.52359998	88	50	126
0.818409979	0.0431470014	-1.52980006	88	50	126
0.818409979	0.0446759984	-1.52980006	88	50	126
0.815980017	0.0447230004	-1.53139997	88	50	126
0.816529989	0.046298001	-1.53219998	88	50	126
0.814649999	0.0463720001	-1.53460002	88	50	126
0.810580015	0.0463440008	-1.53369999	88	50	126
0.810029984	0.0447660014	-1.53289998	88	50	126
0.812460005	0.0447200015	-1.53129995	88	50	126
0.812460005	0.0431899987	-1.53139997	88	50	126
0.813859999	0.0434000008	-1.5388	88	50	126
0.818729997	0.0433100015	-1.53559995	88	50	126
0.81983	0.0495340005	-1.53709996	88	50	126
0.817390025	0.0495849997	-1.53869998	88	50	126
0.819320023	0.0483050011	-1.54700005	88	50	126
0.825320005	0.051318001	-1.54540002	88	50	126
0.821770012	0.0559489988	-1.54519999	88	50	126
0.828059971	0.0561029986	-1.54939997	88	50	126
0.831070006	0.0560740009	-1.54859996	88	50	126
0.831070006	0.0514310002	-1.54879999	88	50	126
0.813859999	0.0560920015	-1.54910004	88	50	126
0.814109981	0.0578860007	-1.55490005	88	50	126
0.813260019	0.0626540035	-1.55879998	88	50	126
0.817900002	0.0627250001	-1.56060004	88	50	126
0.820919991	0.0626939982	-1.55980003	88	50	126
0.819840014	0.0580140017	-1.55830002	88	50	126
0.821219981	0.0609810017	-1.55490005	88	50	126
0.820609987	0.0660630018	-1.56459999	88	50	126
0.820609987	0.0676570013	-1.56459999	88	50	126
0.817579985	0.0676899999	-1.56529999	88	50	126
0.818120003	0.0661299974	-1.56620002	88	50	126
0.818120003	0.0645240024	-1.56630003	88	50	126
0.821690023	0.0645269975	-1.56640005	88	50	126
0.824400008	0.0695009977	-1.5704	88	50	126
0.823319972	0.0710349977	-1.56860006	88	50	126
0.825810015	0.0709630027	-1.56700003	88	50	126
0.83047998	0.0710410029	-1.56869996	88	50	126
0.829930007	0.0678080022	-1.56809998	88	50	126
0.831239998	0.0697270036	-1.57550001	88	50	126
0.830900013	0.0732090026	-1.58029997	88	50	126
0.83069998	0.0761440024	-1.57430005	88	50	126
0.834829986	0.0761869997	-1.57519996	88	50	126
0.824609995	0.0730110034	-1.57599998	88	50	126
0.822449982	0.0696090013	-1.57280004	88	50	126
0.821359992	0.0711459965	-1.5711	88	50	126
0.819939971	0.0696799979	-1.57439995	88	50	126
0.81637001	0.0696759969	-1.57430005	88	50	126
0.804859996	0.0577530004	-1.55130005	88	50	126
0.804319978	0.0592719987	-1.55040002	88	50	126
0.802399993	0.0593639985	-1.55280006	88	50	126
0.819930017	0.0414149985	-1.52170002	88	50	126
0.791360021	0.0557969995	-1.54100001	88	50	126
0.786670029	0.0592459999	-1.54970002	88	50	126
0.786670029	0.060775999	-1.54970002	88	50	126
0.787739992	0.062353	-1.55130005	88	50	126
0.788269997	0.0639389977	-1.55209994	88	50	126
0.784739971	0.0655239969	-1.55190003	88	50	126
0.784210026	0.0623469986	-1.55110002	88	50	126
0.78579998	0.0609360002	-1.55379999	88	50	126
0.782620013	0.0592079982	-1.54869998	88	50	126
0.780499995	0.0636529997	-1.54519999	88	50	126
0.791459978	0.0657450035	-1.55710006	88	50	126
0.793929994	0.0640840009	-1.55560005	88	50	126
0.788110018	0.0442419983	-1.51489997	88	50	126
0.785709977	0.0442869999	-1.5165	88	50	126
0.784630001	0.0427239984	-1.51479995	88	50	126
0.783550024	0.0411840007	-1.51320004	88	50	126
0.782469988	0.0396369994	-1.51160002	88	50	126
0.78008002	0.0396770015	-1.51310003	88	50	126
0.78008002	0.0411799997	-1.51300001	88	50	126
0.778999984	0.0426249988	-1.51129997	88	50	126
0.776610017	0.0426679999	-1.51279998	88	50	126
0.776610017	0.0411750004	-1.51289999	88	50	126
0.77767998	0.039717	-1.51460004	88	50	126
0.775279999	0.0397569984	-1.51610005	88	50	126
0.775279999	0.0427579992	-1.51610005	88	50	126
0.772880018	0.0428010002	-1.51760006	88	50	126
0.771809995	0.0397530012	-1.51600003	88	50	126
0.767820001	0.0397260003	-1.51489997	88	50	126
0.769680023	0.0411660001	-1.51259995	88	50	126
0.772599995	0.0411479995	-1.51189995	88	50	126
0.774460018	0.0380759984	-1.50960004	88	50	126
0.776839972	0.0350520015	-1.50810003	88	50	126
0.780309975	0.0350559987	-1.50829995	88	50	126
0.782689989	0.0350200012	-1.50680006	88	50	126
0.784529984	0.0364490002	-1.50440001	88	50	126
0.787450016	0.0334650017	-1.50370002	88	50	126
0.787450016	0.0319820009	-1.50380003	88	50	126
0.784529984	0.0319969989	-1.50450003	88	50	126
0.782360017	0.0334060006	-1.50109994	88	50	126
0.779439986	0.0334209986	-1.50179994	88	50	126
0.779439986	0.0319399983	-1.50179994	88	50	126
0.774370015	0.0318830013	-1.49909997	88	50	126
0.774370015	0.0333620012	-1.49909997	88	50	126
0.774370015	0.0363189988	-1.49899995	88	50	126
0.776730001	0.0362819992	-1.49749994	88	50	126
0.773609996	0.036417	-1.50310004	88	50	126
0.770699978	0.0364339985	-1.50370002	88	50	126
0.768850029	0.0379859991	-1.50610006	88	50	126
0.772849977	0.0350290015	-1.50709999	88	50	126
0.780309975	0.0380409993	-1.50820005	88	50	126
0.783779979	0.0380450003	-1.50839996	88	50	126
0.78670001	0.0350430012	-1.50779998	88	50	126
0.78008002	0.0381649993	-1.51310003	88	50	126
0.783309996	0.0443320014	-1.51800001	88	50	126
0.765150011	0.0426050015	-1.51059997	88	50	126
0.766219974	0.0411610007	-1.51240003	88	50	126
0.763289988	0.0396759994	-1.51310003	88	50	126
0.758780003	0.0396270007	-1.51119995	88	50	126
0.760640025	0.0380569994	-1.50890005	88	50	126
0.760890007	0.0334729999	-1.50409997	88	50	126
0.757690012	0.0363180004	-1.49899995	88	50	126
0.754260004	0.0348340012	-1.49880004	88	50	126
0.755029976	0.0347409993	-1.49479997	88	50	126
0.752129972	0.0332800001	-1.49539995	88	50	126
0.749769986	0.0333129987	-1.49689996	88	50	126
0.749520004	0.0334220007	-1.50179994	88	50	126
0.748199999	0.0334919989	-1.505	88	50	126
0.74871999	0.0349970013	-1.50580001	88	50	126
0.744509995	0.0318810008	-1.49899995	88	50	126
0.742139995	0.0333929993	-1.50049996	88	50	126
0.740559995	0.0348130018	-1.49790001	88	50	126
0.740559995	0.0377780013	-1.49779999	88	50	126
0.738979995	0.0362289995	-1.49530005	88	50	126
0.736100018	0.0347680002	-1.49590003	88	50	126
0.73714	0.0333300009	-1.49769998	88	50	126
0.738460004	0.0317859985	-1.49450004	88	50	126
0.738709986	0.0302290004	-1.48969996	88	50	126
0.735310018	0.0302239992	-1.48950005	88	50	126
0.733730018	0.0287379995	-1.48699999	88	50	126
0.731379986	0.0302019995	-1.48839998	88	50	126
0.729809999	0.0315990001	-1.48580003	88	50	126
0.729279995	0.0286999997	-1.48500001	88	50	126
0.725889981	0.0286950003	-1.48469996	88	50	126
0.725889981	0.0301270001	-1.48469996	88	50	126
0.724070013	0.0301729999	-1.48699999	88	50	126
0.721199989	0.0301849991	-1.48759997	88	50	126
0.719640017	0.0287009999	-1.48500001	88	50	126
0.720939994	0.0286400001	-1.48189998	88	50	126
0.721989989	0.0315520018	-1.4835	88	50	126
0.720939994	0.0329769999	-1.48179996	88	50	126
0.72250998	0.0344979987	-1.48430002	88	50	126
0.720160007	0.0345319994	-1.48580003	88	50	126
0.716780007	0.0359899998	-1.48539996	88	50	126
0.716530025	0.0329330005	-1.47979999	88	50	126
0.717050016	0.0314910002	-1.48070002	88	50	126
0.722239971	0.0271320008	-1.47880006	88	50	126
0.722239971	0.0256539993	-1.47880006	88	50	126
0.724049985	0.02709	-1.47650003	88	50	126
0.725619972	0.0256590005	-1.47909999	88	50	126
0.727949977	0.0242689997	-1.4777	88	50	126
0.728999972	0.0256629996	-1.47930002	88	50	126
0.728479981	0.0271259993	-1.47850001	88	50	126
0.731329978	0.0271150004	-1.47790003	88	50	126
0.732389987	0.0256680008	-1.47959995	88	50	126
0.732389987	0.0243009999	-1.47959995	88	50	126
0.735249996	0.0242909994	-1.47899997	88	50	126
0.734719992	0.0256430004	-1.47819996	88	50	126
0.737049997	0.0270930007	-1.47669995	88	50	126
0.737580001	0.0242679995	-1.47759998	88	50	126
0.739910007	0.0242439993	-1.47609997	88	50	126
0.740970016	0.0271129999	-1.47780001	88	50	126
0.743839979	0.0271019991	-1.47710001	88	50	126
0.743839979	0.0242609996	-1.47720003	88	50	126
0.745630026	0.0255849995	-1.47490001	88	50	126
0.745440006	0.0256699994	-1.47969997	88	50	126
0.743099988	0.0256949998	-1.48119998	88	50	126
0.741289973	0.0257350001	-1.4835	88	50	126
0.744159997	0.0286580008	-1.48280001	88	50	126
0.745760024	0.0301399995	-1.48529994	88	50	126
0.746819973	0.0316249989	-1.48699999	88	50	126
0.743939996	0.0301869996	-1.48759997	88	50	126
0.743179977	0.0302680004	-1.49170005	88	50	126
0.743179977	0.0317239985	-1.49160004	88	50	126
0.743700027	0.0288459994	-1.49249995	88	50	126
0.74970001	0.0301610008	-1.48640001	88	50	126
0.753109992	0.0316159986	-1.48660004	88	50	126
0.75365001	0.0301830005	-1.48740005	88	50	126
0.755999982	0.0287190005	-1.48599994	88	50	126
0.756529987	0.0316199996	-1.48679996	88	50	126
0.75673002	0.0286410004	-1.48199999	88	50	126
0.757269979	0.0272070002	-1.48280001	88	50	126
0.757269979	0.0257239994	-1.48290002	88	50	126
0.754040003	0.0242720004	-1.47780001	88	50	126
0.75116998	0.0242819991	-1.47850001	88	50	126
0.750100017	0.025618	-1.47679996	88	50	126
0.75116998	0.0271249991	-1.47839999	88	50	126
0.749909997	0.0271840002	-1.48160005	88	50	126
0.748300016	0.0242929999	-1.47909999	88	50	126
0.748489976	0.0194850005	-1.47430003	88	50	126
0.739700019	0.0286200009	-1.48090005	88	50	126
0.741289973	0.0315480009	-1.48339999	88	50	126
0.735019982	0.0286769997	-1.48380005	88	50	126
0.756850004	0.0288459994	-1.49249995	88	50	126
0.754490018	0.0288750008	-1.49399996	88	50	126
0.752900004	0.0317200013	-1.4914	88	50	126
0.75632	0.0346670002	-1.49160004	88	50	126
0.755789995	0.0361180007	-1.49070001	88	50	126
0.74397999	0.0362970009	-1.49810004	88	50	126
0.740809977	0.0394250005	-1.50349998	88	50	126
0.737389982	0.0409119986	-1.50320005	88	50	126
0.734489977	0.0379320011	-1.50390005	88	50	126
0.731589973	0.0379469991	-1.50450003	88	50	126
0.732410014	0.0393449999	-1.50039995	88	50	126
0.732410014	0.0408350006	-1.50039995	88	50	126
0.732410014	0.0423149988	-1.50039995	88	50	126
0.73003	0.0423559994	-1.50179994	88	50	126
0.728179991	0.0424209982	-1.50409997	88	50	126
0.729210019	0.043974001	-1.50580001	88	50	126
0.729210019	0.0454990007	-1.50569999	88	50	126
0.731589973	0.0439319983	-1.5043	88	50	126
0.736570001	0.0440139994	-1.50709999	88	50	126
0.73627001	0.0456870012	-1.51199996	88	50	126
0.737309992	0.0472620018	-1.51359999	88	50	126
0.73834002	0.0488310009	-1.51530004	88	50	126
0.734910011	0.0488220006	-1.51499999	88	50	126
0.731480002	0.0488139987	-1.51479995	88	50	126
0.731480002	0.0472990014	-1.51479995	88	50	126
0.732320011	0.0471739992	-1.5108	88	50	126
0.73180002	0.0501369983	-1.50979996	88	50	126
0.729409993	0.0501849987	-1.51129997	88	50	126
0.733030021	0.0518409982	-1.51719999	88	50	126
0.735090017	0.0550570004	-1.52049994	88	50	126
0.725799978	0.0454900004	-1.50539994	88	50	126
0.72507	0.0393089987	-1.49899995	88	50	126
0.72744	0.0392710008	-1.49759996	88	50	126
0.724839985	0.0406420007	-1.49329996	88	50	126
0.722479999	0.0406810008	-1.49469995	88	50	126
0.724839985	0.0361840017	-1.49339998	88	50	126
0.725629985	0.0360869989	-1.48940003	88	50	126
0.731639981	0.0347229987	-1.49399996	88	50	126
0.731639981	0.0332489982	-1.49399996	88	50	126
0.732159972	0.0362170003	-1.49479997	88	50	126
0.734520018	0.0361820012	-1.49329996	88	50	126
0.733730018	0.0377659984	-1.49730003	88	50	126
0.734780014	0.0393069983	-1.49899995	88	50	126
0.73714	0.0377719998	-1.49759996	88	50	126
0.724330008	0.031521	-1.48210001	88	50	126
0.733870029	0.0381769985	-1.51359999	88	50	126
0.746580005	0.0472309999	-1.51259995	88	50	126
0.749490023	0.0472120009	-1.51199996	88	50	126
0.747389972	0.0455880016	-1.50870001	88	50	126
0.75187999	0.0426059999	-1.51069999	88	50	126
0.755859971	0.0426359996	-1.51170003	88	50	126
0.75345999	0.0457229987	-1.51310003	88	50	126
0.753989995	0.0472720005	-1.51390004	88	50	126
0.752120018	0.0427680016	-1.51639998	88	50	126
0.732079983	0.0209350009	-1.47399998	88	50	126
0.728699982	0.0209309999	-1.47370005	88	50	126
0.729439974	0.0194249991	-1.4698	88	50	126
0.726589978	0.0194329992	-1.47029996	88	50	126
0.728380024	0.0223670006	-1.46800005	88	50	126
0.729629993	0.0223190002	-1.46490002	88	50	126
0.729629993	0.0208059996	-1.46490002	88	50	126
0.730690002	0.0193830002	-1.46659994	88	50	126
0.731939971	0.0193419997	-1.46350002	88	50	126
0.731939971	0.0207860004	-1.46350002	88	50	126
0.732469976	0.0223099999	-1.46430004	88	50	126
0.734780014	0.0222880002	-1.46280003	88	50	126
0.733340025	0.0178260002	-1.45550001	88	50	126
0.729979992	0.0178229995	-1.45529997	88	50	126
0.728219986	0.0164630003	-1.4576	88	50	126
0.729279995	0.0151699996	-1.45930004	88	50	126
0.726450026	0.0164889991	-1.45990002	88	50	126
0.725390017	0.0151589997	-1.45819998	88	50	126
0.724150002	0.0165049993	-1.46130002	88	50	126
0.719020009	0.0165279992	-1.46329999	88	50	126
0.71954	0.0179309994	-1.4641	88	50	126
0.719020009	0.0193390008	-1.46329999	88	50	126
0.716709971	0.0193579998	-1.46469998	88	50	126
0.716189981	0.0179280005	-1.46389997	88	50	126
0.716709971	0.0165439993	-1.46469998	88	50	126
0.715439975	0.0152599998	-1.46790004	88	50	126
0.717530012	0.0166180003	-1.47130001	88	50	126
0.720380008	0.0224070009	-1.47060001	88	50	126
0.723219991	0.0223980006	-1.47000003	88	50	126
0.721639991	0.0208429992	-1.46749997	88	50	126
0.723429978	0.0223239996	-1.46519995	88	50	126
0.714919984	0.024092	-1.46689999	88	50	126
0.713129997	0.0241299998	-1.46920002	88	50	126
0.712090015	0.0254570004	-1.46739995	88	50	126
0.712090015	0.0269230008	-1.46739995	88	50	126
0.709249973	0.0241110008	-1.46800005	88	50	126
0.708209991	0.0223409999	-1.46630001	88	50	126
0.708729982	0.0208390001	-1.46720004	88	50	126
0.711049974	0.0193729997	-1.46580005	88	50	126
0.713349998	0.0193540007	-1.46440005	88	50	126
0.712830007	0.0179239996	-1.46360004	88	50	126
0.715139985	0.0207669996	-1.46210003	88	50	126
0.713349998	0.0223120004	-1.46440005	88	50	126
0.712610006	0.0208550002	-1.4684	88	50	126
0.714169979	0.022411	-1.47090006	88	50	126
0.712369978	0.027028	-1.47309995	88	50	126
0.707690001	0.0254219994	-1.46539998	88	50	126
0.71073997	0.0207380001	-1.46010005	88	50	126
0.708649993	0.011868	-1.45679998	88	50	126
0.702189982	0.00762820011	-1.45140004	88	50	126
0.701669991	0.0105109997	-1.45050001	88	50	126
0.700100005	0.0134699997	-1.44799995	88	50	126
0.702380002	0.0134570003	-1.44659996	88	50	126
0.700820029	0.00906219985	-1.44400001	88	50	126
0.698539972	0.00907090027	-1.4454	88	50	126
0.69749999	0.006329	-1.44369996	88	50	126
0.698019981	0.00481289998	-1.44459999	88	50	126
0.698199987	0.00316839991	-1.43980002	88	50	126
0.700469971	0.0031653	-1.43840003	88	50	126
0.701680005	0.00186740002	-1.43529999	88	50	126
0.70393002	0.00477730017	-1.4339	88	50	126
0.701680005	0.00900730025	-1.43529999	88	50	126
0.698899984	0.00629439997	-1.43589997	88	50	126
0.70551002	0.00901450031	-1.43649995	88	50	126
0.72299999	0.0242229998	-1.47479999	88	50	126
0.731019974	0.0270109996	-1.47220004	88	50	126
0.763549984	0.0458890013	-1.51859999	88	50	126
0.769140005	0.0459970012	-1.52219999	88	50	126
0.769840002	0.0333199985	-1.49720001	88	50	126
0.812730014	0.0351190008	-1.51100004	88	50	126
0.81724	0.0274720006	-1.49730003	88	50	126
0.819599986	0.0274429992	-1.4957	88	50	126
0.823090017	0.0259489994	-1.49580002	88	50	126
0.822529972	0.0245539993	-1.495	88	50	126
0.815119982	0.0258329995	-1.48909998	88	50	126
0.812770009	0.0258610006	-1.49070001	88	50	126
0.82385999	0.0182099994	-1.48689997	88	50	126
0.872640014	0.0500200018	-1.55219996	88	50	126
0.872640014	0.0484680012	-1.55219996	88	50	126
0.874339998	0.0516240001	-1.5546	88	50	126
0.878310025	0.0533140004	-1.56029999	88	50	126
0.87944001	0.0549319983	-1.56190002	88	50	126
0.879779994	0.0567639992	-1.56770003	88	50	126
0.87729001	0.0599940009	-1.56930006	88	50	126
0.872550011	0.0599320009	-1.56770003	88	50	126
0.872860014	0.0617079996	-1.57340002	88	50	126
0.87342	0.0632729977	-1.57420003	88	50	126
0.878170013	0.0633379966	-1.57579994	88	50	126
0.878170013	0.0618029982	-1.57589996	88	50	126
0.88124001	0.0617690012	-1.57500005	88	50	126
0.884869993	0.0632999986	-1.57490003	88	50	126
0.884299994	0.0664549991	-1.57389998	88	50	126
0.885999978	0.0681660026	-1.57630002	88	50	126
0.888499975	0.0680920035	-1.57459998	88	50	126
0.88793999	0.0664519966	-1.57389998	88	50	126
0.886560023	0.0649769977	-1.57729995	88	50	126
0.884050012	0.0634690002	-1.57910001	88	50	126
0.88124001	0.0680970028	-1.5747	88	50	126
0.878729999	0.068171002	-1.57640004	88	50	126
0.877910018	0.0683519989	-1.58060002	88	50	126
0.874830008	0.0683889985	-1.58150005	88	50	126
0.872319996	0.0684619993	-1.58319998	88	50	126
0.869239986	0.0684989989	-1.58399999	88	50	126
0.869239986	0.0717270002	-1.58389997	88	50	126
0.870909989	0.0702129975	-1.58650005	88	50	126
0.873989999	0.0701749995	-1.58560002	88	50	126
0.872870028	0.0717260018	-1.58389997	88	50	126
0.87707001	0.071762003	-1.58469999	88	50	126
0.879589975	0.0716850013	-1.58299994	88	50	126
0.879310012	0.0702840015	-1.58800006	88	50	126
0.882390022	0.0702449977	-1.58720005	88	50	126
0.886039972	0.0702420026	-1.58710003	88	50	126
0.887160003	0.0719449967	-1.58870006	88	50	126
0.888559997	0.0701659992	-1.58539999	88	50	126
0.891650021	0.0701270029	-1.58449996	88	50	126
0.894469976	0.0719380006	-1.58850002	88	50	126
0.895039976	0.0736259967	-1.58930004	88	50	126
0.891939998	0.0736680031	-1.59019995	88	50	126
0.891939998	0.0720160007	-1.59029996	88	50	126
0.892509997	0.0753329992	-1.59089994	88	50	126
0.891659975	0.0755319968	-1.59510005	88	50	126
0.891659975	0.0771469995	-1.59510005	88	50	126
0.89222002	0.0787450001	-1.59580004	88	50	126
0.895319998	0.0786999986	-1.59490001	88	50	126
0.894760013	0.0771040022	-1.59420002	88	50	126
0.897300005	0.0770199969	-1.59239995	88	50	126
0.897300005	0.0754069984	-1.59249997	88	50	126
0.899829984	0.0753249973	-1.59080005	88	50	126
0.899829984	0.0769359991	-1.59070003	88	50	126
0.898699999	0.0736220032	-1.58920002	88	50	126
0.898699999	0.0719719976	-1.58930004	88	50	126
0.901229978	0.0702650025	-1.58759999	88	50	126
0.904320002	0.070224002	-1.58669996	88	50	126
0.904320002	0.0718510002	-1.58659995	88	50	126
0.907410026	0.0718090013	-1.58570004	88	50	126
0.906840026	0.0701470003	-1.58500004	88	50	126
0.906840026	0.0685420036	-1.58500004	88	50	126
0.905130029	0.0668229982	-1.5826	88	50	126
0.903180003	0.0669310018	-1.58519995	88	50	126
0.898949981	0.0669	-1.58449996	88	50	126
0.895299971	0.0652789995	-1.58459997	88	50	126
0.896679997	0.0651400015	-1.5812	88	50	126
0.892470002	0.0635289997	-1.58060002	88	50	126
0.891569972	0.0632620007	-1.57389998	88	50	126
0.890439987	0.0616640002	-1.57229996	88	50	126
0.890439987	0.0601130016	-1.57239997	88	50	126
0.891569972	0.0586020015	-1.57410002	88	50	126
0.895780027	0.0586300008	-1.57480001	88	50	126
0.897140026	0.0616250001	-1.57130003	88	50	126
0.892929971	0.0615970008	-1.57060003	88	50	126
0.891789973	0.0599839985	-1.56900001	88	50	126
0.89428997	0.0599180013	-1.56729996	88	50	126
0.892929971	0.064695999	-1.57050002	88	50	126
0.89270997	0.0681240037	-1.57539999	88	50	126
0.897490025	0.0681909993	-1.57690001	88	50	126
0.899990022	0.0648960024	-1.57529998	88	50	126
0.902849972	0.0634860024	-1.57949996	88	50	126
0.900900006	0.0635889992	-1.58200002	88	50	126
0.890770018	0.0571499988	-1.5783	88	50	126
0.904060006	0.0720790029	-1.59169996	88	50	126
0.902100027	0.0705600008	-1.59430003	88	50	126
0.906899989	0.0739220008	-1.59570003	88	50	126
0.909439981	0.0738409981	-1.59389997	88	50	126
0.91426003	0.0739120021	-1.59549999	88	50	126
0.914830029	0.0755819976	-1.59619999	88	50	126
0.915970027	0.0772780031	-1.59780002	88	50	126
0.913429976	0.0757440031	-1.59959996	88	50	126
0.911450028	0.0758659989	-1.60220003	88	50	126
0.911719978	0.0772439986	-1.59710002	88	50	126
0.90662998	0.0789759979	-1.60049999	88	50	126
0.904640019	0.0791030005	-1.60309994	88	50	126
0.904630005	0.0770109966	-1.59230006	88	50	126
0.914279997	0.0792549998	-1.60619998	88	50	126
0.919120014	0.0793299973	-1.60769999	88	50	126
0.925670028	0.0795250013	-1.61160004	88	50	126
0.893350005	0.074014999	-1.5977	88	50	126
0.890799999	0.0740950033	-1.59940004	88	50	126
0.890799999	0.0757310018	-1.59940004	88	50	126
0.890240014	0.0773100033	-1.5984	88	50	126
0.890240014	0.0788709968	-1.5984	88	50	126
0.887690008	0.0773940012	-1.60020006	88	50	126
0.888249993	0.0758130029	-1.60109997	88	50	126
0.886820018	0.0759719983	-1.60440004	88	50	126
0.889370024	0.0790779963	-1.60259998	88	50	126
0.888490021	0.0792860016	-1.60679996	88	50	126
0.880919993	0.0790020004	-1.60099995	88	50	126
0.877260029	0.0790039971	-1.60109997	88	50	126
0.877590001	0.0755819976	-1.59619999	88	50	126
0.877590001	0.0739490017	-1.59630001	88	50	126
0.877030015	0.0771579966	-1.59529996	88	50	126
0.879570007	0.0770749971	-1.59360003	88	50	126
0.882659972	0.0737909973	-1.59290004	88	50	126
0.882910013	0.0740619972	-1.59870005	88	50	126
0.873380005	0.0739120021	-1.59549999	88	50	126
0.872020006	0.0654319972	-1.58829999	88	50	126
0.870350003	0.0637440011	-1.58589995	88	50	126
0.870090008	0.0650890023	-1.58000004	88	50	126
0.869530022	0.0666740015	-1.57910001	88	50	126
0.864499986	0.0684280023	-1.58239996	88	50	126
0.863390028	0.0715780035	-1.58060002	88	50	126
0.860880017	0.0716539994	-1.58229995	88	50	126
0.863950014	0.0635769963	-1.58179998	88	50	126
0.883260012	0.0501759984	-1.55700004	88	50	126
0.886300027	0.0501470007	-1.55610001	88	50	126
0.885150015	0.0485399999	-1.55449998	88	50	126
0.885150015	0.0546649992	-1.55429995	88	50	126
0.857840002	0.0695889965	-1.57239997	88	50	126
0.850920022	0.0693679973	-1.56739998	88	50	126
0.848420024	0.0694409981	-1.56900001	88	50	126
0.846220016	0.0629419982	-1.56589997	88	50	126
0.843180001	0.0629739985	-1.5668	88	50	126
0.842909992	0.0581200011	-1.56110001	88	50	126
0.851180017	0.0601579994	-1.57360005	88	50	126
0.843360007	0.0789199993	-1.59940004	88	50	126
0.846430004	0.0529799983	-1.55050004	88	50	126
0.845879972	0.0514630005	-1.54980004	88	50	126
0.843970001	0.0530360006	-1.55219996	88	50	126
0.842859983	0.0484189987	-1.55069995	88	50	126
0.79835999	0.0784550011	-1.58990002	88	50	126
0.754920006	0.0724520013	-1.56389999	88	50	126
0.755850017	0.0603250004	-1.53820002	88	50	126
0.755850017	0.0588070005	-1.53820002	88	50	126
0.755330026	0.0572380014	-1.53740001	88	50	126
0.757759988	0.0571819991	-1.53600001	88	50	126
0.757759988	0.0556170009	-1.53600001	88	50	126
0.760720015	0.055594001	-1.53540003	88	50	126
0.76177001	0.0572220013	-1.53699994	88	50	126
0.758809984	0.0587829985	-1.53760004	88	50	126
0.759329975	0.0603329986	-1.53840005	88	50	126
0.749769986	0.0539459996	-1.53390002	88	50	126
0.744750023	0.0538479984	-1.53110003	88	50	126
0.744229972	0.0569659993	-1.53009999	88	50	126
0.738349974	0.0585419983	-1.53129995	88	50	126
0.776560009	0.02874	-1.48699999	88	50	126
0.803910017	0.0137	-1.4727	88	50	126
0.80734998	0.0153109999	-1.47280002	88	50	126
0.813619971	0.015354	-1.477	88	50	126
0.814180017	0.0166919995	-1.47780001	88	50	126
0.816510022	0.0166740008	-1.47619998	88	50	126
0.819459975	0.01198	-1.47060001	88	50	126
0.819459975	0.00772910006	-1.47060001	88	50	126
0.823520005	0.00920359977	-1.46659994	88	50	126
0.796549976	0.0106300004	-1.46689999	88	50	126
0.790889978	0.00769140013	-1.46350002	88	50	126
0.789770007	0.0105929999	-1.46179998	88	50	126
0.786360025	0.0105919996	-1.46169996	88	50	126
0.777230024	0.0106009999	-1.46290004	88	50	126
0.77601999	0.0119439997	-1.46609998	88	50	126
0.774919987	0.0136230001	-1.46440005	88	50	126
0.793299973	0.00911310036	-1.45220006	88	50	126
0.768869996	0.0105459997	-1.45529997	88	50	126
0.766569972	0.0105569996	-1.45679998	88	50	126
0.76372999	0.0105609996	-1.45749998	88	50	126
0.76372999	0.0118730003	-1.45739996	88	50	126
0.760890007	0.0118779996	-1.45809996	88	50	126
0.743149996	0.001881	-1.44579995	88	50	126
0.743250012	0.000441709999	-1.44099998	88	50	126
0.741699994	0.000439460011	-1.43359995	88	50	126
0.742609978	0.0090677999	-1.44490004	88	50	126
0.739250004	0.00906649977	-1.4447	88	50	126
0.736980021	0.00907559972	-1.44620001	88	50	126
0.737519979	0.00760510005	-1.44700003	88	50	126
